YEAR MONTH PRCP TMAX TMIN TAVG ET DIF
2000 1 150.1 1.37 -8.99 -3.81 16.19 10.36
2000 2 115.62 1.42 -9.89 -4.23 19.29 11.31
2000 3 91.36 5.33 -5.68 -0.17 38.14 11.01
2000 4 130.6 13.58 0.76 7.17 77.06 12.82
2000 5 53.91 19.49 5.6 12.55 122.69 13.89
2000 6 82.85 24.28 10.4 17.34 152.01 13.88
2000 7 35.56 27.71 13.68 20.69 174.87 14.04
2000 8 67.52 27.66 14.07 20.87 160.16 13.59
2000 9 89.28 22.08 9.66 15.87 108.41 12.41
2000 10 39.15 17.31 2.01 9.66 77.35 15.3
2000 11 94.95 9.6 -1.65 3.98 35.6 11.25
2000 12 75.63 1.16 -8.64 -3.74 16.48 9.8
2001 1 94.92 0.95 -9.57 -4.31 15.72 10.51
2001 2 56.7 1.61 -10.59 -4.49 19.66 12.2
2001 3 298.15 6.09 -4.78 0.65 39.68 10.87
2001 4 119.86 10.16 -0.12 5.02 63.05 10.28
2001 5 132.77 19.07 6.42 12.75 117.85 12.65
2001 6 105.55 24.88 12.01 18.45 150.96 12.87
2001 7 82.79 27.03 13.6 20.32 169.4 13.44
2001 8 74.06 26.62 13.06 19.84 155.79 13.56
2001 9 27.21 22.37 6.56 14.46 117.26 15.81
2001 10 85.12 15.93 3.49 9.71 69.88 12.44
2001 11 113.4 10.24 -0.77 4.73 36.44 11.02
2001 12 97.21 0.19 -10 -4.91 15.41 10.19
2002 1 122.26 -0.15 -9.96 -5.06 14.34 9.81
2002 2 69.86 1.11 -10.8 -4.84 18.9 11.9
2002 3 112.46 6.09 -4.8 0.65 39.68 10.88
2002 4 90.53 13.15 0.56 6.86 75.4 12.59
2002 5 100.93 21.14 5.31 13.22 133.88 15.83
2002 6 120.3 24.34 10.63 17.49 151.75 13.72
2002 7 65.6 27.53 13.15 20.34 175.37 14.38
2002 8 69.91 26.75 12.98 19.87 157.04 13.77
2002 9 22.9 23.21 8.27 15.74 118.5 14.94
2002 10 32.16 17.5 2.23 9.87 77.85 15.27
2002 11 62.94 9.54 -1.56 3.99 35.38 11.1
2002 12 58.68 1.51 -9.32 -3.91 17.13 10.84
2003 1 33.23 0.17 -11.95 -5.89 14.9 12.11
2003 2 111.57 1.28 -8.45 -3.59 19.41 9.73
2003 3 81.95 4.77 -5.64 -0.44 36.94 10.41
2003 4 88.88 13.96 1.11 7.53 78.88 12.84
2003 5 111.32 20.77 6.04 13.41 130.57 14.73
2003 6 98.74 23.5 10.22 16.86 146.89 13.28
2003 7 133.2 27.08 13.87 20.47 168.46 13.2
2003 8 87.06 26.21 12.29 19.25 154.71 13.92
2003 9 62.49 22.84 8.84 15.84 114.16 13.99
2003 10 104.16 15.82 3.17 9.5 69.18 12.65
2003 11 37.32 12.03 -0.93 5.55 40.48 12.96
2003 12 148.05 3.86 -6.11 -1.12 19.59 9.97
2004 1 57.16 0.48 -10.16 -4.84 15.19 10.64
2004 2 69.84 3.69 -9.31 -2.81 22.85 13
2004 3 48.26 4.66 -7.49 -1.42 37.23 12.15
2004 4 134.98 14.94 1.37 8.15 82.37 13.57
2004 5 108.32 20.12 6.32 13.22 125.01 13.8
2004 6 29.8 25.58 11.22 18.4 159.29 14.36
2004 7 59.55 27.09 13.34 20.21 170.9 13.75
2004 8 111.38 25.85 12.8 19.33 150.75 13.06
2004 9 105.61 22.04 9.91 15.97 107.48 12.12
2004 10 241.14 16.05 4.18 10.11 69.24 11.87
2004 11 111.08 10.2 -1.3 4.45 36.76 11.49
2004 12 86.4 1.85 -8.52 -3.33 17.44 10.37
2005 1 91.34 0.56 -10.65 -5.04 15.35 11.21
2005 2 45.52 1.29 -10.47 -4.59 19.15 11.76
2005 3 143.03 6.23 -5.77 0.23 40.73 12.01
2005 4 148.01 12.47 0.81 6.64 71.9 11.66
2005 5 39.22 19.5 4.22 11.86 125.74 15.28
2005 6 47.38 25.77 11.67 18.72 159.22 14.1
2005 7 119.06 26.98 14.94 20.96 163.06 12.04
2005 8 65.61 25.95 12.09 19.02 154.06 13.86
2005 9 88.58 22.71 8.91 15.81 114.11 13.8
2005 10 68.21 16.15 2.68 9.41 71.92 13.47
2005 11 122.77 8.53 -2.84 2.84 33.92 11.37
2005 12 47.02 0.27 -9.34 -4.53 15.4 9.61
2006 1 90.59 0.39 -10.14 -4.88 15.07 10.53
2006 2 110.21 1.17 -11.07 -4.95 19.01 12.24
2006 3 154.98 5.11 -5.43 -0.16 37.33 10.53
2006 4 43.03 11.96 -0.69 5.63 71.82 12.65
2006 5 85.02 21.04 6.39 13.71 130.84 14.65
2006 6 96.8 23.87 11.34 17.6 145.5 12.53
2006 7 61.67 27.52 13.38 20.45 174.38 14.14
2006 8 10.08 26.24 12.22 19.23 155.82 14.02
2006 9 165.31 22.49 8.46 15.47 113.9 14.03
2006 10 86.02 18.04 3.29 10.66 78.72 14.75
2006 11 42.72 10.17 -2.15 4.01 37.31 12.32
2006 12 37.64 2.06 -9.06 -3.5 17.86 11.12
2007 1 47.44 -0.48 -12.08 -6.28 14.1 11.6
2007 2 74.73 1.29 -10.45 -4.58 19.84 11.74
2007 3 85.97 6.46 -5.12 0.67 41.45 11.58
2007 4 51.41 13.5 -0.43 6.53 78.9 13.93
2007 5 66.61 20.31 5.78 13.05 128.16 14.53
2007 6 147 24.23 11.48 17.86 148.08 12.75
2007 7 122.39 28.29 15.16 21.73 173.47 13.13
2007 8 149.43 25.34 12.3 18.82 147.98 13.04
2007 9 81.99 22.15 7.47 14.81 113.32 14.67
2007 10 77.32 16.9 3.32 10.11 73.28 13.58
2007 11 112.86 10.05 -1.9 4.07 36.41 11.95
2007 12 158.85 4.52 -6.34 -0.91 20.7 10.85
2008 1 103.16 -0.79 -11.94 -6.37 13.72 11.16
2008 2 36.34 -0.04 -11.5 -5.77 17.22 11.45
2008 3 61.98 5.6 -6.73 -0.56 39.46 12.33
2008 4 34.57 14.35 0.36 7.35 81.08 14
2008 5 92.91 21 7.06 14.03 128.89 13.94
2008 6 73.72 24.43 9.8 17.12 155.11 14.64
2008 7 46.1 27.57 13.41 20.49 174.73 14.16
2008 8 98.14 26.13 13.05 19.59 151.94 13.08
2008 9 142.83 22.11 9.02 15.56 110.34 13.09
2008 10 6.43 18.79 3.33 11.06 81.73 15.46
2008 11 117.76 10.47 -0.57 4.95 36.84 11.04
2008 12 42.22 2.86 -6.65 -1.89 18.37 9.51
2009 1 51.38 0.56 -10.08 -4.76 15.29 10.64
2009 2 191.55 2.27 -8.31 -3.02 20.32 10.58
2009 3 100.64 5.15 -5.46 -0.16 37.48 10.61
2009 4 87.56 13.21 1.16 7.18 74.72 12.05
2009 5 46.52 19.35 4.98 12.16 123.2 14.37
2009 6 29.09 25.63 11.16 18.39 159.82 14.46
2009 7 41.52 27.94 13.72 20.83 176.62 14.22
2009 8 132.97 26.84 13.28 20.06 156.63 13.56
2009 9 113.58 22.36 8.26 15.31 113.66 14.1
2009 10 83.03 17.69 3.87 10.78 76.51 13.82
2009 11 167.46 9.01 -0.68 4.16 33.32 9.69
2009 12 26.59 0.44 -9.36 -4.46 15.63 9.79
2010 1 28.13 -0.92 -11.15 -6.04 13.51 10.22
2010 2 89.26 1.53 -9.9 -4.19 19.46 11.43
2010 3 191.78 6.88 -3.45 1.71 40.88 10.33
2010 4 108.52 14.4 1.3 7.85 80 13.1
2010 5 94.55 19.11 5.49 12.3 120.49 13.62
2010 6 91.49 24.79 10.32 17.56 156.15 14.47
2010 7 38.53 28.01 13.78 20.9 177.02 14.23
2010 8 60.08 26.77 11.79 19.28 161.29 14.98
2010 9 205.61 22.67 9.71 16.19 111.8 12.95
2010 10 82.12 16.84 4.01 10.43 72.82 12.83
2010 11 84.05 8.22 -2.45 2.89 32.92 10.67
2010 12 76.22 2.17 -6.79 -2.31 17.36 8.96
2011 1 39 -0.64 -12.25 -6.45 13.9 11.61
2011 2 93 2.18 -8.22 -3.02 20.87 10.4
2011 3 84.41 5.47 -4.77 0.35 38.32 10.24
2011 4 65.05 14.69 1.3 8 82.01 13.39
2011 5 128.46 20.5 6.91 13.7 126.57 13.59
2011 6 45.58 23.8 11.33 17.57 145.26 12.47
2011 7 71.54 28.43 15.13 21.78 174.88 13.31
2011 8 92.04 26.35 14.26 20.3 148.28 12.09
2011 9 98.77 20.43 8.29 14.36 101.67 12.14
2011 10 85.93 17.91 3.55 10.73 77.02 14.36
2011 11 90.52 9.7 -0.09 4.8 34.06 9.79
2011 12 98.25 2.75 -7.43 -2.34 18.36 10.18
2012 1 75.6 0.27 -10.46 -5.1 14.95 10.73
2012 2 87.51 1.08 -11.27 -5.09 18.88 12.35
2012 3 104.54 6.68 -4.06 1.31 40.83 10.74
2012 4 51.03 13.41 -0.16 6.62 77.51 13.57
2012 5 60.49 20.61 6.79 13.7 126.99 13.81
2012 6 128.64 24.51 11.39 17.95 150.4 13.13
2012 7 79.17 26.97 14.27 20.62 166.01 12.7
2012 8 112.25 27 14.01 20.51 155.17 12.99
2012 9 70.09 22.44 8.92 15.68 112.53 13.52
2012 10 104.45 16.05 3.85 9.95 69.81 12.2
2012 11 160.4 9.45 -0.7 4.37 34.42 10.15
2012 12 67.84 2.36 -7.68 -2.66 17.96 10.04
2013 1 126.05 0.96 -9.94 -4.49 15.79 10.9
2013 2 71.61 3.33 -7.57 -2.12 21.89 10.9
2013 3 78.52 6.84 -4.59 1.12 41.7 11.43
2013 4 56.56 13.64 0.6 7.12 77.54 13.04
2013 5 60.67 20.3 7.11 13.7 124.09 13.19
2013 6 49.42 24.98 11.27 18.13 154.48 13.71
2013 7 24.91 27.48 13.89 20.68 172.02 13.59
2013 8 80.41 27.2 13.53 20.36 158.57 13.67
2013 9 132.09 23.29 9.94 16.61 114.9 13.35
2013 10 42.13 16.78 3.15 9.96 73.81 13.63
2013 11 93.46 10.84 -1.83 4.5 38.69 12.67
2013 12 31.71 2.65 -6.59 -1.97 18.02 9.24
2014 1 114.42 -0.65 -10.85 -5.75 13.83 10.2
2014 2 75.99 0.71 -11.67 -5.48 18.33 12.38
2014 3 200.25 7.11 -3.02 2.05 41.17 10.12
2014 4 65.23 15.22 0.6 7.91 84.71 14.62
2014 5 38.36 19.31 4.56 11.94 123.89 14.75
2014 6 78.49 26.23 13.06 19.64 157.77 13.17
2014 7 119.24 27.51 14.59 21.05 169.36 12.93
2014 8 70.29 26.6 13.15 19.87 155.26 13.45
2014 9 91.03 22.99 10.15 16.57 112.57 12.84
2014 10 64.5 17.59 3.02 10.31 77.27 14.57
2014 11 66.18 8.81 -3.3 2.76 34.85 12.11
2014 12 90.49 2.8 -7.39 -2.29 18.54 10.19
2015 1 135.25 1.49 -8.63 -3.57 16.27 10.12
2015 2 115.61 1.83 -10.61 -4.39 20.71 12.44
2015 3 32.65 5.15 -6.41 -0.63 38.52 11.57
2015 4 136.94 14.34 1.32 7.83 80.35 13.02
2015 5 58.59 19.02 5.24 12.13 121.07 13.77
2015 6 115.63 25.09 12.41 18.75 151.42 12.69
2015 7 93.42 28.05 14.67 21.36 173.56 13.39
2015 8 122.02 25.69 12.99 19.34 148.15 12.7
2015 9 116.75 22.55 9.56 16.06 110.71 12.99
2015 10 79.34 17.04 4.94 10.99 71.36 12.1
2015 11 106.53 9.8 -2.23 3.79 36.06 12.03
2015 12 174.52 1.53 -7.89 -3.18 16.7 9.42
2016 1 86.78 1.66 -7.8 -3.07 16.28 9.46
2016 2 79.72 2.83 -9.24 -3.2 21.43 12.06
2016 3 66.51 4.34 -6.13 -0.9 35.66 10.47
2016 4 37.54 14.91 1.46 8.18 82.12 13.45
2016 5 109.3 19.78 6.31 13.05 122.82 13.48
2016 6 106.77 24.3 11.31 17.81 149.02 12.99
2016 7 64.42 28.29 13.92 21.11 178.82 14.37
2016 8 140.11 27.73 14.29 21.01 159.89 13.44
2016 9 288.68 22.36 10.83 16.6 106.77 11.53
2016 10 172.38 17.16 4.86 11.01 72.74 12.29
2016 11 30.86 8.88 -3.89 2.5 35.34 12.77
2016 12 75.18 3.08 -5.99 -1.45 18.43 9.07
2017 1 92.29 0.45 -10.81 -5.18 15.22 11.26
2017 2 83.61 2.37 -9.03 -3.33 20.65 11.4
2017 3 75.18 5.37 -5.76 -0.2 38.28 11.12
2017 4 33.55 13 0.07 6.53 75.38 12.93
2017 5 65.98 19.61 4.66 12.13 125.54 14.95
2017 6 125.83 24.42 11.65 18.04 148.69 12.77
2017 7 81.26 27.12 14.95 21.04 164.3 12.17
2017 8 154.85 25.4 12.05 18.72 149.98 13.35
2017 9 34.72 23.61 8.11 15.86 121.13 15.5
2017 10 95.16 17.55 3.77 10.66 76.09 13.78
2017 11 87.62 10.53 -1.02 4.75 37.35 11.55
2017 12 239.5 4.18 -4.94 -0.38 19.7 9.12
2018 1 115.74 -0.77 -11.93 -6.35 13.75 11.16
2018 2 109.74 1.19 -10.33 -4.57 18.98 11.52
2018 3 88.01 4.58 -6.4 -0.91 36.5 10.99
2018 4 122.24 13.87 1.08 7.48 77.89 12.79
2018 5 86.11 20.05 5.83 12.94 125.74 14.22
2018 6 82.27 24.73 10.49 17.61 155.11 14.23
2018 7 70.37 27.31 13.75 20.53 171.15 13.56
2018 8 114.26 25.93 12.98 19.45 150.62 12.94
2018 9 125.68 24.03 10.86 17.45 116.92 13.17
2018 10 74.91 14.92 2.31 8.62 67.57 12.62
2018 11 126.03 10.39 -2.05 4.17 37.77 12.45
2018 12 19.44 0.47 -10.06 -4.8 15.8 10.53
2019 1 99.52 -0.17 -11.38 -5.78 14.46 11.21
2019 2 114.01 2.66 -8.07 -2.7 21.66 10.74
2019 3 58.7 5.05 -6.68 -0.82 38.37 11.73
2019 4 47.15 13.26 -0.49 6.39 77.91 13.75
2019 5 126.88 18.7 5.34 12.02 118.77 13.35
2019 6 83.36 23.4 10.13 16.76 146.43 13.27
2019 7 95.95 28.73 13.96 21.34 182.17 14.76
2019 8 130.68 25.09 12.27 18.68 146.18 12.82
2019 9 121.95 22.21 9.04 15.62 110.03 13.17
2019 10 141.08 16.5 3.29 9.9 71.73 13.21
2019 11 81.02 8.7 -1.34 3.68 32.77 10.04
2019 12 152.63 2.85 -7.17 -2.16 18.42 10.02
2020 1 78.15 0.18 -9.77 -4.79 14.74 9.95
2020 2 86.49 3.23 -8.89 -2.83 22.03 12.12
2020 3 78.71 5.27 -7.31 -1.02 38.81 12.58
2020 4 133.42 13.72 0.3 7.01 78.31 13.42
2020 5 150.46 19.48 5.34 12.41 123.23 14.14
2020 6 84.99 24.75 10.87 17.81 154.05 13.88
2020 7 118.79 26.94 13.69 20.32 168.26 13.25
2020 8 126.54 25.92 13.18 19.55 149.79 12.74
2020 9 75.26 24.23 10.6 17.42 118.82 13.63
2020 10 35.08 15.87 2.65 9.26 70.84 13.22
2020 11 114.96 8.69 -2.44 3.12 34.02 11.14
2020 12 80.07 1.79 -8.47 -3.34 17.35 10.26
2021 1 65.93 0.07 -11.03 -5.48 14.75 11.1
2021 2 89.31 1.08 -10.38 -4.65 18.82 11.46
2021 3 60.94 5.78 -4.68 0.55 38.69 10.46
2021 4 32.16 13.89 0.25 7.07 79.14 13.64
2021 5 71.23 19.4 5.2 12.3 123.03 14.2
2021 6 27.25 25.33 9.72 17.52 162.04 15.61
2021 7 56.79 28.08 13.93 21 177.01 14.15
2021 8 56.96 26.17 12.03 19.1 155.89 14.14
2021 9 347.66 20.86 9.69 15.27 101.01 11.17
2021 10 217.02 16.2 3.1 9.65 71.56 13.1
2021 11 127.05 9.99 -1.41 4.29 36.36 11.41
2021 12 74.82 2.79 -8.01 -2.61 18.7 10.8
2022 1 28.83 -1.55 -11.23 -6.39 12.75 9.68
2022 2 136.71 1.71 -9.72 -4.01 19.71 11.43
2022 3 72.89 6.05 -4.31 0.87 39.19 10.36
2022 4 138.09 13.65 0.88 7.26 77.17 12.77
2022 5 86.98 19.11 5.87 12.49 119.56 13.24
2022 6 175.91 25.08 11.9 18.49 152.99 13.18
2022 7 122.25 27.46 13.73 20.59 172.49 13.73
2022 8 146.6 26.67 13.88 20.27 153.04 12.79
2022 9 40.34 23.5 8.08 15.79 120.54 15.42
2022 10 75.89 16.69 3.59 10.14 72.82 13.1
2022 11 127.63 7.68 -2.68 2.5 31.83 10.36
2022 12 243.79 2.27 -6 -1.86 17.16 8.27
2023 1 39.88 -0.17 -12.13 -6.15 14.47 11.96
2023 2 66.18 1.15 -10.44 -4.65 19.6 11.58
2023 3 57.62 5.02 -6.54 -0.76 38.2 11.56
2023 4 77.28 13.15 -0.3 6.42 77.21 13.46
2023 5 58.08 19.3 5.17 12.23 123.07 14.13
2023 6 43.95 26.07 12.2 19.13 159.97 13.87
2023 7 85.59 26.78 13.12 19.95 169 13.66
2023 8 198.27 26.66 13.21 19.94 154.86 13.44
2023 9 107.48 23.39 9.21 16.3 116.5 14.18
2023 10 82.43 18.19 3.67 10.93 78.02 14.52
2023 11 96.76 9.36 -2.14 3.61 34.96 11.5
2023 12 37.38 1.91 -7.92 -3.01 17.25 9.83
2024 1 34.3 -0.35 -12.68 -6.52 14.24 12.33
2024 2 104.82 3.14 -9.08 -2.97 21.92 12.22
2024 3 83.52 6 -5.23 0.38 39.73 11.23
2024 4 115.78 11.71 -0.52 5.6 70.52 12.23
2024 5 12.66 21.72 5.78 13.75 136.64 15.94
2024 6 36.34 24.61 10.65 17.63 153.7 13.96
2024 7 45.79 27.12 13.72 20.43 169.66 13.4
2024 8 49.56 26.77 11.86 19.32 161.07 14.91
2024 9 182.32 22.01 8.81 15.41 110.28 13.2
2024 10 116.71 16.81 4.93 10.87 71.15 11.88
2024 11 122.81 9.62 -2.51 3.56 36.25 12.13
2024 12 56.26 3.12 -6.77 -1.82 18.82 9.89
2025 1 68.57 2.28 -9.51 -3.62 17.51 11.8
2025 2 59.18 1.83 -10.2 -4.19 19.96 12.03
2025 3 74.23 5.96 -5.28 0.34 39.65 11.24
2025 4 44.36 14.08 -0.12 6.98 80.45 14.19
2025 5 130.85 19.12 6.23 12.67 118.65 12.88
2025 6 145.98 24.51 10.52 17.52 153.35 13.99
2025 7 64.28 27.35 13.87 20.61 170.97 13.48
2025 8 108.76 26.24 12.7 19.47 154.11 13.54
2025 9 90.74 20.95 7.88 14.42 106.43 13.07
2025 10 72.31 18.17 4.49 11.33 77.6 13.68
2025 11 54.69 10.88 -0.6 5.14 37.87 11.48
2025 12 80.32 1.87 -7.91 -3.02 17.31 9.78
2026 1 8.83 -0.24 -12.43 -6.33 14.39 12.19
2026 2 60.85 0.44 -11.71 -5.63 17.93 12.15
2026 3 43.71 4.46 -7.36 -1.45 36.64 11.82
2026 4 78.23 13.54 0.47 7 77.28 13.08
2026 5 56.35 19.93 6.07 13 124.36 13.86
2026 6 123.77 25.9 11.58 18.74 160.5 14.31
2026 7 64.16 26.08 13.43 19.75 161.92 12.65
2026 8 66.52 25.97 11.82 18.9 155.12 14.15
2026 9 71.41 23.25 9.33 16.29 116.24 13.92
2026 10 106.7 16.28 4.18 10.23 70.21 12.1
2026 11 263.85 10.05 -0.26 4.9 35.5 10.3
2026 12 114.46 3.32 -6.8 -1.74 19.13 10.12
2027 1 83.68 -0.17 -10.03 -5.1 14.33 9.86
2027 2 46.7 2.28 -9.79 -3.76 21.37 12.08
2027 3 101.32 5.33 -6.45 -0.56 39.03 11.78
2027 4 206.26 12.76 1.16 6.96 73.25 11.6
2027 5 67.29 20.94 5.81 13.37 132.16 15.13
2027 6 32.28 24.29 9.92 17.11 153.94 14.38
2027 7 116.78 28.64 15.16 21.9 176.57 13.48
2027 8 241.02 25.74 13.61 19.68 146.11 12.13
2027 9 60.44 21.72 7.71 14.72 110.41 14.01
2027 10 171.03 15.81 3.09 9.45 69.24 12.72
2027 11 120.74 9.86 -0.85 4.5 35.15 10.71
2027 12 134.84 3.64 -5.92 -1.14 19.16 9.56
2028 1 102.36 2.17 -9.11 -3.47 17.3 11.28
2028 2 95.61 2.1 -9.38 -3.64 20.29 11.48
2028 3 147.53 6.12 -3.78 1.17 38.91 9.9
2028 4 141.05 13.04 0.88 6.96 74.39 12.16
2028 5 136.55 18.11 5.41 11.76 114.28 12.7
2028 6 96.61 26.14 12.18 19.16 160.33 13.96
2028 7 67.48 27.04 12.85 19.95 172.43 14.19
2028 8 77.17 26.63 12.83 19.73 156.68 13.8
2028 9 57.9 23.02 8.8 15.91 116.2 14.22
2028 10 104.61 15.51 2.95 9.23 68.99 12.56
2028 11 102.77 8.46 -1.65 3.41 32.85 10.11
2028 12 99.18 1.36 -8.7 -3.67 16.79 10.06
2029 1 53.48 0.42 -11.27 -5.43 15.2 11.69
2029 2 42.87 1.09 -11.25 -5.08 18.89 12.34
2029 3 72.76 4.03 -6.86 -1.42 35.25 10.89
2029 4 35.17 13.56 -0.43 6.57 78.53 13.99
2029 5 51.21 20.47 6.81 13.64 126.01 13.65
2029 6 77.28 24.59 10.57 17.58 153.83 14.02
2029 7 84.17 26.43 14.39 20.41 160.77 12.04
2029 8 35.93 26.75 11.7 19.23 161.43 15.05
2029 9 84.71 23.13 9.41 16.27 115.35 13.72
2029 10 20.51 17.08 3.57 10.33 74.44 13.51
2029 11 115.55 9.21 -1.94 3.64 34.89 11.15
2029 12 83.88 1.15 -8.65 -3.75 16.48 9.81
2030 1 53.37 1.16 -10.74 -4.79 16.12 11.9
2030 2 77.33 1.19 -9.74 -4.28 18.9 10.93
2030 3 53.56 4.82 -6.78 -0.98 37.36 11.6
2030 4 72.4 14 1.08 7.54 78.47 12.92
2030 5 61.33 21.54 6.29 13.92 134.39 15.26
2030 6 132.43 24.58 11.69 18.14 149.77 12.88
2030 7 133.12 27.54 13.85 20.69 172.73 13.69
2030 8 185.79 26.52 12.58 19.55 156.69 13.94
2030 9 173.19 21.4 9.11 15.25 105.91 12.29
2030 10 89.32 16.61 2.58 9.6 73.92 14.04
2030 11 106.69 8.08 -2.37 2.85 32.53 10.45
2030 12 99.87 3.14 -7.19 -2.02 18.98 10.32
2031 1 112.27 -0.88 -10.59 -5.73 13.52 9.71
2031 2 69.94 1.17 -9.81 -4.32 19.55 10.98
2031 3 143.28 6.59 -3.54 1.53 40.57 10.13
2031 4 101.24 12.63 -0.18 6.22 74.68 12.8
2031 5 90.92 19.99 5.26 12.63 127.27 14.73
2031 6 130.73 25.38 11.68 18.53 156.41 13.7
2031 7 87.31 27.87 14.16 21.02 174.09 13.71
2031 8 88.15 26.89 12.67 19.78 158.63 14.22
2031 9 113.07 21.36 8.73 15.05 105.92 12.63
2031 10 60.04 15.8 1.88 8.84 70.8 13.92
2031 11 83.43 8.61 -2 3.31 33.11 10.61
2031 12 66.92 0.17 -9.48 -4.66 15.19 9.65
2032 1 143.3 -0.82 -10.74 -5.78 13.6 9.92
2032 2 68.67 0.87 -11.53 -5.33 18.57 12.4
2032 3 95.17 4.7 -7.37 -1.34 37.3 12.07
2032 4 73.85 13.24 0.46 6.85 75.94 12.78
2032 5 42.49 20.32 5.12 12.72 129.08 15.2
2032 6 94.35 24.92 12.05 18.48 151.16 12.87
2032 7 139.2 27.14 15.13 21.13 163.58 12.01
2032 8 226.1 25.64 13.67 19.65 145.65 11.98
2032 9 71.77 21.29 8.67 14.98 106.44 12.62
2032 10 142.41 16.86 4.11 10.49 72.73 12.75
2032 11 39.73 8.36 -3.45 2.46 33.92 11.81
2032 12 105.44 1.58 -8.2 -3.31 16.97 9.78
2033 1 141.32 0.06 -9.87 -4.91 14.6 9.93
2033 2 55.33 -0.69 -10.34 -5.51 16.14 9.65
2033 3 146.15 6.91 -4.87 1.02 42.11 11.78
2033 4 51.92 13.25 0.51 6.88 75.92 12.74
2033 5 61.78 20.69 5.94 13.32 129.64 14.75
2033 6 44.8 25.19 10.95 18.07 157.19 14.25
2033 7 40.11 28.21 14.4 21.3 176.23 13.81
2033 8 49.07 26.56 13.47 20.01 153.73 13.09
2033 9 177.35 22.3 8.39 15.34 112.97 13.91
2033 10 141.46 15.64 4.2 9.92 67.54 11.45
2033 11 80.27 11.09 -0.98 5.05 38.7 12.08
2033 12 165.34 1.52 -8.2 -3.34 16.88 9.72
2034 1 15.25 -3.13 -16.03 -9.58 10.6 12.9
2034 2 30.69 2.44 -10.16 -3.86 20.91 12.6
2034 3 87.43 6.58 -4.04 1.27 40.51 10.62
2034 4 79.02 12.09 -0.25 5.92 71.79 12.34
2034 5 175.42 18.55 7.26 12.9 111.88 11.29
2034 6 140.56 23.31 11.49 17.4 140.54 11.82
2034 7 48.55 27.99 13.13 20.56 179.32 14.86
2034 8 21.83 27.53 12.23 19.88 165.67 15.31
2034 9 65.28 22.67 8.34 15.5 115.23 14.33
2034 10 42.88 18 4.94 11.47 76.17 13.06
2034 11 195.02 10.48 0.59 5.54 35.75 9.88
2034 12 87.03 1.3 -9.56 -4.13 16.87 10.86
2035 1 72.67 0.19 -9.95 -4.88 14.78 10.14
2035 2 36.92 1.38 -9.45 -4.03 19.84 10.84
2035 3 47.54 5.59 -6.36 -0.38 39.71 11.95
2035 4 66.19 12.79 -0.5 6.14 75.83 13.29
2035 5 128.01 19.77 5.99 12.88 124.13 13.78
2035 6 37.62 25.45 11.11 18.28 158.88 14.34
2035 7 110.58 27.54 14.31 20.93 170.66 13.24
2035 8 91.88 26.65 11.31 18.98 161.24 15.34
2035 9 90.06 22.95 8.24 15.6 116.22 14.71
2035 10 158.31 17.79 3.38 10.59 76.77 14.41
2035 11 114.88 8.58 -3.97 2.3 34.3 12.55
2035 12 158.38 3.25 -7.04 -1.9 18.98 10.29
2036 1 175.94 0.8 -10.13 -4.66 15.61 10.93
2036 2 29.15 0.33 -13.12 -6.4 17.68 13.45
2036 3 62.48 4.49 -6.02 -0.77 36 10.51
2036 4 104.78 13.38 -0.68 6.35 78.01 14.06
2036 5 79.03 18.72 4.4 11.56 120.51 14.32
2036 6 131.58 25.19 10.98 18.09 157.11 14.21
2036 7 79.63 27.08 14.01 20.55 168.11 13.07
2036 8 20.54 27.28 11.69 19.49 165.39 15.58
2036 9 68.66 23.19 9.31 16.25 115.91 13.87
2036 10 170.92 16.64 4.94 10.79 70.43 11.7
2036 11 98.96 8.7 -2.05 3.32 33.75 10.75
2036 12 67.93 2.02 -7.41 -2.7 17.37 9.43
2037 1 60.65 1.23 -11 -4.89 16.23 12.23
2037 2 18.1 0.23 -12.09 -5.93 17.62 12.32
2037 3 152.29 5.18 -7.03 -0.93 38.44 12.21
2037 4 130.94 11.9 0.53 6.22 69.79 11.37
2037 5 102.67 19.07 6.7 12.89 117.08 12.37
2037 6 37.76 25.84 11.84 18.84 159.14 13.99
2037 7 184.13 26.93 14.73 20.83 163.64 12.2
2037 8 31.61 26.86 12.63 19.75 159.19 14.24
2037 9 211.91 21.72 10.46 16.09 103.94 11.26
2037 10 100.84 16.78 2.61 9.69 74.51 14.16
2037 11 239.62 9.02 -0.54 4.24 33.19 9.56
2037 12 52.61 2.65 -6.55 -1.95 18 9.19
2038 1 45.88 -0.39 -12.26 -6.33 14.2 11.87
2038 2 33.7 1.26 -11.86 -5.3 19.14 13.12
2038 3 55.23 4.43 -7.28 -1.43 36.53 11.71
2038 4 142.51 13.78 0.35 7.07 78.54 13.44
2038 5 105.68 18.39 5.31 11.85 116.3 13.08
2038 6 104.99 25.58 11.9 18.74 156.93 13.68
2038 7 49.73 27.07 12.93 20 172.33 14.14
2038 8 71.09 24.79 12.44 18.62 143.78 12.34
2038 9 190.36 21.57 10.55 16.06 102.71 11.02
2038 10 26.4 18.52 3.99 11.26 79.75 14.53
2038 11 91.13 8.9 -2.94 2.98 34.84 11.84
2038 12 89.72 2.35 -8.73 -3.19 18.21 11.08
2039 1 115.46 -0.84 -10.94 -5.89 13.6 10.1
2039 2 61.82 0.27 -10.38 -5.05 18.21 10.65
2039 3 68.99 6.53 -4.5 1.01 41.21 11.03
2039 4 109.16 11.23 -0.64 5.29 69.12 11.87
2039 5 102.97 18.97 5.75 12.36 119.52 13.22
2039 6 58.32 24.37 10.2 17.28 153.64 14.18
2039 7 139.78 27.73 14.44 21.08 171.72 13.29
2039 8 82.34 26.42 13.44 19.93 152.15 12.98
2039 9 75.87 22.66 8.44 15.55 114.08 14.22
2039 10 6.57 18.07 1.8 9.94 79.72 16.27
2039 11 64.29 8.8 -2.54 3.13 33.95 11.34
2039 12 198.51 3.37 -6.6 -1.61 19.01 9.97
2040 1 88.88 0.49 -10.27 -4.89 15.21 10.76
2040 2 47.91 2.11 -9.97 -3.93 20.38 12.08
2040 3 27.31 4.58 -6.46 -0.94 36.51 11.03
2040 4 99.9 11.69 -0.5 5.59 70.37 12.19
2040 5 22.62 20.89 4.37 12.63 134.15 16.51
2040 6 89.67 24.04 10.93 17.48 148.34 13.11
2040 7 57.26 26.56 13.19 19.88 167.06 13.37
2040 8 101.54 26.28 12.53 19.41 155.05 13.75
2040 9 69.4 21.52 7.45 14.48 110.67 14.07
2040 10 52.74 17.33 3.01 10.17 76.23 14.32
2040 11 63.25 7.87 -2.9 2.49 32.43 10.77
2040 12 133.3 4 -6.14 -1.07 19.96 10.14
2041 1 120.56 1.42 -10.19 -4.38 16.43 11.62
2041 2 88.33 2.07 -9.46 -3.7 20.25 11.54
2041 3 88.44 4.52 -5.71 -0.6 35.89 10.24
2041 4 48.77 14.97 1.3 8.14 82.64 13.67
2041 5 75.05 19.42 4.74 12.08 124.16 14.67
2041 6 75.65 25.97 11.71 18.84 160.62 14.26
2041 7 83.92 27.19 14.36 20.78 167.57 12.83
2041 8 57.7 25.88 12.23 19.06 153.06 13.66
2041 9 35.74 23.02 8.11 15.56 117.75 14.91
2041 10 90.42 17.52 3.34 10.43 76.55 14.18
2041 11 55.08 10.09 -1.63 4.23 36.75 11.72
2041 12 223.39 3.2 -5.75 -1.27 18.52 8.95
2042 1 57.41 1.64 -8.56 -3.46 16.46 10.2
2042 2 190.22 2.48 -6.74 -2.13 20.12 9.22
2042 3 83.77 7.09 -5.31 0.89 42.92 12.4
2042 4 144.84 13.12 0.89 7 74.75 12.23
2042 5 211 20.19 6.83 13.51 124.17 13.36
2042 6 159.51 25.58 13.81 19.7 149.36 11.77
2042 7 22.61 27.24 12.8 20.02 174.27 14.44
2042 8 39.32 26.24 12.46 19.35 154.94 13.78
2042 9 50.9 23.57 10.16 16.86 116.03 13.41
2042 10 51.85 18.51 3.52 11.01 80.33 14.99
2042 11 106.91 10.18 -0.67 4.76 36.21 10.86
2042 12 223.61 5.22 -6.14 -0.46 21.89 11.36
2043 1 77.97 0.2 -10.52 -5.16 14.87 10.72
2043 2 108.95 0.63 -11.86 -5.62 18.86 12.49
2043 3 147.71 6.98 -5.01 0.98 42.89 11.99
2043 4 32.49 14.84 0.98 7.91 83.15 13.86
2043 5 82.5 20.72 5.44 13.08 131.58 15.29
2043 6 73.76 24.91 11.45 18.18 153.57 13.46
2043 7 122.92 26.98 13.96 20.47 167.3 13.02
2043 8 75 25.95 11.99 18.97 153.81 13.97
2043 9 78.15 23.2 8.62 15.91 116.75 14.57
2043 10 64.93 15.93 3.42 9.67 69.25 12.52
2043 11 83.01 9.27 -2.28 3.49 34.86 11.56
2043 12 130.25 3.05 -6.38 -1.66 18.43 9.42
2044 1 152.23 0.8 -10.73 -4.96 15.66 11.53
2044 2 80.19 1.67 -9.93 -4.13 19.69 11.61
2044 3 45.26 6.11 -6.41 -0.15 40.71 12.51
2044 4 38.42 14.91 0.58 7.74 83.34 14.34
2044 5 123.42 20.15 6.67 13.41 124.33 13.48
2044 6 90.31 24.5 12.31 18.4 146.75 12.19
2044 7 113.15 27.91 13.57 20.74 176.94 14.34
2044 8 38.7 26.46 12.14 19.3 157.79 14.32
2044 9 92.04 22.84 9.53 16.19 113.32 13.31
2044 10 156.04 17.76 4.55 11.15 75.77 13.2
2044 11 151.49 9.05 -0.24 4.41 32.97 9.29
2044 12 34.74 2.05 -7.72 -2.83 17.52 9.77
2045 1 32.29 0.33 -11.72 -5.69 15.09 12.04
2045 2 75.22 2.23 -10.34 -4.05 20.6 12.56
2045 3 34.02 5.26 -6.98 -0.86 38.64 12.24
2045 4 156.23 11.53 -0.17 5.68 69.21 11.7
2045 5 144.69 18.83 4.61 11.72 120.78 14.23
2045 6 37.37 24.42 10.08 17.25 154.08 14.33
2045 7 72.92 27.84 14.11 20.98 174.26 13.74
2045 8 98.54 26.81 12.19 19.5 160.26 14.62
2045 9 141.19 24.33 10.26 17.3 120.32 14.07
2045 10 45.82 17.46 5.13 11.29 73.57 12.33
2045 11 115.55 9.89 -1.46 4.22 36.15 11.35
2045 12 113.53 0.53 -9.45 -4.46 15.78 9.98
2046 1 114.62 0.76 -9.08 -4.16 15.37 9.84
2046 2 54.48 1.68 -11.32 -4.82 19.78 13
2046 3 57.36 3.61 -7.28 -1.83 34.35 10.89
2046 4 97.99 11.4 -0.58 5.41 69.24 11.99
2046 5 52.6 20.42 4.47 12.45 131.03 15.95
2046 6 44.4 25.87 11.84 18.85 159.43 14.03
2046 7 69.77 28.47 14.52 21.49 177.92 13.95
2046 8 96.2 26.96 13.85 20.4 155.43 13.11
2046 9 232.21 21.13 9.2 15.17 104.08 11.93
2046 10 32.18 17.46 2.67 10.06 77.16 14.79
2046 11 109.07 9.86 -0.82 4.52 35.55 10.68
2046 12 90.1 2.13 -8.05 -2.96 17.73 10.18
2047 1 20.4 -0.32 -12.14 -6.23 14.29 11.82
2047 2 86.16 0.96 -10.39 -4.72 19.3 11.35
2047 3 55.03 4.43 -7.19 -1.38 36.91 11.62
2047 4 213.81 11.89 0.97 6.43 69.55 10.92
2047 5 209.57 19.97 6.79 13.38 123.39 13.18
2047 6 63.29 25.22 12.14 18.68 153.47 13.08
2047 7 160.91 26.69 14.07 20.38 164.33 12.63
2047 8 154.52 25.58 13.42 19.5 145.56 12.16
2047 9 156.26 22.98 11.25 17.11 108.47 11.73
2047 10 120.04 18.47 5.97 12.22 75.64 12.5
2047 11 117.52 10.57 -0.01 5.28 36.15 10.58
2047 12 159.28 2.7 -6.72 -2.01 18.02 9.42
2048 1 51.85 -0.16 -11.02 -5.59 14.46 10.87
2048 2 55.42 2.65 -8.28 -2.81 20.94 10.93
2048 3 116.06 7.2 -4.25 1.47 42.52 11.45
2048 4 117.6 13.26 1.39 7.33 74.6 11.87
2048 5 54.97 21.09 6.38 13.73 131.21 14.71
2048 6 141.06 24.58 10.34 17.46 154.54 14.25
2048 7 106.87 27.76 15.01 21.38 169.63 12.75
2048 8 61.38 26.39 12.75 19.57 155.07 13.64
2048 9 75.76 23.53 10.13 16.83 115.87 13.4
2048 10 124.83 15.89 2.19 9.04 71.54 13.7
2048 11 200.09 8.95 -0.36 4.3 32.86 9.31
2048 12 90.85 1.48 -6.96 -2.74 16.39 8.44
2049 1 65 0.46 -10.52 -5.03 15.2 10.98
2049 2 150.34 1.02 -10.58 -4.78 18.75 11.6
2049 3 88.28 6.44 -4.35 1.05 40.36 10.79
2049 4 117.06 12.52 -0.06 6.23 73.44 12.58
2049 5 73.5 20.42 7.07 13.75 125.05 13.35
2049 6 65.14 25.32 12.67 19 151.97 12.65
2049 7 129.11 27.48 13.86 20.67 172.13 13.62
2049 8 94.07 26.52 13.65 20.09 152.73 12.87
2049 9 82.19 23 9.48 16.24 114.38 13.52
2049 10 138.07 16.26 3.14 9.7 71.75 13.12
2049 11 72.58 9.51 -1.19 4.16 35 10.7
2049 12 81.36 1.36 -8.08 -3.36 16.61 9.44
2050 1 56.76 -0.18 -11.25 -5.72 14.44 11.07
2050 2 47.86 1.48 -10.53 -4.52 19.46 12.01
2050 3 84.81 5.75 -6.27 -0.26 39.64 12.02
2050 4 72.4 13.72 0.55 7.13 77.96 13.17
2050 5 125.71 19.05 6.32 12.68 117.98 12.73
2050 6 113.01 25.5 12.72 19.11 153.26 12.79
2050 7 50.11 27.39 12.91 20.15 175.14 14.48
2050 8 84.74 26.35 13.78 20.06 150.83 12.57
2050 9 64.42 22.77 9.06 15.92 114.1 13.71
2050 10 70.53 16.08 1.79 8.93 72.78 14.29
2050 11 182.71 9.34 -1.43 3.95 34.79 10.78
2050 12 67.62 3.61 -5.92 -1.15 19.24 9.53
2051 1 44.64 -1.14 -12.71 -6.93 13.29 11.57
2051 2 37.34 2.49 -9.23 -3.37 21.64 11.72
2051 3 78.65 4.99 -5.93 -0.47 37.76 10.92
2051 4 67.43 13.43 0.95 7.19 76.71 12.48
2051 5 61.98 19.1 5.13 12.12 121.9 13.98
2051 6 125.95 25.07 11.57 18.32 154.34 13.5
2051 7 42.02 27.73 13.78 20.76 174.43 13.95
2051 8 104.46 26.18 12.54 19.36 153.63 13.64
2051 9 196.49 21.96 8.65 15.31 109.58 13.31
2051 10 205.6 16.64 3.37 10 72.18 13.27
2051 11 130.14 9.28 -1.49 3.9 34.3 10.78
2051 12 52.86 0.7 -9.85 -4.57 15.98 10.55
2052 1 106.95 1.14 -9.65 -4.26 15.98 10.79
2052 2 35.59 1.39 -10.88 -4.74 19.34 12.27
2052 3 153.73 4.38 -6.78 -1.2 36.16 11.16
2052 4 121.14 13.59 0.82 7.2 76.98 12.77
2052 5 113.15 20.09 6.52 13.3 124.26 13.56
2052 6 37.96 25.7 11.73 18.72 158.51 13.98
2052 7 80.75 27.63 14.09 20.86 172.49 13.54
2052 8 82.95 26.05 12.81 19.43 152.19 13.24
2052 9 288.12 22.56 10.84 16.7 107.95 11.72
2052 10 84.65 15.48 3.29 9.38 68.34 12.19
2052 11 84.51 9.53 -1.46 4.03 35.27 10.99
2052 12 129.06 1.58 -8.57 -3.5 17.07 10.15
2053 1 107.29 0.25 -10.3 -5.03 14.91 10.55
2053 2 51.05 0.97 -11.41 -5.22 18.71 12.37
2053 3 128.85 6.18 -4.88 0.65 40 11.05
2053 4 99.22 13.49 0.89 7.19 76.42 12.59
2053 5 121.29 19.85 5.17 12.51 125.96 14.68
2053 6 149.53 23.01 10.55 16.78 141.7 12.45
2053 7 226.41 27.83 15.04 21.44 170.15 12.79
2053 8 52.53 26.56 13.08 19.82 155.19 13.48
2053 9 30.62 23.27 8.95 16.11 117.28 14.32
2053 10 105.9 16.46 3.53 9.99 71.96 12.92
2053 11 99.06 9.55 -1.65 3.95 35.47 11.2
2053 12 83.58 2.92 -7.49 -2.28 18.75 10.42
2054 1 75.78 0.27 -9.85 -4.79 14.87 10.12
2054 2 140.2 1.86 -9.96 -4.05 19.98 11.81
2054 3 121.69 4.81 -6.93 -1.06 37.41 11.74
2054 4 100.03 13.13 0.38 6.75 75.53 12.75
2054 5 54.06 21.12 5.66 13.39 133.03 15.46
2054 6 80.12 24.9 12.01 18.45 151.14 12.89
2054 7 105.13 26.14 13.97 20.05 160.09 12.17
2054 8 73.58 26.35 13.02 19.68 153.77 13.33
2054 9 122.01 23.84 9.88 16.86 118.37 13.96
2054 10 163.67 15.68 3.59 9.64 68.7 12.09
2054 11 87.35 10.59 0.26 5.42 36.38 10.34
2054 12 108.31 3.88 -6.73 -1.42 19.97 10.61
2055 1 150.67 -0.31 -9.94 -5.12 14.14 9.63
2055 2 58.22 2.61 -10.02 -3.71 21.93 12.63
2055 3 138.86 6.03 -5.42 0.3 40.39 11.45
2055 4 113.49 13.25 0.74 6.99 76.18 12.51
2055 5 58 19.69 4.65 12.17 126.71 15.05
2055 6 67.61 23.8 11.05 17.42 146.28 12.75
2055 7 40.96 27.34 13.55 20.45 172 13.78
2055 8 51.9 26.94 12.07 19.5 160.98 14.87
2055 9 116.92 20.48 8.18 14.33 102.21 12.3
2055 10 84.38 15.96 2.53 9.25 70.64 13.44
2055 11 84.83 8.83 -2.51 3.16 33.99 11.33
2055 12 110.52 2.08 -6.89 -2.41 17.15 8.96
2056 1 137.67 0.33 -10.35 -5.01 15.01 10.67
2056 2 68.33 3.25 -9.31 -3.04 22.12 12.56
2056 3 102.21 6.41 -3.85 1.28 39.84 10.26
2056 4 48.93 13.22 0.05 6.63 76.41 13.17
2056 5 48.42 20.53 6.01 13.27 128.4 14.51
2056 6 97.73 24.87 12.03 18.45 150.85 12.84
2056 7 115.92 26.99 14.23 20.61 166.36 12.76
2056 8 42.74 27.12 12.67 19.89 160.99 14.45
2056 9 132 21.35 8.02 14.69 108.41 13.33
2056 10 119.44 17.22 4.07 10.64 74.28 13.15
2056 11 163.25 9.75 -1.07 4.34 35.48 10.82
2056 12 38.81 1.59 -8.51 -3.46 17.07 10.1
2057 1 97.63 -0.58 -10.27 -5.42 13.85 9.7
2057 2 71.98 0.98 -10.67 -4.84 18.7 11.65
2057 3 57.27 4.9 -6.64 -0.87 37.5 11.54
2057 4 37.46 12.59 -0.6 5.99 74.45 13.19
2057 5 98.99 20.91 6.46 13.69 129.84 14.45
2057 6 85.53 25.39 11.61 18.5 156.48 13.78
2057 7 137.57 26.71 14.32 20.52 163.53 12.39
2057 8 65.2 26.65 12.44 19.55 158.22 14.21
2057 9 50.31 23.05 9.97 16.51 113.4 13.08
2057 10 62.35 17.43 4.36 10.89 74.7 13.07
2057 11 81.65 10.46 -1.88 4.29 37.81 12.34
2057 12 61.97 1.74 -8.97 -3.62 17.38 10.7
2058 1 139.58 0.43 -8.76 -4.17 14.85 9.19
2058 2 110.8 1.17 -9.75 -4.29 18.88 10.93
2058 3 75.31 3.56 -7.32 -1.88 34.22 10.87
2058 4 88.87 13.44 0.18 6.81 77.2 13.26
2058 5 33.19 19.9 5.13 12.51 126.38 14.77
2058 6 97.38 24.18 11.57 17.87 147.09 12.61
2058 7 125.91 26.86 13.74 20.3 167.33 13.12
2058 8 124.2 26.03 12.62 19.32 152.78 13.41
2058 9 168.91 22.72 9.83 16.27 111.78 12.88
2058 10 176.9 15.9 3.87 9.89 69.16 12.03
2058 11 180.68 10.96 0.62 5.79 36.96 10.34
2058 12 20.7 2.22 -7.77 -2.77 17.79 10
2059 1 40.16 -1.07 -12.54 -6.8 13.38 11.47
2059 2 111.01 1.29 -10.05 -4.38 19.79 11.34
2059 3 191.27 8.09 -3.25 2.42 44.92 11.35
2059 4 90.69 14.34 0.88 7.61 81.01 13.47
2059 5 56.31 20.6 5.74 13.17 130.11 14.86
2059 6 91.17 25.29 11.67 18.48 155.7 13.62
2059 7 84.03 26.69 14.64 20.66 161.74 12.05
2059 8 99.09 25.59 13.35 19.47 145.91 12.23
2059 9 275.4 22.55 9.23 15.89 111.54 13.32
2059 10 51.37 17.43 3.39 10.41 75.3 14.04
2059 11 110.81 9.83 -1.96 3.94 35.95 11.8
2059 12 144.5 2.8 -6.46 -1.83 18.08 9.26
2060 1 97.97 -0.63 -11.1 -5.87 13.87 10.47
2060 2 81.25 1.12 -10.57 -4.72 18.9 11.69
2060 3 130.35 5.23 -4.35 0.44 36.81 9.58
2060 4 141.28 13.78 1.94 7.86 76.09 11.84
2060 5 47.27 20.67 5.94 13.3 129.47 14.73
2060 6 130.65 24.52 10.18 17.35 154.55 14.34
2060 7 73.75 26.65 13.3 19.98 167.3 13.34
2060 8 46.66 26.09 12.26 19.17 154.52 13.83
2060 9 144.19 23.02 9.52 16.27 114.42 13.5
2060 10 77.41 17.09 2.76 9.93 75.6 14.34
2060 11 45.79 10.23 -0.57 4.83 36.23 10.8
2060 12 23.58 1.78 -9.46 -3.84 17.52 11.24
2061 1 129.92 1.17 -9.38 -4.1 15.98 10.55
2061 2 127.71 1.46 -9.85 -4.2 19.34 11.31
2061 3 116.63 5.05 -6.07 -0.51 37.6 11.13
2061 4 165.69 11.15 0.73 5.94 66.02 10.42
2061 5 49.3 20.01 4.66 12.34 128.05 15.35
2061 6 47.98 25.57 12.99 19.28 152.73 12.58
2061 7 52.62 28.19 14.29 21.24 176.47 13.9
2061 8 198.55 27.39 12.42 19.9 163.88 14.96
2061 9 51.48 23.15 9.12 16.13 116.15 14.03
2061 10 66.4 15.61 2.91 9.26 69.43 12.7
2061 11 91.1 11.11 -1.11 5 38.85 12.23
2061 12 66.98 2.84 -7.25 -2.21 18.55 10.09
2062 1 102.34 1.74 -8.67 -3.47 16.62 10.41
2062 2 81.06 2.31 -8.75 -3.22 20.5 11.06
2062 3 86.28 3.89 -7.25 -1.68 35.08 11.14
2062 4 147.56 13.49 1.34 7.41 75.72 12.15
2062 5 67.06 20.01 5.97 12.99 125.15 14.04
2062 6 52.99 24.6 9.8 17.2 156.3 14.79
2062 7 44.25 27.21 12.87 20.04 173.79 14.35
2062 8 49.02 25.28 11.93 18.6 149.48 13.35
2062 9 199.58 21.77 9.92 15.85 105.85 11.85
2062 10 79.27 16.85 3.35 10.1 73.82 13.5
2062 11 75.82 8.19 -3.45 2.37 33.54 11.64
2062 12 167.66 2.21 -7.42 -2.61 17.65 9.63
2063 1 38.93 0.42 -10.34 -4.96 15.14 10.77
2063 2 51.96 1.66 -10.38 -4.36 20.43 12.05
2063 3 73.54 5.24 -5.46 -0.11 38.17 10.7
2063 4 72.34 11.33 -0.88 5.22 69.92 12.22
2063 5 71.42 20.38 6.25 13.32 127.5 14.13
2063 6 55.97 25 10.93 17.97 156.08 14.08
2063 7 184.59 27.81 13.69 20.75 175.47 14.12
2063 8 23.39 27.74 12.53 20.13 165.57 15.21
2063 9 112.51 22.13 7.82 14.98 112.52 14.32
2063 10 74.64 17.89 4.28 11.08 75.92 13.61
2063 11 77.69 10.04 -1.37 4.33 36.01 11.41
2063 12 24.51 2.19 -7.29 -2.55 17.47 9.48
2064 1 71.92 0.57 -9.14 -4.29 15.14 9.72
2064 2 80.18 1.46 -10.61 -4.57 19.42 12.06
2064 3 79.97 7.38 -4.57 1.41 43.3 11.96
2064 4 99.44 13.44 -0.21 6.61 77.72 13.65
2064 5 78.69 20.04 5.41 12.73 126.64 14.63
2064 6 61.73 26.66 11.96 19.31 165.2 14.7
2064 7 65.97 28.35 14.84 21.6 175.57 13.51
2064 8 114.52 26.1 12.4 19.25 154.09 13.7
2064 9 52.97 23.51 9.17 16.34 118.14 14.33
2064 10 34.54 13.52 0.58 7.05 64.39 12.94
2064 11 158.74 10.53 -0.07 5.23 36.53 10.6
2064 12 99.29 1.36 -8.47 -3.55 16.73 9.83
2065 1 54.74 -0.87 -11.83 -6.35 13.62 10.96
2065 2 55.17 0.29 -12.07 -5.89 17.71 12.36
2065 3 50.61 4.52 -6.63 -1.06 36.46 11.16
2065 4 45.87 15.05 0.68 7.86 83.84 14.38
2065 5 101.65 19.59 4.66 12.12 125.43 14.93
2065 6 73.31 24.67 11.73 18.2 150.38 12.94
2065 7 147.42 27.94 14.52 21.23 173.37 13.42
2065 8 94.83 26.47 13.18 19.82 154.16 13.29
2065 9 174.67 22.49 9.46 15.97 111.44 13.03
2065 10 62.58 16.56 2.6 9.58 73.67 13.96
2065 11 73.21 8.88 -2.89 3 34.76 11.76
2065 12 166.86 1.36 -7.62 -3.13 16.47 8.98
2066 1 91.15 -0.69 -12.65 -6.67 13.83 11.96
2066 2 98.16 0.07 -11.94 -5.93 17.39 12.02
2066 3 70.37 5.17 -6.71 -0.77 38.27 11.88
2066 4 153.2 13.31 2.31 7.81 73.2 11
2066 5 45.63 20.54 6.43 13.48 127.45 14.11
2066 6 47.94 25.34 10.54 17.94 159.65 14.8
2066 7 51.44 28.89 13.94 21.41 183.86 14.95
2066 8 58.24 27 12.57 19.78 160.46 14.44
2066 9 30.66 23.22 7.46 15.34 120.23 15.75
2066 10 73.14 17.97 4.21 11.09 77.19 13.77
2066 11 133 11.77 -1.2 5.28 40.5 12.96
2066 12 70.34 2.56 -7.78 -2.61 18.28 10.33
2067 1 148.93 -1.88 -14.08 -7.98 12.33 12.2
2067 2 46.24 0.87 -10.75 -4.94 19.2 11.62
2067 3 75.95 6.47 -5.28 0.59 41.58 11.75
2067 4 73.55 14.47 1.21 7.84 81.11 13.26
2067 5 92.62 19.88 5.9 12.89 125.09 13.98
2067 6 43.92 24.86 11.94 18.4 151.36 12.92
2067 7 77.42 28.05 14.21 21.13 175.46 13.84
2067 8 169.41 25.87 12.97 19.42 149.63 12.9
2067 9 92.79 22.12 8.81 15.46 110.09 13.31
2067 10 57.53 18.97 4.26 11.61 80.4 14.72
2067 11 152.11 10.53 -0.12 5.21 36.17 10.66
2067 12 73.22 2.26 -7.27 -2.51 17.57 9.54
2068 1 48.61 1.41 -9.3 -3.94 16.3 10.72
2068 2 153.53 0.71 -8.48 -3.89 17.84 9.2
2068 3 153.57 8.27 -3.99 2.14 45.53 12.27
2068 4 165.12 12.05 -0.25 5.9 71.65 12.31
2068 5 116.44 20.02 5.18 12.6 127 14.84
2068 6 87.2 23.96 11.38 17.67 146.12 12.59
2068 7 92.08 26.43 12.86 19.65 167.23 13.57
2068 8 92.89 26.95 13.33 20.14 157.29 13.61
2068 9 137.66 22.16 8.43 15.29 112.06 13.73
2068 10 79.35 18.27 4.25 11.26 78.35 14.02
2068 11 93.89 10.2 -0.29 4.96 35.91 10.49
2068 12 87.4 2.98 -6.29 -1.66 18.41 9.27
2069 1 47.64 -0.16 -11.28 -5.72 14.48 11.13
2069 2 8.15 -0.09 -11.19 -5.64 17.13 11.1
2069 3 91.84 5.54 -7.17 -0.82 39.47 12.7
2069 4 142.14 12.35 0.33 6.34 72.14 12.03
2069 5 282.23 19.38 5.71 12.54 121.67 13.67
2069 6 97.54 24.5 10.72 17.61 152.63 13.78
2069 7 68.51 26.73 14.37 20.55 163.5 12.36
2069 8 40.7 25.99 13 19.49 151.03 12.99
2069 9 64.09 22.23 9.14 15.69 110.74 13.09
2069 10 191.99 16.94 4.1 10.52 73.1 12.85
2069 11 162.29 8.94 -1.09 3.92 33.54 10.04
2069 12 108.48 2.41 -7.66 -2.63 18.03 10.07
2070 1 58.42 0.08 -13.2 -6.56 14.71 13.27
2070 2 83.73 0.11 -10.52 -5.21 17.36 10.63
2070 3 185.47 5.69 -4.49 0.6 38.27 10.18
2070 4 55.86 13.49 0.61 7.05 76.83 12.88
2070 5 148.9 18.84 5.4 12.12 118.97 13.44
2070 6 25.66 25.22 10.75 17.98 158.02 14.46
2070 7 164.84 27.52 15.1 21.31 167.18 12.43
2070 8 108.22 25.39 12.37 18.88 148.71 13.02
2070 9 271.12 23.05 10.13 16.59 112.97 12.92
2070 10 151.4 15.97 3.25 9.61 70.41 12.72
2070 11 78.79 8.39 -2.67 2.86 33.48 11.06
2070 12 85.59 1.83 -6.33 -2.25 16.63 8.16
2071 1 77.43 -0.32 -11.58 -5.95 14.29 11.26
2071 2 119.75 1.26 -9.88 -4.31 19.71 11.14
2071 3 33.28 5.88 -6.33 -0.23 40.5 12.21
2071 4 174.44 12.96 0.65 6.81 75.02 12.31
2071 5 76.94 19.23 4.49 11.86 124.08 14.73
2071 6 109.55 25.34 12.48 18.91 153.13 12.86
2071 7 125.69 27.64 13.74 20.69 173.82 13.9
2071 8 77.56 25.39 13.04 19.22 145.63 12.36
2071 9 81.45 23.23 8.53 15.88 117.12 14.69
2071 10 162.34 17.22 3.42 10.32 74.41 13.8
2071 11 18.63 10.68 -2.83 3.93 38.46 13.51
2071 12 66.88 1.74 -7.95 -3.11 17.01 9.69
2072 1 100.8 0.66 -8.89 -4.12 15.2 9.56
2072 2 50.95 2.64 -9.08 -3.22 21.1 11.72
2072 3 99.61 4.42 -6.07 -0.82 35.86 10.49
2072 4 77.22 12.71 -0.32 6.2 74.62 13.03
2072 5 83.94 20.57 5.39 12.98 130.08 15.18
2072 6 136.52 23.77 11.8 17.79 143.02 11.98
2072 7 65.49 27.96 14.98 21.47 171.58 12.98
2072 8 55.26 26.91 13.09 20 157.91 13.82
2072 9 58.84 23.68 9.14 16.41 119.21 14.54
2072 10 206.51 17.15 3.13 10.14 75.35 14.02
2072 11 75.66 9.51 -1.94 3.78 35.59 11.45
2072 12 151.82 2.44 -7.31 -2.43 17.97 9.75
2073 1 78.84 0.65 -10.78 -5.07 15.46 11.43
2073 2 100.2 0.56 -9.64 -4.54 17.9 10.2
2073 3 56.76 7.1 -3.98 1.56 42.01 11.07
2073 4 189.42 13.42 1.53 7.47 75.09 11.89
2073 5 169.79 19.42 6.27 12.84 120.51 13.14
2073 6 67.15 25.65 11.53 18.59 158.8 14.12
2073 7 173.76 27.52 14.64 21.08 169.18 12.88
2073 8 45.6 26.97 13.37 20.17 157.34 13.6
2073 9 147.57 20.75 9.27 15.01 101.64 11.49
2073 10 78.87 16.27 3.68 9.98 70.97 12.59
2073 11 42.7 8.45 -3.14 2.65 33.94 11.59
2073 12 147.58 2.43 -7.13 -2.35 17.89 9.56
2074 1 53.49 -0.68 -12.96 -6.82 13.83 12.28
2074 2 150.22 -0.32 -11.83 -6.08 16.81 11.51
2074 3 38.19 5.84 -6.21 -0.18 39.87 12.05
2074 4 174.12 13.29 0.77 7.03 75.72 12.52
2074 5 139.84 16.96 5.4 11.18 106.9 11.56
2074 6 117.7 25.21 11.09 18.15 156.9 14.13
2074 7 76.1 26.91 12.82 19.87 171.45 14.09
2074 8 57.85 27.87 12.6 20.23 167.03 15.27
2074 9 44.15 23.31 8.7 16 118.12 14.62
2074 10 41.59 18.37 4.45 11.41 78.49 13.92
2074 11 169.46 9 -1.76 3.62 34.23 10.76
2074 12 145.59 2.17 -6.48 -2.16 17.22 8.64
2075 1 124.27 -0.92 -10.15 -5.53 13.39 9.23
2075 2 47.09 1.96 -9.11 -3.58 20.72 11.07
2075 3 167.83 5.92 -4.73 0.59 39.58 10.64
2075 4 213.55 10.26 -0.26 5 64.25 10.52
2075 5 171.74 20.6 5.71 13.16 130.18 14.89
2075 6 97.81 25.15 11.86 18.51 153.94 13.29
2075 7 49.38 27.93 14.22 21.08 174.36 13.71
2075 8 126.87 26.9 13.74 20.32 154.72 13.15
2075 9 204.79 23.97 10.3 17.14 117.21 13.67
2075 10 91.2 17.26 3.38 10.32 74.66 13.89
2075 11 117.58 9.35 -1.36 3.99 34.34 10.71
2075 12 144.67 1.85 -9.37 -3.76 17.49 11.21
2076 1 101.3 -0.44 -10.99 -5.71 14.1 10.54
2076 2 81.97 2.41 -8.66 -3.12 20.65 11.07
2076 3 66.13 5.74 -5.02 0.36 38.84 10.76
2076 4 58.07 14.27 1.19 7.73 79.55 13.08
2076 5 161.48 18.02 5.34 11.68 113.88 12.68
2076 6 216.21 24.23 11.7 17.97 147 12.53
2076 7 59.24 27.31 14.69 21 167.19 12.63
2076 8 59.97 26.94 12.8 19.87 159.19 14.14
2076 9 62.17 22.34 8.96 15.65 111.82 13.38
2076 10 215.62 15.52 3.54 9.53 68.14 11.99
2076 11 91.62 9.11 -2.2 3.45 34.83 11.31
2076 12 82.38 1.84 -8.79 -3.48 17.48 10.62
2077 1 67.96 -1.36 -10.99 -6.18 12.96 9.63
2077 2 34.3 -2.02 -13.69 -7.85 14.37 11.67
2077 3 52.66 5.02 -5.6 -0.29 37.19 10.62
2077 4 138.27 13.44 -0.28 6.58 77.79 13.71
2077 5 108.75 20.34 6.62 13.48 125.7 13.72
2077 6 88.91 26.43 13.59 20.01 157.34 12.84
2077 7 138.15 27.71 14.31 21.01 172.27 13.4
2077 8 89.61 27.36 13.07 20.21 161.44 14.28
2077 9 267.35 21.67 8.23 14.95 109.73 13.44
2077 10 183.65 19.13 5.12 12.12 80.67 14.01
2077 11 95.68 9.35 -0.85 4.25 34.3 10.2
2077 12 87.2 1.52 -7.98 -3.23 16.81 9.5
2078 1 50.67 -1.82 -14.67 -8.25 12.31 12.85
2078 2 59.92 2.3 -9.2 -3.45 20.58 11.5
2078 3 103.63 6.18 -3.57 1.3 38.88 9.74
2078 4 72.4 14.46 -0.18 7.14 82.21 14.64
2078 5 102.12 19.94 6.54 13.24 123.27 13.4
2078 6 62.63 23.84 11.18 17.51 145.93 12.67
2078 7 104.55 26.49 13.11 19.81 166.79 13.38
2078 8 134.12 25.86 12.69 19.27 151.17 13.17
2078 9 123.97 21.96 7.87 14.91 112.26 14.1
2078 10 108.41 17.54 3.39 10.46 76.58 14.16
2078 11 39.6 8.38 -4.44 1.98 34.5 12.82
2078 12 95.34 2.16 -8.66 -3.25 17.92 10.82
2079 1 84.62 0.41 -10.15 -4.87 15.09 10.55
2079 2 69.17 0.66 -11.26 -5.3 18.89 11.92
2079 3 73.01 6.27 -5.49 0.39 41.14 11.76
2079 4 177.43 13.49 0.93 7.21 76.99 12.55
2079 5 168.79 19.49 6.72 13.11 120.4 12.77
2079 6 85.43 25.98 12.24 19.11 159.15 13.74
2079 7 126.75 26.81 13.96 20.39 165.79 12.85
2079 8 87.1 26.83 12.25 19.54 159.57 14.58
2079 9 160.57 24.14 10.05 17.09 118.8 14.08
2079 10 281.07 15.64 4.05 9.85 67.07 11.59
2079 11 58.21 10.36 -0.46 4.95 36.05 10.82
2079 12 38.97 0.69 -10.06 -4.69 15.99 10.75
2080 1 63.69 -0.98 -13.12 -7.05 13.46 12.14
2080 2 133.97 0.7 -11.05 -5.18 18.3 11.76
2080 3 131.77 5.89 -4.88 0.51 39.17 10.77
2080 4 84.62 14.1 0.54 7.32 79.7 13.56
2080 5 62.91 19.18 4.15 11.66 123.9 15.03
2080 6 54.11 26.84 13 19.92 162.92 13.84
2080 7 86.36 27.8 14.48 21.14 172.37 13.33
2080 8 82.75 26.89 13.52 20.2 156.17 13.37
2080 9 154.99 22.96 10.36 16.66 111.8 12.6
2080 10 151.33 16.13 3.65 9.89 70.44 12.48
2080 11 33.26 11.04 -1.98 4.53 39.26 13.02
2080 12 120.26 2.89 -7.23 -2.17 18.61 10.11
