YEAR MONTH PRCP TMAX TMIN TAVG ET DIF
2000 1 100.74 2.16 -10.09 -3.97 17.35 12.25
2000 2 62.55 4.93 -7.6 -1.33 24.6 12.53
2000 3 144.23 7.79 -2.05 2.87 42.24 9.84
2000 4 78.98 15.37 1.98 8.67 83.42 13.39
2000 5 166.77 22.77 9.13 15.95 135.17 13.64
2000 6 43.97 27.69 13.14 20.41 169.26 14.55
2000 7 124.98 30.31 17.17 23.74 182.56 13.14
2000 8 83.58 29.99 15.42 22.7 173.7 14.57
2000 9 81.44 22.96 9.66 16.31 113.66 13.31
2000 10 157.28 18.31 6.25 12.28 75.15 12.06
2000 11 138.96 11.67 0.64 6.15 38.69 11.03
2000 12 119.85 3.65 -6.04 -1.19 19.31 9.69
2001 1 24.62 3.53 -7.26 -1.87 18.76 10.79
2001 2 59.76 3.2 -8.96 -2.88 21.95 12.16
2001 3 160.89 9.6 -1.45 4.07 47.34 11.05
2001 4 100.38 17 4.65 10.83 86.64 12.35
2001 5 65.73 21.26 6.99 14.13 130.81 14.28
2001 6 198.7 26.08 14.93 20.5 148.49 11.15
2001 7 128.93 30.08 16.74 23.41 182.55 13.35
2001 8 84.82 28.31 14.76 21.53 162.68 13.55
2001 9 107.2 26.29 12.73 19.51 125.52 13.56
2001 10 139.55 16.8 5.3 11.05 70.36 11.49
2001 11 193.15 11.01 1.06 6.04 36.57 9.95
2001 12 114.45 6.15 -3.15 1.5 21.99 9.31
2002 1 7.17 -0.61 -12.42 -6.52 13.9 11.81
2002 2 79.94 2.54 -8.87 -3.16 20.87 11.41
2002 3 62.8 8.25 -2.87 2.69 44.5 11.12
2002 4 42.81 15.88 2.25 9.07 85.41 13.63
2002 5 104.97 22.53 10.1 16.32 130.44 12.43
2002 6 68.34 27.45 14.07 20.76 163.77 13.38
2002 7 156.01 29.61 15.99 22.8 181.72 13.63
2002 8 52.25 32 17.66 24.83 181.43 14.35
2002 9 150.79 20.86 8.26 14.56 104.94 12.6
2002 10 36.16 19.97 6.2 13.09 82.46 13.77
2002 11 146.93 10.65 1.17 5.91 35.51 9.48
2002 12 112.79 4.87 -5.29 -0.21 20.95 10.16
2003 1 47.54 3.4 -7.62 -2.11 18.66 11.02
2003 2 59.27 2.66 -10.08 -3.71 21.98 12.75
2003 3 105.59 9.2 -2.99 3.1 48.08 12.2
2003 4 64.2 16.79 3.72 10.25 88.04 13.07
2003 5 109.51 21.2 7.41 14.3 129.9 13.79
2003 6 97.6 28.09 14.91 21.5 165.94 13.18
2003 7 71.6 28.76 17.16 22.96 168.19 11.6
2003 8 55.47 29.14 14.4 21.77 170.03 14.75
2003 9 116.42 25.92 14.43 20.18 116.74 11.49
2003 10 44.81 19.72 5.3 12.51 81.93 14.43
2003 11 84.41 11.59 0.58 6.09 38.11 11.01
2003 12 125.18 7.57 -1.1 3.23 22.98 8.66
2004 1 17.45 0.82 -10.3 -4.74 15.61 11.12
2004 2 75.28 2.26 -10.41 -4.07 20.62 12.68
2004 3 111.17 8.81 -2.72 3.05 46.1 11.53
2004 4 32.56 14.61 1.19 7.9 81.09 13.42
2004 5 200.29 22.2 9.74 15.97 129.28 12.46
2004 6 88.71 26.55 12.54 19.55 162.27 14
2004 7 96.84 30.05 17.72 23.89 177.53 12.34
2004 8 80.55 30.32 16.46 23.39 172.26 13.85
2004 9 93.71 24.2 10.69 17.44 118.35 13.51
2004 10 110.96 20.34 5.29 12.81 85.43 15.05
2004 11 22.13 12.36 0.02 6.19 41 12.34
2004 12 87.06 4.03 -6.06 -1.01 19.91 10.08
2005 1 131.15 3.28 -7.63 -2.18 18.49 10.91
2005 2 40.2 3.18 -8.55 -2.68 21.85 11.74
2005 3 90.6 6.93 -2.45 2.24 39.96 9.37
2005 4 112.63 17.04 4.86 10.95 86.41 12.18
2005 5 154.53 19.59 8.24 13.92 115.9 11.36
2005 6 67.89 27.3 13.33 20.32 165.43 13.97
2005 7 71.36 31.64 17.49 24.56 193.2 14.15
2005 8 89.14 27.94 14.35 21.15 161.31 13.59
2005 9 181.4 27.7 14.27 20.98 129.81 13.42
2005 10 212.68 17.61 7.79 12.7 68.76 9.82
2005 11 72.32 12.06 0.59 6.32 39.74 11.47
2005 12 71.19 4.22 -6.81 -1.29 20.48 11.03
2006 1 152.02 2.44 -10.18 -3.87 17.73 12.62
2006 2 43.9 4.77 -7.31 -1.27 24.25 12.09
2006 3 179.27 8.19 -3.55 2.32 44.9 11.74
2006 4 108.03 15.42 3.36 9.39 81.31 12.06
2006 5 168.52 22.69 10.01 16.35 131.84 12.67
2006 6 88.95 27.19 13.31 20.25 164.57 13.88
2006 7 178 29.06 16.7 22.88 173.41 12.36
2006 8 84.72 29.29 15.6 22.44 167.27 13.69
2006 9 73.97 24.04 9.75 16.9 119.79 14.29
2006 10 84.31 20.39 5.55 12.97 85.28 14.84
2006 11 137.55 11.54 0.77 6.15 38.24 10.77
2006 12 73.35 3.16 -6.09 -1.47 18.56 9.25
2007 1 19.14 5.43 -5.28 0.07 20.97 10.72
2007 2 19.74 2.71 -9.47 -3.38 21.99 12.17
2007 3 149.53 7.99 -2.37 2.81 43.69 10.36
2007 4 136.66 16.68 5.3 10.99 84.32 11.38
2007 5 108.7 21.74 7.32 14.53 133.8 14.43
2007 6 37.55 28.61 14.8 21.71 170.75 13.81
2007 7 36.5 30.17 16.9 23.54 182.37 13.27
2007 8 31.22 28.75 13.8 21.28 169.1 14.95
2007 9 94.1 27.3 12.69 19.99 130.99 14.61
2007 10 161.51 18.12 5.73 11.92 74.48 12.39
2007 11 74.25 10.81 0.27 5.54 36.42 10.54
2007 12 98.78 6.34 -3.33 1.51 22.28 9.67
2008 1 74.42 2.41 -8.66 -3.12 17.5 11.07
2008 2 80.05 4.96 -6.1 -0.57 24.17 11.05
2008 3 117.11 9.01 -1.81 3.6 45.85 10.82
2008 4 107.35 15.19 2.82 9.01 81.18 12.37
2008 5 56.59 23.14 9.56 16.35 136.5 13.59
2008 6 36.74 26.31 12.48 19.39 160.61 13.83
2008 7 147.41 29.85 17.23 23.54 178.09 12.62
2008 8 88.55 29.52 17.08 23.3 162.89 12.44
2008 9 177.68 23.01 10.68 16.84 111.12 12.33
2008 10 207.53 20.74 7.98 14.36 82.65 12.76
2008 11 152.19 13.02 1.91 7.47 40.97 11.11
2008 12 43.4 3.57 -6.22 -1.32 19.26 9.79
2009 1 47.6 3.02 -8.82 -2.9 18.37 11.83
2009 2 25.47 1.97 -10.4 -4.21 20.16 12.36
2009 3 105.46 7.67 -3.04 2.32 42.86 10.71
2009 4 57.54 16.14 2.99 9.56 85.43 13.15
2009 5 66.78 22.31 7.2 14.76 137.23 15.11
2009 6 60.77 29.88 15.66 22.77 177.6 14.21
2009 7 74.23 29.13 16.47 22.8 175.2 12.67
2009 8 180.58 28.4 15.25 21.82 161.4 13.14
2009 9 90.38 28.33 13.41 20.87 136.46 14.92
2009 10 175.02 17.81 5.63 11.72 74.12 12.18
2009 11 101.18 11.41 2.71 7.06 35.66 8.69
2009 12 120.31 5.53 -3.67 0.93 21.22 9.2
2010 1 108.49 2.62 -8.18 -2.78 17.7 10.8
2010 2 48.64 3.05 -9.61 -3.28 21.8 12.66
2010 3 116.37 7.81 -2.52 2.65 42.8 10.34
2010 4 131.93 19.39 5.51 12.45 97.03 13.88
2010 5 76.33 23.85 8.73 16.29 143.73 15.12
2010 6 78.54 25.7 11.51 18.61 159.21 14.19
2010 7 134.47 29.41 16.31 22.86 178.45 13.1
2010 8 82.84 29.49 16.07 22.78 167.04 13.42
2010 9 136.11 25.24 11.42 18.33 122.72 13.82
2010 10 59.23 20.07 5.4 12.74 84.14 14.67
2010 11 147 12.07 1.72 6.9 38.66 10.36
2010 12 50.19 2.77 -7.59 -2.41 18.51 10.37
2011 1 158.19 5.33 -4.61 0.36 20.52 9.94
2011 2 91.96 1.27 -9.99 -4.36 19.71 11.26
2011 3 36.43 6.34 -4.54 0.9 40.63 10.88
2011 4 118.74 14.84 2.75 8.8 80.29 12.09
2011 5 85.5 20.94 7.14 14.04 128.91 13.8
2011 6 81.15 28.42 15.04 21.73 168.13 13.37
2011 7 60.97 28.9 15.13 22.02 178.98 13.77
2011 8 82.93 28.16 15.12 21.64 159.38 13.04
2011 9 47.77 29.27 15.01 22.14 136.73 14.25
2011 10 77.57 17.04 4.19 10.61 72.48 12.85
2011 11 41.05 11.77 0.43 6.11 38.7 11.34
2011 12 109.37 6.16 -4.32 0.92 22.48 10.47
2012 1 55.73 0.58 -10.1 -4.76 15.27 10.68
2012 2 108.27 5.37 -5.49 -0.06 24.67 10.86
2012 3 54.47 7.47 -2.73 2.37 41.95 10.2
2012 4 66.97 14.19 2.62 8.4 76.73 11.57
2012 5 143.98 21.42 9.85 15.64 123.34 11.57
2012 6 16.3 26.89 12.06 19.48 166.66 14.83
2012 7 126.12 29.94 16.42 23.18 182.72 13.52
2012 8 113.29 30.24 16.76 23.5 170.35 13.48
2012 9 74.36 24.34 9.99 17.16 120.99 14.35
2012 10 53.78 20.46 6.49 13.48 84.12 13.98
2012 11 71.56 12.67 0.12 6.39 41.68 12.55
2012 12 107.54 4.81 -4.99 -0.09 20.72 9.81
2013 1 113.93 4.45 -7.4 -1.47 20.15 11.85
2013 2 52.37 1.87 -10.83 -4.48 20.03 12.7
2013 3 50.87 6.69 -4.38 1.16 41.08 11.07
2013 4 118.45 16.17 4.18 10.18 83.42 11.99
2013 5 62.03 21.92 8.2 15.06 131.99 13.72
2013 6 82.17 29.01 16.98 22.99 164.34 12.04
2013 7 129.37 29.46 15.98 22.72 180.33 13.47
2013 8 158.01 29.11 15.98 22.55 164.28 13.13
2013 9 88.75 27.4 11.95 19.68 134.56 15.45
2013 10 39.93 18.25 3.84 11.04 78.79 14.42
2013 11 36.71 14.06 1.43 7.75 44.14 12.62
2013 12 38.42 5.22 -4.39 0.42 21.1 9.61
2014 1 85.17 2.38 -9.11 -3.37 17.54 11.5
2014 2 28.34 5.22 -6.45 -0.61 24.78 11.67
2014 3 87.7 8.61 -3.88 2.36 46.41 12.49
2014 4 98.81 16.49 3.56 10.02 86.15 12.93
2014 5 112.28 22.32 10.2 16.26 128.62 12.13
2014 6 116.44 25.64 12.3 18.97 155.94 13.34
2014 7 175.05 30.49 17.49 23.99 182.73 13
2014 8 82.88 30.75 16.04 23.39 177.51 14.71
2014 9 85.25 24.74 11.39 18.06 119.7 13.35
2014 10 129.57 20.45 7.19 13.82 82.83 13.26
2014 11 100.19 13.01 0.4 6.7 42.32 12.61
2014 12 70.87 4.62 -4.76 -0.07 20.28 9.38
2015 1 130.88 4.4 -7.19 -1.39 20.02 11.59
2015 2 78.56 3.68 -7.82 -2.07 23.32 11.5
2015 3 97.09 8.16 -3.07 2.54 44.91 11.23
2015 4 120.08 15.29 4.16 9.72 79.71 11.13
2015 5 10.08 23.04 5.47 14.25 146.42 17.57
2015 6 122.97 28.7 14.95 21.82 170.86 13.75
2015 7 16.68 28.93 14.58 21.76 181.48 14.35
2015 8 72.19 29.15 15.23 22.19 166.96 13.92
2015 9 70.56 26.71 12.8 19.76 126.99 13.91
2015 10 78.17 17.29 4.65 10.97 72.8 12.64
2015 11 33.3 10.27 -1.53 4.37 36.61 11.8
2015 12 127.59 4.94 -5.15 -0.1 20.86 10.09
2016 1 70.99 1.59 -9.45 -3.93 16.52 11.05
2016 2 18.3 4.69 -7.93 -1.62 24.25 12.62
2016 3 179.65 9.26 -1.44 3.91 46.23 10.7
2016 4 44.27 16.61 2.14 9.38 89.02 14.47
2016 5 96.5 25.51 10 17.76 151.83 15.5
2016 6 104.95 23.62 10.93 17.27 145.04 12.68
2016 7 153.25 31.85 18.27 25.06 191.52 13.58
2016 8 75.9 30.24 15.09 22.66 177.01 15.16
2016 9 119.45 23.19 8.81 16 117.08 14.38
2016 10 132.86 18.53 6.77 12.65 75.1 11.75
2016 11 124.24 10.8 -0.75 5.03 37.74 11.55
2016 12 127.32 3.41 -6.43 -1.51 19.1 9.85
2017 1 84.12 5.45 -5.59 -0.07 21.12 11.04
2017 2 100.71 2.32 -9.25 -3.46 20.58 11.57
2017 3 87.2 9.84 -1.51 4.17 48.18 11.35
2017 4 33.36 16.73 3.6 10.17 87.28 13.14
2017 5 93.82 20.42 6.88 13.65 125.52 13.54
2017 6 64.34 27.98 14.25 21.12 167.41 13.73
2017 7 126.4 28.98 14.57 21.77 182.14 14.41
2017 8 11.32 28.92 13.9 21.41 170.7 15.02
2017 9 105.08 26.95 13.86 20.4 126.25 13.09
2017 10 74.69 19.25 5.81 12.53 79.98 13.44
2017 11 141.17 12.19 2.08 7.13 38.57 10.11
2017 12 105.74 4.5 -6.13 -0.81 20.7 10.64
2018 1 163.97 1.51 -10.51 -4.5 16.53 12.02
2018 2 47.66 3.1 -8.62 -2.76 21.73 11.72
2018 3 103.01 7.33 -2.65 2.34 41.43 9.98
2018 4 193.31 16.09 3.2 9.64 84.84 12.89
2018 5 92.47 23.42 9.84 16.63 137.59 13.58
2018 6 79.69 25.16 11.29 18.23 155.74 13.86
2018 7 86.22 31 17.45 24.23 187.58 13.55
2018 8 57.48 29.25 14.47 21.86 171.34 14.78
2018 9 202.71 24.2 10.76 17.48 118.13 13.44
2018 10 31.01 20.93 5.86 13.4 87.12 15.07
2018 11 53.52 10.59 -0.07 5.26 36.62 10.66
2018 12 98.29 5.58 -4.38 0.6 21.7 9.96
2019 1 83.06 2.85 -7.78 -2.47 17.92 10.63
2019 2 77.69 2.25 -10.17 -3.96 21.32 12.42
2019 3 106.86 6.94 -2.69 2.12 40.73 9.63
2019 4 137.08 16.87 3.84 10.35 88.26 13.04
2019 5 162.1 21.62 8.31 14.97 130.28 13.31
2019 6 112.21 28.79 15.28 22.03 170.3 13.51
2019 7 127.23 28.26 16.45 22.36 167.17 11.81
2019 8 24.65 29.89 14.5 22.19 175.56 15.39
2019 9 65.53 25.72 12.06 18.89 122.97 13.66
2019 10 141.17 17.9 5.4 11.65 74.12 12.51
2019 11 88.19 13.14 1.99 7.56 40.71 11.15
2019 12 131.65 4.65 -5.4 -0.37 20.51 10.05
2020 1 68.14 2.38 -8.37 -2.99 17.4 10.75
2020 2 129.69 4.3 -8.01 -1.86 23.6 12.31
2020 3 139.48 5.69 -5.17 0.26 38.76 10.86
2020 4 173.79 15.12 2.61 8.86 81.21 12.51
2020 5 131.85 22.64 9.62 16.13 132.76 13.02
2020 6 89.17 25.49 12.63 19.06 153.51 12.87
2020 7 174.28 28.82 16.51 22.66 172.2 12.32
2020 8 47.19 28.83 15.04 21.93 165.75 13.78
2020 9 154.24 24.15 10.23 17.19 119.24 13.92
2020 10 45.35 21.2 6.81 14.01 86.79 14.39
2020 11 43.04 10.32 -1.62 4.35 37.22 11.94
2020 12 43.06 6.48 -3.21 1.63 22.61 9.7
2021 1 70.79 3.32 -7.51 -2.09 18.52 10.83
2021 2 153.65 2.17 -8.83 -3.33 20.26 11.01
2021 3 57.73 9.25 -2.46 3.39 47.23 11.71
2021 4 119.08 15.67 3.07 9.37 83.08 12.61
2021 5 113.73 21.92 7.57 14.75 133.67 14.34
2021 6 85.92 29.07 13.99 21.53 177.33 15.08
2021 7 98.88 30.23 15.89 23.06 187.58 14.33
2021 8 56.01 28.46 15.59 22.02 160.52 12.87
2021 9 303.21 24.87 13.04 18.96 115.46 11.83
2021 10 75.88 17.84 3.36 10.6 77.77 14.49
2021 11 68.01 12.34 1.58 6.96 39.5 10.76
2021 12 53.5 2.92 -7.1 -2.09 18.58 10.02
2022 1 55.99 1.55 -9.8 -4.13 16.51 11.35
2022 2 110.44 5.32 -6.81 -0.75 25.07 12.13
2022 3 145.68 6.67 -4.18 1.25 40.85 10.85
2022 4 40.5 16.75 3.18 9.96 88.06 13.57
2022 5 62.62 21.61 7.82 14.72 130.95 13.79
2022 6 71.23 26.26 11.92 19.09 162.2 14.34
2022 7 34.26 31.12 16.62 23.87 192.4 14.5
2022 8 51.26 28.68 14.97 21.82 164.87 13.71
2022 9 90.16 25.76 11.19 18.48 126.51 14.57
2022 10 31.03 21.05 6.42 13.73 86.77 14.63
2022 11 68.58 10.88 0.77 5.82 36.53 10.11
2022 12 32.84 5.85 -5.56 0.14 22.64 11.41
2023 1 98.3 2.68 -7.59 -2.45 17.63 10.27
2023 2 90.24 2.32 -9.64 -3.66 21.38 11.97
2023 3 145 10.6 -0.62 4.99 50.29 11.22
2023 4 123.06 16.94 2.87 9.9 90.22 14.07
2023 5 79.33 23.23 7.87 15.55 142.41 15.36
2023 6 75.95 29.24 15.23 22.24 174.29 14.01
2023 7 92.51 29.58 16.46 23.02 179.04 13.12
2023 8 215.05 27.96 17.12 22.54 148.67 10.85
2023 9 87.98 26.56 13.59 20.08 123.71 12.97
2023 10 100.33 16.58 2.96 9.77 72.43 13.62
2023 11 113.54 12.67 1.3 6.99 40.18 11.37
2023 12 132.38 3.97 -5.59 -0.81 19.5 9.56
2024 1 69.17 3.34 -7.63 -2.14 18.59 10.97
2024 2 65.65 6.05 -5.19 0.43 25.79 11.24
2024 3 93.98 5.23 -5.31 -0.04 37.56 10.55
2024 4 107.49 16.31 2.9 9.61 86.43 13.41
2024 5 31.17 23 7.84 15.42 140.25 15.15
2024 6 79.57 25.24 11.11 18.18 157.02 14.13
2024 7 72.65 30.79 17.1 23.95 187.31 13.69
2024 8 65.89 28.89 13.75 21.32 171.04 15.14
2024 9 131.98 24.7 10.55 17.62 121.73 14.15
2024 10 68.1 22.33 8.92 15.62 88.03 13.4
2024 11 29.23 12.09 -0.83 5.63 40.96 12.91
2024 12 146.5 4.6 -4.97 -0.19 20.36 9.57
2025 1 55.55 2.96 -8.46 -2.75 18.24 11.43
2025 2 97.35 2.29 -8.69 -3.2 20.42 10.98
2025 3 28.1 8.78 -2.62 3.08 45.9 11.4
2025 4 80.82 16.58 3.41 9.99 86.84 13.17
2025 5 53.23 22.06 6.76 14.41 136.67 15.31
2025 6 173.21 27.88 14.2 21.04 166.82 13.68
2025 7 49.27 28.28 14.64 21.46 175.82 13.64
2025 8 37.07 28.88 15.06 21.97 166.15 13.83
2025 9 40.38 26.61 13.12 19.87 126.4 13.5
2025 10 88.65 18.92 4.27 11.6 80.94 14.65
2025 11 46.64 13.36 2.92 8.14 40.76 10.44
2025 12 59.11 4.24 -6.54 -1.15 20.41 10.77
2026 1 85.24 1.92 -8.72 -3.4 16.83 10.64
2026 2 111.61 5.26 -5.17 0.05 24.31 10.42
2026 3 30.28 6.23 -5.73 0.25 40.64 11.96
2026 4 138.47 13.87 1.97 7.92 76.4 11.9
2026 5 111.88 23.19 10.54 16.86 133.7 12.65
2026 6 77.91 25.68 12.99 19.34 153.56 12.68
2026 7 111.74 30.65 17.18 23.92 185.68 13.48
2026 8 114.09 28.43 15.43 21.93 160.96 13
2026 9 96.02 26.07 12.75 19.41 124.08 13.32
2026 10 138.86 21.77 8 14.89 87.28 13.78
2026 11 197.91 9.88 0.03 4.96 34.74 9.85
2026 12 86.48 6.09 -3.91 1.09 22.32 10.01
2027 1 180.77 3.74 -6.66 -1.46 18.88 10.4
2027 2 113.96 4.07 -8.33 -2.13 24.11 12.4
2027 3 121.58 8.32 -2.38 2.97 44.75 10.7
2027 4 260.32 15.51 2.92 9.21 83.24 12.59
2027 5 218.07 20.78 7.73 14.25 126.18 13.05
2027 6 99.57 27.79 14.47 21.13 165.26 13.32
2027 7 74.26 28.18 14.2 21.19 176.58 13.98
2027 8 44.9 28.98 14.44 21.71 168.58 14.54
2027 9 72.84 25.56 12.57 19.07 120.45 12.98
2027 10 25.95 17.83 3.82 10.82 76.25 14.01
2027 11 57.44 12.64 1.7 7.17 39.7 10.94
2027 12 76.81 3.39 -6.8 -1.7 19.06 10.19
2028 1 35.15 3.31 -7.05 -1.87 18.37 10.36
2028 2 126.65 6.09 -4.67 0.71 25.63 10.76
2028 3 81.89 6.72 -4.96 0.88 41.56 11.67
2028 4 54.41 18.24 4.57 11.4 92.97 13.67
2028 5 52.64 23.73 8.73 16.23 142.93 15
2028 6 74.89 26.99 13.29 20.14 163.1 13.71
2028 7 62.14 31.27 17.44 24.36 190.05 13.82
2028 8 43.72 28.22 14.06 21.14 164.65 14.16
2028 9 125.2 25.68 12.04 18.86 123.65 13.63
2028 10 92.2 19.9 7.3 13.6 80.19 12.6
2028 11 47.81 10.42 -1.4 4.51 37.31 11.82
2028 12 88.72 4.73 -6.41 -0.84 21.14 11.14
2029 1 72.56 1.44 -10.76 -4.66 16.45 12.2
2029 2 49.12 2.69 -8.92 -3.11 21.12 11.62
2029 3 125.33 9.2 -2.02 3.59 46.65 11.22
2029 4 153.33 16.24 2.59 9.42 86.6 13.65
2029 5 30.83 23.38 8.23 15.81 141.88 15.15
2029 6 65.56 28.96 14.32 21.64 175.18 14.64
2029 7 64.7 28.34 14.31 21.32 177.68 14.03
2029 8 85.05 29.6 16.26 22.93 167.16 13.34
2029 9 297.26 23.43 12.81 18.12 106.92 10.62
2029 10 37.93 19.04 4.67 11.86 80.85 14.36
2029 11 91.74 11.9 0.76 6.33 39.18 11.14
2029 12 73.17 2.99 -7.53 -2.27 18.82 10.52
2030 1 134.02 3.86 -8.65 -2.4 19.52 12.51
2030 2 38.71 4.74 -7.17 -1.22 24.15 11.91
2030 3 50.52 6.4 -5.37 0.51 40.91 11.76
2030 4 152.34 17.46 5.04 11.25 88.19 12.43
2030 5 102.53 22.62 9.01 15.82 134.51 13.61
2030 6 68 26.88 13.27 20.08 162.25 13.61
2030 7 41.59 31.84 16.95 24.39 197.39 14.89
2030 8 198.65 27.14 14.34 20.74 154.89 12.79
2030 9 164.67 24.94 11.49 18.22 120.69 13.46
2030 10 34.43 21.88 7.51 14.7 88.63 14.37
2030 11 83.54 10.92 -0.72 5.1 38 11.64
2030 12 70.42 7.38 -2.29 2.55 23.64 9.67
2031 1 46.33 3.13 -8.21 -2.54 18.42 11.34
2031 2 94.24 2.97 -8.36 -2.69 22.22 11.33
2031 3 96.54 7.49 -3.54 1.97 43.26 11.03
2031 4 49.84 14.62 1.31 7.96 81.61 13.31
2031 5 118.71 21.46 9.06 15.26 126.82 12.39
2031 6 88.24 29.84 15.14 22.49 179.71 14.71
2031 7 106 27.9 14.54 21.22 172.73 13.36
2031 8 152.44 29.8 16.55 23.18 166.89 13.25
2031 9 59.29 25.26 10.91 18.08 123.29 14.36
2031 10 338.29 19.16 6.4 12.78 77.75 12.76
2031 11 57.95 14.35 1.94 8.15 43.95 12.42
2031 12 50.57 3.58 -6.75 -1.58 19.35 10.33
2032 1 127.44 3.75 -7.04 -1.64 19.03 10.8
2032 2 84.4 6.14 -7.85 -0.85 26.74 13.98
2032 3 110.08 6.36 -5.36 0.5 40.79 11.71
2032 4 280.46 15.19 2.51 8.85 81.71 12.68
2032 5 61.06 20.89 7.28 14.08 127.58 13.61
2032 6 94.49 26.13 12.26 19.19 159.96 13.87
2032 7 50.02 31.25 18.43 24.84 185.06 12.81
2032 8 151.43 27.44 15.15 21.29 153.97 12.29
2032 9 124.92 25.63 11.95 18.79 123.65 13.68
2032 10 103.42 21.84 6.65 14.24 89.86 15.19
2032 11 212.48 12.05 1.02 6.54 39.31 11.03
2032 12 36.12 5.11 -4.65 0.23 21.04 9.76
2033 1 28.51 2.87 -9.57 -3.35 18.26 12.44
2033 2 55.84 1.64 -11.24 -4.8 19.69 12.88
2033 3 145.35 11.52 0.81 6.16 51.06 10.71
2033 4 71.76 12.71 1.2 6.95 72.31 11.51
2033 5 120.55 22.55 8.04 15.3 136.73 14.51
2033 6 107.49 28.61 15.42 22.01 167.88 13.19
2033 7 96.84 28.49 15.42 21.95 174.26 13.07
2033 8 91.33 29.73 16.39 23.06 167.65 13.34
2033 9 63.93 26.3 12.42 19.36 126.47 13.88
2033 10 139.22 20.3 4.85 12.58 85.87 15.44
2033 11 52.34 12.73 1.22 6.98 40.88 11.51
2033 12 77.68 4.15 -6.48 -1.17 20.26 10.63
2034 1 107.84 1.66 -8.82 -3.58 16.5 10.48
2034 2 58.32 4.25 -7.71 -1.73 23.45 11.96
2034 3 113.06 6.59 -3.83 1.38 40.3 10.41
2034 4 94.89 16.84 2.97 9.91 88.85 13.87
2034 5 111.99 21.22 8.02 14.62 127.77 13.21
2034 6 102.22 26.93 13.32 20.13 162.47 13.61
2034 7 70.57 30.92 18.03 24.47 184.01 12.89
2034 8 88.35 28.13 15.38 21.76 158.7 12.75
2034 9 64.95 25.9 11.61 18.76 126.27 14.3
2034 10 102.01 20.14 6.02 13.08 83.49 14.12
2034 11 61.26 12.54 0.66 6.6 40.92 11.88
2034 12 109.56 7.38 -3 2.19 24.06 10.38
2035 1 105.28 4.11 -6.77 -1.33 19.48 10.88
2035 2 29.59 2 -10.43 -4.21 20.93 12.42
2035 3 94.2 8.83 -1.84 3.5 45.83 10.67
2035 4 43.58 14.93 0.33 7.63 84.38 14.6
2035 5 158.62 21.67 8.85 15.26 128.98 12.82
2035 6 32.38 28.09 12.6 20.35 174.63 15.49
2035 7 101.88 28.43 15.45 21.94 173.43 12.98
2035 8 74.54 29.67 17.03 23.35 163.71 12.64
2035 9 271.74 25.61 12.89 19.25 119.8 12.72
2035 10 72.07 19.59 6.71 13.15 79.04 12.87
2035 11 65.21 13.88 1.19 7.53 43.39 12.69
2035 12 25.73 3.14 -7.69 -2.27 18.96 10.83
2036 1 94.48 1.89 -8.93 -3.52 16.83 10.82
2036 2 27.44 4.09 -7.67 -1.79 23.18 11.77
2036 3 53.55 7.21 -3.3 1.96 41.71 10.51
2036 4 110.79 15.69 4.34 10.01 80.66 11.34
2036 5 96.58 22.15 7.21 14.68 136.18 14.95
2036 6 116.97 26.41 13.93 20.17 155.75 12.48
2036 7 164.11 30.99 19.22 25.1 178.5 11.77
2036 8 49.97 27.89 13.41 20.65 164.37 14.48
2036 9 171.38 27.01 12.68 19.84 130.16 14.33
2036 10 117.41 20.02 6.55 13.28 82.09 13.48
2036 11 58.26 10.66 0.37 5.52 36.39 10.29
2036 12 79.29 7.32 -3.25 2.04 24.1 10.58
2037 1 103.24 3.49 -7.1 -1.81 18.66 10.59
2037 2 12.57 1.43 -11 -4.79 19.36 12.43
2037 3 85.51 9.97 -1.75 4.11 48.86 11.73
2037 4 114.41 14.06 1 7.53 78.82 13.06
2037 5 97.99 22.53 7.98 15.26 136.74 14.55
2037 6 98.61 27.18 13.82 20.5 162.53 13.36
2037 7 81.39 28.54 15.34 21.94 175.05 13.2
2037 8 42.75 29.05 14.79 21.92 168.5 14.26
2037 9 130.56 24.96 10.94 17.95 122.28 14.02
2037 10 106.96 19.89 5.8 12.85 82.76 14.09
2037 11 97.16 13.53 3.33 8.43 40.77 10.21
2037 12 103.21 3.64 -7.72 -2.04 19.85 11.37
2038 1 42.26 2.56 -8.7 -3.07 17.71 11.26
2038 2 60.04 5.18 -6.9 -0.86 24.85 12.08
2038 3 120.26 7.64 -2.31 2.67 42.03 9.95
2038 4 30.3 16.39 2.29 9.34 87.73 14.09
2038 5 67.88 23.94 8.47 16.2 145.06 15.47
2038 6 177.45 27.26 14.11 20.68 162 13.15
2038 7 173.67 30.13 18.57 24.35 173.78 11.56
2038 8 63.24 28.41 14.57 21.49 164.24 13.84
2038 9 126.05 23.83 12.33 18.08 111.14 11.5
2038 10 40.98 20.6 6.06 13.33 85.39 14.54
2038 11 101.69 10.13 0.21 5.17 35.2 9.92
2038 12 138.91 3.97 -5.73 -0.88 19.69 9.71
2039 1 119.16 2.73 -9.19 -3.23 18.04 11.92
2039 2 56.68 2.29 -9.87 -3.79 21.35 12.16
2039 3 117.36 7.96 -3.56 2.2 44.73 11.52
2039 4 54.53 15.87 1.61 8.74 87 14.26
2039 5 43.5 22.39 7.48 14.94 137.75 14.91
2039 6 63.98 28.32 15.41 21.86 165.73 12.91
2039 7 60.07 27.85 15.21 21.53 169.41 12.65
2039 8 28.47 29.8 16.52 23.16 167.03 13.28
2039 9 167.45 24.2 11.28 17.74 115.87 12.93
2039 10 308.3 19.36 6.33 12.85 78.75 13.03
2039 11 71.52 13.28 2.81 8.04 40.22 10.48
2039 12 66.45 2.63 -7.43 -2.4 18.13 10.06
2040 1 121.46 2.35 -8.91 -3.28 17.47 11.26
2040 2 28.53 4.89 -6.33 -0.72 24.15 11.22
2040 3 162.8 7.91 -3.56 2.17 44.05 11.47
2040 4 211.65 14.97 4.09 9.53 77.62 10.88
2040 5 115.62 21.33 8.07 14.7 128.34 13.26
2040 6 52.96 27.65 13.35 20.5 168.21 14.31
2040 7 170.6 31.83 18.35 25.09 190.95 13.48
2040 8 39.82 27.31 14.35 20.83 156.2 12.95
2040 9 67.1 25.58 11.98 18.78 123.22 13.6
2040 10 28.85 20.52 6.01 13.26 85.11 14.51
2040 11 60.81 10.11 -0.49 4.81 35.81 10.6
2040 12 73.35 5.14 -4.45 0.35 20.99 9.59
2041 1 63.64 0.63 -10.3 -4.83 15.36 10.93
2041 2 69.41 1.5 -8.83 -3.66 19.18 10.33
2041 3 77.67 11.09 -0.7 5.19 51.41 11.79
2041 4 156.51 13.17 0.92 7.04 74.86 12.25
2041 5 57.21 22.41 8.1 15.25 135.62 14.31
2041 6 26.95 29.17 13.68 21.42 179.22 15.49
2041 7 162.61 28.74 17 22.87 169 11.74
2041 8 85.91 29.44 16.81 23.13 163.39 12.63
2041 9 320.46 24.05 11.27 17.65 115.79 12.78
2041 10 76.7 18.1 5.69 11.9 75.27 12.41
2041 11 136.43 13.4 1.69 7.54 42.18 11.71
2041 12 75.57 3.17 -7.15 -1.99 18.97 10.32
2042 1 127.76 2.74 -9.36 -3.31 18.06 12.1
2042 2 64.49 4.49 -5.78 -0.65 23.2 10.27
2042 3 83.81 6.81 -4.17 1.32 41.25 10.98
2042 4 63.08 19.77 4.99 12.38 99.9 14.77
2042 5 106.78 21.98 8.79 15.38 130.66 13.18
2042 6 96.63 27.39 13.63 20.51 165.02 13.76
2042 7 138.42 30.71 17.97 24.34 182.39 12.74
2042 8 127.44 27.8 14.52 21.16 159.54 13.28
2042 9 114.3 23.45 12.84 18.15 106.95 10.61
2042 10 154.99 20.2 6.91 13.56 82.24 13.29
2042 11 119.15 10.22 -2 4.12 37.27 12.22
2042 12 64.51 5.87 -2.89 1.49 21.32 8.76
2043 1 63.45 1.22 -10.83 -4.8 16.17 12.06
2043 2 29.73 1.53 -8.61 -3.54 19.85 10.14
2043 3 73.32 8.96 -0.8 4.08 45.01 9.75
2043 4 48.26 15.97 2.71 9.34 85.8 13.26
2043 5 91.3 21.66 7.77 14.72 132.07 13.89
2043 6 145.1 27.87 14.16 21.01 167.14 13.71
2043 7 47.79 28.54 14.39 21.46 178.87 14.15
2043 8 43.58 30.39 15.92 23.15 174.29 14.46
2043 9 59.88 24.97 10.81 17.89 121.79 14.16
2043 10 165.66 19.61 6.3 12.96 79.86 13.31
2043 11 75.56 12.68 0.21 6.45 41.17 12.47
2043 12 126.55 2.72 -7.53 -2.41 18.29 10.25
2044 1 62.23 2.25 -8.52 -3.14 17.25 10.77
2044 2 83.4 5.53 -3.78 0.88 24.05 9.32
2044 3 140.31 8.08 -2.79 2.65 43.9 10.87
2044 4 142.1 17.06 4.19 10.63 87.79 12.86
2044 5 64.99 21.57 7.81 14.69 130.69 13.76
2044 6 117.79 27.79 13.74 20.77 167.83 14.05
2044 7 89.16 30.58 17.51 24.04 183.46 13.07
2044 8 68.2 28.8 15.49 22.14 163.72 13.31
2044 9 95.76 25.55 11.3 18.42 124.93 14.25
2044 10 94.94 18.96 6.49 12.72 77.55 12.47
2044 11 77.94 10.53 -0.46 5.03 36.81 10.99
2044 12 118.68 6.63 -3.18 1.72 22.84 9.81
2045 1 99.55 3.18 -8.29 -2.55 18.5 11.47
2045 2 62.22 4.1 -9.35 -2.62 23.48 13.45
2045 3 38.51 10.9 -2.42 4.24 52.4 13.33
2045 4 175.45 13.92 1.56 7.74 77.31 12.36
2045 5 44.29 23.89 8.81 16.35 143.83 15.08
2045 6 66.67 26.97 12.31 19.64 166.46 14.66
2045 7 91.21 28.66 15.65 22.16 174.72 13.01
2045 8 24.79 29.43 15.69 22.56 168.08 13.74
2045 9 127.65 24.18 11.01 17.59 117.37 13.18
2045 10 40.24 19.07 3.87 11.47 82.09 15.2
2045 11 78.35 13.13 1.17 7.15 41.97 11.96
2045 12 57.15 2.99 -7.48 -2.25 18.8 10.47
2046 1 36.9 4.14 -7.6 -1.73 19.73 11.74
2046 2 72.1 3.31 -8.64 -2.66 22.08 11.95
2046 3 95.13 7.27 -2.83 2.22 41.45 10.11
2046 4 52.55 19.02 4.76 11.89 96.52 14.25
2046 5 167.93 20.6 8.99 14.79 120.43 11.61
2046 6 95.59 27.34 13.77 20.56 164.06 13.57
2046 7 101.03 29.7 16.73 23.21 179.14 12.98
2046 8 100.43 27.82 13.64 20.73 163 14.18
2046 9 43.46 25.26 10.71 17.98 124.68 14.55
2046 10 193.5 18.67 5.34 12.01 78.3 13.34
2046 11 96.46 12.45 0.75 6.6 40.58 11.7
2046 12 220.46 8.41 -1.44 3.48 24.95 9.85
2047 1 130.27 1.1 -10.25 -4.58 15.96 11.35
2047 2 87.19 2.51 -8.59 -3.04 21.5 11.11
2047 3 49.92 10.04 -1.44 4.3 49.33 11.49
2047 4 111.04 15.81 2.83 9.32 84.85 12.99
2047 5 102.26 23.37 8.84 16.1 140.84 14.53
2047 6 51.4 28.06 13.72 20.89 170.38 14.34
2047 7 63.62 28.92 16.18 22.55 174.41 12.73
2047 8 93.05 30.99 16.98 23.98 174.97 14
2047 9 62.98 23.55 9.64 16.59 116.34 13.92
2047 10 120.49 18.97 5.41 12.19 78.6 13.56
2047 11 52.5 13.04 0.78 6.91 41.6 12.26
2047 12 113.51 3.59 -5.85 -1.13 19 9.43
2048 1 103.59 3.34 -8.43 -2.54 18.76 11.77
2048 2 49.47 3.22 -7.98 -2.38 21.79 11.21
2048 3 96.87 7.2 -3.07 2.06 41.46 10.27
2048 4 56.84 17.27 5.18 11.23 86.92 12.09
2048 5 71.29 22.44 7.07 14.75 138.39 15.37
2048 6 82.57 26.74 14.2 20.47 157.37 12.54
2048 7 53.7 31.43 17.44 24.44 191.56 13.99
2048 8 36.67 27.43 14.07 20.75 158.35 13.37
2048 9 124.7 26.56 12.49 19.53 127.93 14.08
2048 10 54.32 19.76 6.09 12.93 81.72 13.67
2048 11 116.01 12.59 2.03 7.31 39.7 10.56
2048 12 56.06 5.48 -4.61 0.44 21.65 10.1
2049 1 102.41 1.78 -10.32 -4.27 16.87 12.1
2049 2 114.06 2.58 -8.75 -3.09 20.91 11.34
2049 3 66.55 9.29 -2.51 3.39 47.39 11.8
2049 4 109.25 14.11 1.11 7.61 78.87 12.99
2049 5 118.01 22.52 9 15.76 133.85 13.52
2049 6 39.36 27.5 13.22 20.36 167.39 14.27
2049 7 205.55 29.7 16.42 23.06 180.48 13.27
2049 8 120.55 30.71 16.44 23.57 175.62 14.27
2049 9 100.74 25.72 10.75 18.23 127.4 14.98
2049 10 157.91 19.78 5.5 12.64 82.75 14.28
2049 11 221.88 13.69 2.57 8.13 42.07 11.12
2049 12 179 3.67 -6.05 -1.19 19.35 9.72
2050 1 68.69 3.25 -8.16 -2.45 18.58 11.41
2050 2 71.85 2.86 -9.92 -3.53 21.54 12.78
2050 3 118.35 6.61 -3.27 1.67 39.86 9.89
2050 4 106.74 16.57 3.84 10.2 86.04 12.73
2050 5 115.53 21.48 8.16 14.82 129.14 13.33
2050 6 142.26 26.69 13.99 20.34 157.81 12.7
2050 7 63.66 30.67 17.37 24.02 184.94 13.3
2050 8 96.11 27.42 14 20.71 158.52 13.42
2050 9 87.46 24.4 10.9 17.65 118.99 13.5
2050 10 38.36 19.58 6.05 12.81 81 13.53
2050 11 110.87 10.81 -0.24 5.29 37.33 11.05
2050 12 78.81 4.89 -4.73 0.08 20.72 9.62
2051 1 80.97 1.29 -10.26 -4.49 16.22 11.55
2051 2 73.56 2.35 -8.26 -2.95 21.14 10.61
2051 3 28.11 8 -3.95 2.03 45.15 11.95
2051 4 165.57 12.83 1.04 6.94 73.76 11.79
2051 5 137.37 23.84 8.09 15.97 146.02 15.75
2051 6 138.12 26.34 13.94 20.13 155.36 12.4
2051 7 53.47 30.23 16.09 23.16 186.6 14.15
2051 8 59.28 29.28 16.17 22.72 164.22 13.11
2051 9 305.14 24.51 11.62 18.06 116.76 12.89
2051 10 98.63 20.9 6.72 13.81 84.73 14.18
2051 11 180.29 13.12 2.38 7.75 40.26 10.74
2051 12 150.27 3.28 -7.21 -1.97 19.03 10.48
2052 1 50.27 3.44 -6.94 -1.75 18.53 10.38
2052 2 66.22 2.95 -8.47 -2.76 21.46 11.42
2052 3 94.16 8.52 -1.5 3.51 43.92 10.02
2052 4 68.51 18.34 5.51 11.93 91.68 12.83
2052 5 84.25 20.02 6 13.01 125.13 14.03
2052 6 70.82 29.3 15.18 22.24 174.68 14.12
2052 7 122.85 30.74 17.72 24.23 183.87 13.02
2052 8 63.15 28.33 13.29 20.81 168.23 15.04
2052 9 118.78 25.53 12.72 19.12 120.74 12.81
2052 10 48.31 17.43 4.51 10.97 74.38 12.92
2052 11 148.65 11.93 0.58 6.25 39.41 11.35
2052 12 108.43 4.31 -5.46 -0.57 20.12 9.78
2053 1 111.55 1.27 -9.08 -3.9 16.02 10.35
2053 2 58.11 3.77 -6.41 -1.32 22.19 10.18
2053 3 64.58 8.19 -3.51 2.34 44.85 11.7
2053 4 178.44 15.25 2.46 8.86 82.1 12.79
2053 5 121.86 23.69 9.63 16.66 140.15 14.06
2053 6 118.19 27.09 13.21 20.15 164.16 13.88
2053 7 131.98 28.38 15.31 21.85 173.76 13.06
2053 8 57.77 30.3 16.81 23.55 170.67 13.49
2053 9 79.22 23.74 9.61 16.68 118.39 14.13
2053 10 46.2 18.78 5.06 11.92 79.2 13.72
2053 11 45.08 13.2 1.33 7.27 42.02 11.87
2053 12 123.35 3.02 -5.83 -1.41 18.21 8.85
2054 1 84.33 3.3 -6.66 -1.68 18.23 9.96
2054 2 174.74 1.56 -10.53 -4.48 19.54 12.1
2054 3 96.13 6.14 -4.92 0.61 39.86 11.05
2054 4 139.49 16.47 4.09 10.28 85.08 12.38
2054 5 34.48 21.68 7.7 14.69 131.71 13.98
2054 6 59.14 29.11 14.6 21.85 175.37 14.51
2054 7 101.71 30.31 17.19 23.75 182.49 13.12
2054 8 61.5 28.88 15.07 21.98 166.08 13.81
2054 9 61.09 27.11 12.95 20.03 130.05 14.16
2054 10 62.6 18.64 6.28 12.46 76.51 12.36
2054 11 105.74 14.68 2.84 8.76 44.45 11.84
2054 12 156.62 6.4 -2.46 1.97 21.98 8.86
2055 1 30.09 -0.2 -11.67 -5.93 14.4 11.46
2055 2 66.31 3.72 -7.56 -1.92 23.31 11.28
2055 3 64.69 7.96 -2.93 2.52 44.18 10.89
2055 4 80.95 15.57 2.33 8.95 84.51 13.24
2055 5 117.31 23.03 9.48 16.26 136.62 13.55
2055 6 88.41 26.43 11.77 19.1 164.31 14.66
2055 7 93.38 30.1 16.64 23.37 182.91 13.45
2055 8 68.82 30.82 17.57 24.19 171.03 13.25
2055 9 116.53 22.97 8.92 15.95 114.68 14.05
2055 10 43 19.74 6.81 13.28 79.54 12.93
2055 11 138.59 12.63 1.56 7.09 39.8 11.06
2055 12 119.6 6.36 -4.22 1.07 22.78 10.58
2056 1 79.93 2.3 -8.05 -2.87 17.21 10.35
2056 2 115.99 3.85 -9.06 -2.61 23.03 12.9
2056 3 108.85 6.33 -2.84 1.74 38.53 9.16
2056 4 109.44 15.89 3.03 9.46 84.2 12.87
2056 5 97.51 21.76 6.97 14.36 134.16 14.79
2056 6 53.37 29.34 14.38 21.86 178.13 14.96
2056 7 77.46 31.06 16.86 23.96 190.85 14.21
2056 8 73.47 28.21 15.19 21.7 160.14 13.02
2056 9 54.83 26.88 13.32 20.1 127.5 13.56
2056 10 153.33 17.23 5.69 11.46 71.51 11.54
2056 11 82.63 11 -0.44 5.28 37.96 11.43
2056 12 37.47 5.02 -5.06 -0.02 21.09 10.09
2057 1 58.93 1.74 -10.29 -4.28 16.81 12.02
2057 2 42.07 3.02 -9.42 -3.2 21.74 12.44
2057 3 102.11 7.77 -3.3 2.23 43.42 11.08
2057 4 48.08 13.84 0.6 7.22 78.38 13.24
2057 5 72.37 23.01 8.46 15.73 138.72 14.55
2057 6 52.68 26.48 11.87 19.17 164.08 14.61
2057 7 88.78 29.63 15.82 22.73 182.64 13.81
2057 8 127.08 31.15 16.44 23.79 179.23 14.71
2057 9 58.7 23.85 9.75 16.8 118.73 14.11
2057 10 17.68 18.99 4.92 11.95 80.31 14.08
2057 11 56.03 11.65 1.3 6.47 37.99 10.35
2057 12 85.21 2.65 -7.07 -2.21 18.16 9.72
2058 1 54.4 2.47 -9.16 -3.35 17.67 11.63
2058 2 119.47 2.7 -7.42 -2.36 20.73 10.12
2058 3 110.52 6.6 -4 1.3 40.5 10.6
2058 4 121.18 16.61 4.33 10.47 85.33 12.29
2058 5 146.27 20.13 7.11 13.62 122.96 13.02
2058 6 122.48 26.77 14.52 20.64 156.23 12.25
2058 7 78.81 29.77 16.05 22.91 182.8 13.72
2058 8 64.51 29.05 15.4 22.22 166.14 13.65
2058 9 50.1 26.03 11.31 18.67 127.82 14.72
2058 10 62.64 18 4.53 11.26 76.72 13.46
2058 11 33.83 11.29 -0.33 5.48 38.6 11.62
2058 12 64.11 6.77 -3.06 1.85 23.02 9.83
2059 1 69.56 1.15 -8.4 -3.63 15.7 9.55
2059 2 38.01 4.65 -6.46 -0.91 24.61 11.11
2059 3 30.87 8.55 -2.8 2.87 45.88 11.35
2059 4 147.31 13.32 1.25 7.28 75.69 12.08
2059 5 139.57 23.33 10.26 16.79 136.31 13.07
2059 6 89.92 25.9 13.16 19.53 154.94 12.74
2059 7 40.76 30.87 16.36 23.61 191.07 14.51
2059 8 118.63 30.88 16.6 23.74 175.66 14.28
2059 9 45.69 24.8 10.31 17.55 122.03 14.49
2059 10 63.74 19.51 6.28 12.9 79.48 13.23
2059 11 157.3 12.29 1.99 7.14 38.49 10.31
2059 12 107.46 3.46 -6.68 -1.61 19.13 10.14
2060 1 85.12 2.43 -7.93 -2.75 17.35 10.35
2060 2 82.88 2.31 -10.36 -4.02 20.7 12.67
2060 3 80.7 8.63 -2.02 3.31 44.85 10.65
2060 4 83.32 16.56 3.47 10.02 86.68 13.09
2060 5 95.81 20.25 7.11 13.68 123.78 13.14
2060 6 115.08 28.25 13.83 21.04 171.26 14.42
2060 7 100.04 29.72 15.44 22.58 185.01 14.28
2060 8 81.61 29.54 15.86 22.7 168.34 13.69
2060 9 130.68 26.13 14.01 20.07 120.45 12.12
2060 10 64.25 18.86 5.05 11.96 79.55 13.81
2060 11 155.69 12.49 1.07 6.78 40.41 11.42
2060 12 167.01 4.07 -6.84 -1.38 20.25 10.91
2061 1 120.59 0.65 -10.1 -4.72 15.37 10.75
2061 2 54.44 5.78 -4.18 0.8 24.77 9.96
2061 3 55.83 7.91 -3.08 2.42 43.66 11
2061 4 163.09 15.66 2.91 9.29 83.27 12.75
2061 5 81.69 25.41 9.74 17.57 151.84 15.67
2061 6 120.95 25.41 12.95 19.18 151.58 12.46
2061 7 141.48 29.44 16.93 23.19 175.8 12.51
2061 8 62.91 31.08 16.14 23.61 179.79 14.93
2061 9 183.39 23.69 10.09 16.89 116.87 13.6
2061 10 40.24 21.64 7.68 14.66 87.27 13.97
2061 11 86.03 12.24 -0.13 6.05 40.81 12.37
2061 12 111.28 5.11 -5.78 -0.33 21.54 10.9
2062 1 87.56 5.37 -4.49 0.44 20.53 9.86
2062 2 143.14 2.33 -8.11 -2.89 20.34 10.44
2062 3 46.36 8.2 -3.11 2.54 44.54 11.3
2062 4 132.35 18.43 4.94 11.68 93.24 13.49
2062 5 22.55 21.83 5.47 13.65 137.92 16.35
2062 6 41.31 28.02 14.53 21.27 166.66 13.49
2062 7 122.11 31.34 17.22 24.28 191.74 14.12
2062 8 92.24 28.76 14.6 21.68 166.94 14.17
2062 9 62.76 27.39 13.41 20.4 130.47 13.98
2062 10 36.2 17.99 3.36 10.68 78.36 14.63
2062 11 66.46 11.76 2.31 7.04 37.14 9.45
2062 12 66.36 5.08 -4.23 0.43 20.77 9.31
2063 1 139.27 2.06 -8.11 -3.02 16.89 10.17
2063 2 66.75 4.48 -6.52 -1.02 24.32 11
2063 3 115.65 7.1 -3.04 2.03 41.6 10.14
2063 4 127.79 15.34 2.65 8.99 82.86 12.69
2063 5 101.23 24.26 9.75 17 144.48 14.51
2063 6 153.52 26.64 13.87 20.25 158.16 12.77
2063 7 115.17 29.84 16.47 23.16 181.43 13.38
2063 8 98.86 29.75 16.61 23.18 166.21 13.14
2063 9 130.77 23.3 9.72 16.51 114.63 13.58
2063 10 25.85 19.88 5.81 12.85 81.81 14.07
2063 11 104.29 11.53 -0.01 5.76 38.48 11.54
2063 12 83.14 6.33 -4.12 1.1 22.68 10.45
2064 1 147.79 3.36 -6.34 -1.49 18.2 9.7
2064 2 26.17 2.76 -9.7 -3.47 21.35 12.47
2064 3 88.53 10.29 -1.1 4.59 49.23 11.4
2064 4 155.8 16.66 3.77 10.21 86.6 12.89
2064 5 46.02 21.73 6.92 14.32 134.05 14.81
2064 6 44.97 29.36 15.33 22.34 174.64 14.04
2064 7 128.33 30.26 16.49 23.38 185.28 13.77
2064 8 84.15 27.86 15.37 21.61 156.5 12.49
2064 9 220.9 26.13 14.19 20.16 119.82 11.94
2064 10 193.11 19.16 6.29 12.72 78.77 12.87
2064 11 110.33 12.93 3.05 7.99 39.44 9.88
2064 12 37.6 4.01 -6.58 -1.28 20.08 10.59
2065 1 63.1 2.38 -8.33 -2.98 17.39 10.71
2065 2 62.8 5.15 -7.43 -1.14 24.94 12.58
2065 3 59.76 7.36 -4.22 1.57 42.92 11.58
2065 4 148 14.43 1.88 8.16 79.17 12.55
2065 5 126.1 22.44 9.29 15.87 132.4 13.15
2065 6 66.46 26.3 12.43 19.37 160.72 13.87
2065 7 61.57 30.31 16.5 23.41 185.68 13.81
2065 8 96.8 28.75 15.48 22.11 163.36 13.27
2065 9 134.44 24.34 10.77 17.55 118.96 13.57
2065 10 105.4 22.12 7.72 14.92 89.33 14.4
2065 11 91.74 12.81 0.09 6.45 42.08 12.72
2065 12 156.09 4.75 -5.49 -0.37 20.84 10.24
2066 1 87.66 5.14 -5.24 -0.05 20.5 10.39
2066 2 40.54 2.38 -9.99 -3.81 20.77 12.37
2066 3 114.51 7.33 -3.19 2.07 41.98 10.52
2066 4 186.93 16.89 3.68 10.29 87.91 13.21
2066 5 111.56 22.05 8.12 15.09 133.14 13.94
2066 6 10.34 28.66 13.61 21.13 175.4 15.05
2066 7 131.71 29.3 16.01 22.66 178.77 13.28
2066 8 82.36 27.99 14.64 21.32 160.59 13.35
2066 9 185.87 26.4 13.41 19.91 124.16 12.99
2066 10 92.22 18.35 4.07 11.21 78.86 14.28
2066 11 112.04 12.32 1.4 6.86 39.64 10.92
2066 12 70.98 7.06 -2.84 2.11 23.4 9.9
2067 1 69.61 0.73 -10.29 -4.78 15.49 11.02
2067 2 41.37 2.96 -9.2 -3.12 22.38 12.16
2067 3 82.33 7.68 -4.01 1.83 44.22 11.69
2067 4 148.82 14.61 2.26 8.44 80.06 12.35
2067 5 56.82 24.76 9.66 17.21 148.27 15.1
2067 6 33.04 25.42 12.31 18.86 154.38 13.11
2067 7 89.31 30.87 17.13 24 187.7 13.74
2067 8 80.37 29.67 16.17 22.92 167.42 13.5
2067 9 52.74 25.6 10.24 17.92 126.91 15.36
2067 10 135.42 21.35 7.88 14.61 84.65 13.46
2067 11 178.61 11.11 1.09 6.1 36.36 10.02
2067 12 33.62 4.18 -6.35 -1.09 20.13 10.53
2068 1 56.4 4.61 -5.07 -0.23 19.59 9.68
2068 2 25.61 1.47 -10.91 -4.72 19.42 12.38
2068 3 58.07 6.95 -4.09 1.43 41.6 11.04
2068 4 57.64 16.49 2.88 9.68 87.29 13.61
2068 5 79.8 21.26 7.46 14.36 129.54 13.79
2068 6 115.66 29.18 16.26 22.72 169.15 12.93
2068 7 104.03 28.85 16.67 22.76 171.7 12.19
2068 8 52.98 28.5 15.16 21.83 162.59 13.33
2068 9 27.05 28.64 13.23 20.93 138.94 15.42
2068 10 170.39 16.89 4 10.44 72.93 12.88
2068 11 80.43 11.85 0.63 6.24 39.16 11.22
2068 12 116.55 5.03 -4.72 0.16 20.95 9.75
2069 1 80.88 0.41 -11.33 -5.46 15.15 11.74
2069 2 38.1 5.95 -6.14 -0.09 25.98 12.09
2069 3 115.61 7.02 -3.81 1.6 41.58 10.83
2069 4 45.38 16.88 1.1 8.99 91.63 15.78
2069 5 122.57 24.39 10.78 17.58 141.58 13.61
2069 6 40.65 25.78 11.16 18.47 161.05 14.63
2069 7 67.97 30 16.76 23.38 181.72 13.24
2069 8 92.57 30.19 16.57 23.38 170.73 13.62
2069 9 113.41 23.5 9.94 16.72 116.15 13.57
2069 10 119.35 19.61 6.96 13.28 79.53 12.65
2069 11 104.64 11.03 1.12 6.07 36.55 9.91
2069 12 161.82 5.28 -3.73 0.78 20.84 9.02
2070 1 53.99 2.59 -7.79 -2.6 17.55 10.38
2070 2 159.39 2.94 -7.67 -2.37 21.22 10.61
2070 3 194.46 9.42 -1.66 3.88 47.01 11.08
2070 4 122.59 15.19 3.88 9.54 79.16 11.31
2070 5 50.15 19.81 6.2 13 123.28 13.62
2070 6 73.98 28.58 14.37 21.48 171.94 14.21
2070 7 113.1 28.89 15.97 22.43 175.32 12.92
2070 8 93 28.45 14.94 21.7 163.13 13.51
2070 9 185.63 26.84 12.55 19.69 129.46 14.29
2070 10 56.49 17.46 3.55 10.51 75.96 13.92
2070 11 161.95 11.67 1.04 6.36 38.32 10.64
2070 12 46.56 5.13 -4.65 0.24 21.07 9.78
2071 1 32.34 1.8 -10.11 -4.16 16.87 11.91
2071 2 86.94 6.08 -5.36 0.36 26.85 11.44
2071 3 41.67 8.09 -4.02 2.03 45.47 12.11
2071 4 134.17 15.18 2.54 8.86 82.29 12.64
2071 5 162.38 22.93 10.21 16.57 133.58 12.72
2071 6 93.68 25.39 12.66 19.02 152.8 12.73
2071 7 76.18 29.57 15.72 22.65 182.32 13.85
2071 8 144.2 29.01 16.96 22.99 158.44 12.05
2071 9 142.18 23.95 11.21 17.58 114.55 12.75
2071 10 109.46 21.09 8.73 14.91 81.87 12.37
2071 11 25.06 10.37 -1.12 4.62 36.54 11.49
2071 12 62.79 4.69 -4.98 -0.14 20.38 9.68
2072 1 75.82 2.07 -8.33 -3.13 16.96 10.41
2072 2 94.46 2.66 -8.14 -2.74 20.88 10.8
2072 3 214.14 9.35 -0.67 4.34 45.65 10.02
2072 4 75.38 16.65 1.9 9.27 89.56 14.76
2072 5 63.03 21.19 7.05 14.12 130.17 14.14
2072 6 130.9 28.24 14.6 21.42 168.21 13.64
2072 7 60.28 28.98 15.08 22.03 180.08 13.9
2072 8 103.13 29.11 16.13 22.62 163.6 12.98
2072 9 40.23 27 12.33 19.67 131.07 14.67
2072 10 99.11 17.93 3.95 10.94 77.31 13.98
2072 11 89.63 13.03 2.18 7.61 40.71 10.85
2072 12 84.75 5.03 -4.45 0.29 20.8 9.48
2073 1 114.51 2.11 -6.86 -2.37 16.56 8.97
2073 2 136.48 4.99 -6.38 -0.7 24.34 11.37
2073 3 119.48 7.48 -2.72 2.38 41.96 10.2
2073 4 139.45 15.02 2.84 8.93 80.33 12.18
2073 5 99.51 22.89 9.54 16.21 134.75 13.34
2073 6 52.2 25.24 12.72 18.98 151.09 12.52
2073 7 112.98 30.52 17.97 24.25 180.54 12.54
2073 8 67.19 29.08 14.44 21.76 170.05 14.64
2073 9 113.71 24.99 11.44 18.22 121.08 13.54
2073 10 245.65 19.6 8.58 14.09 76.14 11.01
2073 11 32.67 9.4 -2.71 3.35 35.79 12.11
2073 12 83.65 5.21 -5.16 0.03 21.44 10.36
2074 1 109.17 3.81 -7.72 -1.95 19.28 11.53
2074 2 40.32 1.96 -10.42 -4.24 20.14 12.38
2074 3 83.55 7.26 -2.44 2.41 40.99 9.7
2074 4 117.5 17.15 4.46 10.81 87.77 12.69
2074 5 71.6 21.53 7.67 14.6 130.8 13.86
2074 6 99.38 28.93 15.08 22 171.96 13.85
2074 7 141.8 27.56 15.09 21.33 167.52 12.47
2074 8 85.84 29.02 15.41 22.21 165.84 13.61
2074 9 59.56 26.21 12 19.1 127.06 14.21
2074 10 58.27 19.95 4.01 11.98 85.53 15.94
2074 11 126.44 11.26 0.16 5.71 38.1 11.1
2074 12 109.3 3.87 -5.98 -1.05 19.64 9.86
2075 1 87.62 2.78 -6.86 -2.04 17.54 9.64
2075 2 46.48 5.03 -5.27 -0.12 24.79 10.29
2075 3 30.92 8.15 -4.29 1.93 45.83 12.44
2075 4 145.49 16.23 4.33 10.28 84.1 11.9
2075 5 37.52 23.24 9.52 16.38 137.94 13.72
2075 6 69.52 24.05 11.5 17.78 146.54 12.54
2075 7 85.45 30.42 16.11 23.26 188.13 14.31
2075 8 52.16 29.01 15.04 22.03 166.61 13.97
2075 9 168.95 24.41 11.68 18.04 115.93 12.72
2075 10 123.85 19.19 6.36 12.77 77.97 12.84
2075 11 30.94 10.67 -2.39 4.14 38.11 13.06
2075 12 120.94 5.61 -4.68 0.46 21.74 10.29
2076 1 85.23 4.8 -5.9 -0.55 20.22 10.7
2076 2 124.43 3.71 -8.45 -2.37 22.71 12.16
2076 3 70.87 8.08 -3.57 2.26 44.58 11.65
2076 4 120.45 15.97 3.49 9.73 83.77 12.49
2076 5 84.73 23.22 7.88 15.55 141.7 15.35
2076 6 79.82 29.51 15.99 22.75 173.15 13.52
2076 7 114.44 29.42 15.56 22.49 181.91 13.87
2076 8 41.82 28.92 14.55 21.73 168.39 14.37
2076 9 20.82 26.65 11.32 18.99 131.59 15.33
2076 10 101.33 18.68 6.65 12.66 75.99 12.02
2076 11 149.8 14.11 3.51 8.81 42.14 10.6
2076 12 137.82 5.08 -4.77 0.15 21.04 9.84
2077 1 16.42 3.57 -6.68 -1.55 18.64 10.25
2077 2 80.62 3.85 -7.54 -1.85 22.72 11.39
2077 3 152.4 8.5 -2.18 3.16 44.61 10.68
2077 4 71.01 15.85 2.83 9.34 84.32 13.02
2077 5 75.44 23.32 9.87 16.6 136.79 13.45
2077 6 92 26.21 14.03 20.12 153.66 12.18
2077 7 100.46 31.48 17.46 24.47 191.92 14.02
2077 8 32.56 29.84 14.65 22.24 175.37 15.19
2077 9 14.12 24.94 9.53 17.24 125.66 15.41
2077 10 56.34 22.35 7.49 14.92 90.77 14.87
2077 11 31.06 11.76 -1.97 4.89 40.9 13.73
2077 12 73.1 3.84 -5.8 -0.98 19.51 9.64
2078 1 79.7 5.02 -6.32 -0.65 20.7 11.34
2078 2 30.38 2.33 -10.64 -4.15 20.74 12.97
2078 3 77.17 8.16 -2.49 2.83 43.86 10.66
2078 4 197.87 16.09 3.53 9.81 84.25 12.56
2078 5 62.61 22.03 7.86 14.95 133.69 14.17
2078 6 64.11 28.12 14.06 21.09 169.37 14.07
2078 7 73.56 28.91 15.38 22.15 178.12 13.52
2078 8 93.97 29 15.91 22.45 163.6 13.09
2078 9 122.55 26.16 12.23 19.2 126.14 13.93
2078 10 32.7 17.88 4.16 11.02 76.78 13.72
2078 11 90.39 14.1 2.02 8.06 43.71 12.08
2078 12 100.43 4.55 -5.18 -0.31 20.38 9.74
2079 1 107.91 2.44 -9.15 -3.36 17.62 11.59
2079 2 78.39 4.89 -5.46 -0.28 24.63 10.36
2079 3 125.56 7.43 -3.67 1.88 43.18 11.09
2079 4 30.43 16.48 2.69 9.59 88.3 13.79
2079 5 103.5 24.5 9.86 17.18 145.83 14.64
2079 6 127.77 26.5 13.63 20.07 157.96 12.86
2079 7 143.01 30.36 17.78 24.07 179.89 12.58
2079 8 178.56 28.57 15.82 22.2 159.84 12.75
2079 9 98.75 25.08 10.76 17.92 122.56 14.32
2079 10 107.93 21.54 7.74 14.64 85.77 13.8
2079 11 71.13 11.23 0.22 5.73 37.53 11.01
2079 12 93.92 4.55 -4.33 0.11 19.81 8.88
2080 1 168.83 2.8 -7.57 -2.38 17.8 10.37
2080 2 62.51 3.11 -9.6 -3.24 21.89 12.7
2080 3 51.39 8.39 -3.72 2.34 45.63 12.11
2080 4 63.58 15.29 1.87 8.58 83.23 13.42
2080 5 49.68 22.08 7.52 14.8 134.87 14.56
2080 6 34.75 27.83 15.21 21.52 162.14 12.61
2080 7 227.45 28.01 16.31 22.16 165.76 11.7
2080 8 151.53 29.25 15.52 22.38 167.25 13.72
2080 9 49.81 27.1 12.52 19.81 131.18 14.58
2080 10 94.36 18.43 5.66 12.04 76.73 12.77
2080 11 199.79 11.72 1.84 6.78 37.59 9.88
2080 12 12.09 3.54 -7.43 -1.95 19.61 10.96
