YEAR MONTH PRCP TMAX TMIN TAVG ET DIF
2000 1 157.65 1.65 -8.95 -3.65 16.55 10.6
2000 2 114.99 2.55 -8.49 -2.97 20.83 11.04
2000 3 72.68 4.54 -7.41 -1.44 36.89 11.96
2000 4 101.25 12.87 -0.35 6.26 75.36 13.22
2000 5 46.66 19.95 5 12.48 127 14.95
2000 6 57.56 24.23 10.77 17.5 150.38 13.46
2000 7 81.98 28.02 15.21 21.61 171.07 12.81
2000 8 92.42 26.77 13.06 19.91 156.9 13.71
2000 9 104.32 21.81 8.44 15.13 110.03 13.37
2000 10 33.98 16.71 2 9.36 75 14.71
2000 11 23.51 8.97 -2.23 3.37 34.52 11.2
2000 12 114.25 3.04 -7.42 -2.19 18.9 10.46
2001 1 119.15 0.15 -10.2 -5.02 14.77 10.35
2001 2 141.07 1.56 -9.62 -4.03 19.46 11.18
2001 3 82.71 5.64 -5.63 0.01 38.99 11.28
2001 4 77.69 11.67 -1 5.34 70.97 12.67
2001 5 115.19 20.62 5.8 13.21 129.49 14.82
2001 6 94.8 25.23 11.41 18.32 155.9 13.82
2001 7 74.61 27.07 13.65 20.36 169.51 13.42
2001 8 80.11 26.39 12.45 19.42 156.17 13.94
2001 9 71.68 20.41 7.66 14.03 103.89 12.75
2001 10 134.65 18.6 4.36 11.48 79.55 14.23
2001 11 31.53 9.49 -2.09 3.7 35.65 11.58
2001 12 122.79 0.28 -8.36 -4.04 15.14 8.64
2002 1 89.24 0.18 -12.72 -6.27 14.88 12.9
2002 2 72.98 3.29 -8.39 -2.55 22.04 11.68
2002 3 146.6 7.07 -4.52 1.28 42.35 11.59
2002 4 88.11 13.38 0.65 7.01 76.28 12.73
2002 5 46.94 19.1 4.59 11.84 122.49 14.51
2002 6 62.14 25.27 11.48 18.38 155.97 13.79
2002 7 95.44 27.32 12.84 20.08 174.75 14.48
2002 8 109.03 26.52 13.87 20.2 151.89 12.65
2002 9 144.42 23.31 9.47 16.39 116.23 13.84
2002 10 150.53 16.24 3 9.62 71.85 13.24
2002 11 49 9.18 -3.12 3.03 35.59 12.3
2002 12 72.72 0.73 -7.93 -3.6 15.65 8.66
2003 1 97.99 -0.13 -10.69 -5.41 14.47 10.57
2003 2 120.82 -0.34 -12 -6.17 17.4 11.67
2003 3 63.41 4.95 -6.75 -0.9 38.12 11.7
2003 4 132.01 13.17 2.12 7.65 73.49 11.05
2003 5 94.98 19.75 5.32 12.54 125.63 14.44
2003 6 38.28 24.16 11.28 17.72 148.25 12.88
2003 7 86.22 28.65 14.57 21.61 179.1 14.08
2003 8 50.95 26.74 12.23 19.49 158.93 14.5
2003 9 115.65 22.01 11.28 16.65 102.36 10.73
2003 10 77.73 17.15 2.08 9.62 75.83 15.07
2003 11 70.38 9.3 -2.7 3.3 35.21 12.01
2003 12 147.59 2.96 -6.96 -2 18.51 9.92
2004 1 122.45 0.8 -8.27 -3.73 15.22 9.07
2004 2 97.37 3.17 -7.15 -1.99 21.48 10.33
2004 3 99.51 5.92 -5.02 0.45 39.36 10.94
2004 4 153.41 13.2 -0.43 6.38 76.94 13.63
2004 5 76.85 19.6 5.05 12.32 124.67 14.56
2004 6 43.87 24.19 10.76 17.48 150.13 13.44
2004 7 138.09 27.33 14.24 20.79 169.3 13.09
2004 8 50.88 26.53 12.32 19.43 157.7 14.21
2004 9 88.74 22.2 8.42 15.31 112.35 13.78
2004 10 127.99 17.85 4.3 11.08 76.54 13.55
2004 11 52.13 9.78 -2.16 3.81 36.39 11.94
2004 12 72.41 2.58 -7.63 -2.53 18.27 10.21
2005 1 93.11 0.93 -8.7 -3.88 15.52 9.63
2005 2 179.31 3.59 -6.66 -1.54 22.02 10.25
2005 3 81.4 4.9 -5.63 -0.37 36.88 10.53
2005 4 55.56 13.22 0.11 6.66 76.31 13.11
2005 5 70.77 19.98 4.84 12.41 127.55 15.15
2005 6 123.31 24.22 11.19 17.7 148.8 13.03
2005 7 52.3 27.06 13.36 20.21 170.6 13.7
2005 8 77.38 26.47 11.63 19.05 159.54 14.84
2005 9 48.23 22.06 8.71 15.39 110.84 13.35
2005 10 114.16 16.22 1.78 9 73.35 14.44
2005 11 89.1 8.83 -1.68 3.57 33.76 10.51
2005 12 91.69 3.15 -7.51 -2.18 19.1 10.66
2006 1 117.67 2.04 -9.99 -3.97 17.23 12.03
2006 2 64.2 -0.39 -12.15 -6.27 16.72 11.76
2006 3 93.48 5.53 -5.83 -0.15 38.77 11.35
2006 4 136.54 13.51 1.17 7.34 76.1 12.34
2006 5 123.79 19.54 5.87 12.71 122.35 13.67
2006 6 95.31 25.32 11.5 18.41 156.29 13.82
2006 7 78.03 26.9 13.43 20.17 168.96 13.47
2006 8 200.25 26.17 13.96 20.06 148.69 12.21
2006 9 50.6 23.61 9.34 16.47 118.34 14.27
2006 10 237.13 17.6 3.9 10.75 76.09 13.7
2006 11 32.9 10.28 -1.7 4.29 37.26 11.98
2006 12 41.76 -0.65 -11.57 -6.11 14.47 10.92
2007 1 35.79 0.18 -11.61 -5.72 14.9 11.79
2007 2 65.56 0.77 -11.38 -5.31 19.07 12.15
2007 3 89.85 6.05 -4.78 0.64 40.02 10.83
2007 4 164 13.84 1.32 7.58 78.03 12.52
2007 5 157.6 19.58 7.01 13.3 120.16 12.57
2007 6 46.43 24.16 11.13 17.65 148.81 13.03
2007 7 152.01 26.13 13.7 19.91 161.01 12.42
2007 8 114.55 26.75 12.68 19.72 157.51 14.07
2007 9 124.21 22.36 9.58 15.97 109.53 12.78
2007 10 60.42 17.1 2.62 9.86 74.97 14.47
2007 11 139.56 9.86 -1.24 4.31 35.48 11.1
2007 12 19.47 2.44 -7.99 -2.78 18.05 10.42
2008 1 73.38 -0.1 -11.73 -5.91 14.57 11.64
2008 2 62.37 0.51 -10.7 -5.09 17.99 11.21
2008 3 99.47 5.55 -6.01 -0.23 38.96 11.56
2008 4 88.16 15.15 1.62 8.39 82.97 13.52
2008 5 85.56 19.97 6.32 13.15 124.03 13.65
2008 6 38.93 25.81 11.82 18.82 159 13.99
2008 7 102.56 25.88 13.73 19.81 158.94 12.15
2008 8 163.39 25.72 12.73 19.22 149.98 12.99
2008 9 149.75 23.19 9.18 16.19 116.27 14.01
2008 10 121.88 18.31 4.23 11.27 78.58 14.09
2008 11 173.24 10.33 0.41 5.37 35.55 9.92
2008 12 98.57 0.69 -8.91 -4.11 15.88 9.6
2009 1 129.67 -0.43 -11.34 -5.89 14.13 10.91
2009 2 102.28 2.02 -8.17 -3.08 19.87 10.19
2009 3 69.55 4.48 -6.58 -1.05 36.31 11.05
2009 4 291.04 12.6 1.14 6.87 71.95 11.46
2009 5 142.51 20.29 7.51 13.9 122.96 12.78
2009 6 73.25 22.98 10.12 16.55 143.05 12.86
2009 7 72.11 27.26 14.5 20.88 167.48 12.75
2009 8 79.93 25.93 13.39 19.66 149.07 12.54
2009 9 109.78 23.02 8.25 15.64 117.48 14.78
2009 10 115.65 17.86 3.79 10.83 77.33 14.07
2009 11 149.59 10.09 -0.7 4.69 36.02 10.8
2009 12 122.88 2.98 -8 -2.51 18.97 10.98
2010 1 67.64 -0.09 -10.23 -5.16 14.47 10.14
2010 2 91.76 2.37 -8.95 -3.29 20.64 11.32
2010 3 97.12 6.43 -5.18 0.63 40.94 11.61
2010 4 129.87 11.77 0.67 6.22 68.94 11.1
2010 5 85.07 20.4 7.16 13.78 124.64 13.24
2010 6 58.6 24.82 10.25 17.53 156.59 14.57
2010 7 73.22 27.89 13.37 20.63 177.59 14.52
2010 8 39.26 26.42 12.78 19.6 155.25 13.65
2010 9 95.58 24.33 11.7 18.01 116.29 12.62
2010 10 26.27 19.29 4.16 11.72 82.69 15.12
2010 11 75.67 8.11 -0.77 3.67 31.18 8.88
2010 12 95.12 2.05 -8.2 -3.07 17.66 10.26
2011 1 64.23 -0.84 -12.23 -6.53 13.66 11.39
2011 2 69.66 1.3 -10.5 -4.6 19.85 11.8
2011 3 158.68 5.4 -4.59 0.41 37.97 10
2011 4 60.29 13.42 0.13 6.78 77.86 13.3
2011 5 142.73 18.62 6.23 12.43 115.92 12.38
2011 6 64.26 23.95 10.21 17.08 150.4 13.74
2011 7 50.2 29.19 14.8 22 182.86 14.39
2011 8 61.62 26.81 13.65 20.23 154.44 13.16
2011 9 244.85 23.01 10.42 16.72 111.12 12.59
2011 10 88.87 16.32 2.75 9.54 71.75 13.57
2011 11 65.39 7.68 -1.54 3.07 30.51 9.21
2011 12 127.37 1.94 -8.19 -3.13 17.38 10.13
2012 1 96.11 0.09 -11.78 -5.84 14.8 11.87
2012 2 39.99 1.21 -10.32 -4.56 19.01 11.53
2012 3 121.79 5.16 -4.48 0.34 36.73 9.64
2012 4 81.04 12.84 -0.52 6.16 75.48 13.36
2012 5 57.43 21.04 6.35 13.69 130.93 14.69
2012 6 114.88 24.93 11.1 18.01 154.62 13.83
2012 7 195.98 27.14 14.86 21 164.82 12.27
2012 8 10.8 27.81 12.91 20.36 165.55 14.9
2012 9 120.98 22.33 10.08 16.21 108.81 12.26
2012 10 110.6 16.69 2.63 9.66 74.17 14.06
2012 11 119.26 9.22 -1.38 3.92 34.47 10.6
2012 12 137.36 1.19 -8.27 -3.55 16.42 9.46
2013 1 148.16 1.25 -9.6 -4.17 16.12 10.84
2013 2 83.12 1.18 -10.97 -4.89 19.02 12.16
2013 3 77.29 5.29 -6.49 -0.6 38.5 11.78
2013 4 116.19 13.73 0.55 7.14 77.99 13.17
2013 5 73.24 21.61 6.05 13.83 135.35 15.56
2013 6 124.96 25.62 11.5 18.56 158.64 14.12
2013 7 76.86 27.16 14.3 20.73 167.52 12.86
2013 8 99.12 27.9 13.59 20.75 163.83 14.31
2013 9 63.79 23 8.59 15.8 116.58 14.41
2013 10 78.31 18.39 2.61 10.5 80.97 15.79
2013 11 238.26 9.15 -1.23 3.96 34.17 10.39
2013 12 63.54 1.61 -8.52 -3.45 17.11 10.14
2014 1 41.43 0.01 -9.75 -4.87 14.51 9.75
2014 2 97.42 2.41 -9.95 -3.77 20.85 12.36
2014 3 77.11 4.78 -5.67 -0.44 36.58 10.45
2014 4 57.84 13.72 -0.23 6.74 79 13.95
2014 5 49.41 19.88 4.59 12.23 127.37 15.29
2014 6 95.24 25.91 11.2 18.56 161.9 14.71
2014 7 104.19 27 14.52 20.76 165.22 12.49
2014 8 137.53 26.06 12.65 19.36 152.89 13.41
2014 9 44.76 23.89 9.27 16.58 120.18 14.63
2014 10 135.27 16.72 4.2 10.46 72.03 12.53
2014 11 156.5 8.87 -1.93 3.47 34.07 10.81
2014 12 72.37 0.84 -9.99 -4.57 16.3 10.83
2015 1 17.36 -0.69 -11.19 -5.94 13.81 10.51
2015 2 28.09 1.69 -9.4 -3.85 20.33 11.09
2015 3 46.16 3.27 -7.24 -1.99 33.81 10.51
2015 4 61.2 12.83 0.46 6.65 74.7 12.37
2015 5 104.31 20.05 6.23 13.14 125.36 13.82
2015 6 31.94 25.34 11.61 18.47 156.3 13.73
2015 7 77.43 27.49 13.41 20.45 173.82 14.08
2015 8 124.78 26.71 13.69 20.2 153.46 13.02
2015 9 82.74 23.42 9.55 16.49 115.84 13.87
2015 10 83.52 17.74 3.76 10.75 76.06 13.98
2015 11 102.45 9.69 -0.15 4.77 34.1 9.84
2015 12 32.64 2.92 -6.28 -1.68 18.19 9.2
2016 1 148.62 1.36 -9.05 -3.85 16.17 10.41
2016 2 60.56 0.38 -11.01 -5.32 17.81 11.38
2016 3 52.96 5.39 -6.17 -0.39 38.58 11.56
2016 4 56.28 14.04 -0.63 6.7 80.87 14.67
2016 5 83.58 20.09 5.62 12.85 126.48 14.47
2016 6 62.06 24.84 10.77 17.8 155.06 14.07
2016 7 53.02 27.35 13.89 20.62 170.88 13.46
2016 8 88.06 26.49 12.75 19.62 155.89 13.75
2016 9 156.54 22.41 8.71 15.56 112.85 13.7
2016 10 133.1 16.94 4.47 10.7 72.47 12.46
2016 11 156.15 11.03 0.46 5.74 37.28 10.56
2016 12 63.56 2.17 -7.44 -2.64 17.6 9.61
2017 1 57.65 -0.1 -11.46 -5.78 14.56 11.37
2017 2 56.67 1.65 -10.96 -4.65 19.74 12.61
2017 3 97.95 4.68 -6.96 -1.14 37.06 11.64
2017 4 75.37 13.89 1.57 7.73 77.2 12.32
2017 5 48.1 19.96 3.95 11.95 129.15 16.01
2017 6 43.83 23.69 10.02 16.86 148.77 13.67
2017 7 69 27.3 14.49 20.89 167.91 12.81
2017 8 75.45 26.54 13.09 19.82 155.05 13.45
2017 9 71.79 23.63 9.93 16.78 116.97 13.7
2017 10 156.67 16.54 3.34 9.94 72.56 13.2
2017 11 95.21 9.41 -0.49 4.46 34.13 9.9
2017 12 67.19 1.07 -7 -2.96 15.78 8.07
2018 1 112.6 0.28 -11.58 -5.65 15.03 11.86
2018 2 93.63 1.23 -10.01 -4.39 19.01 11.24
2018 3 53.71 6.04 -4.78 0.63 39.52 10.82
2018 4 211.86 12.6 0.94 6.77 72.31 11.67
2018 5 202.76 18.51 6.29 12.4 114.5 12.22
2018 6 85.81 25.03 11.24 18.13 154.94 13.79
2018 7 32.93 28.3 14.77 21.54 175.45 13.53
2018 8 39.82 27.27 13.21 20.24 160.29 14.06
2018 9 121.86 22.72 9.45 16.08 112.82 13.27
2018 10 162.44 16.68 2.43 9.56 74.35 14.24
2018 11 93.6 8.72 -1.59 3.56 33.43 10.31
2018 12 126.47 2.33 -7.59 -2.63 17.9 9.92
2019 1 56.84 -0.64 -11.88 -6.26 13.9 11.24
2019 2 107.84 1.24 -10.08 -4.42 19.71 11.32
2019 3 31.95 3.85 -7.91 -2.03 35.65 11.76
2019 4 156.34 12.4 0.65 6.53 72.44 11.75
2019 5 56.08 21.54 6.18 13.86 135.25 15.36
2019 6 149.81 24.41 10.61 17.51 152.57 13.8
2019 7 73.98 27.59 14.55 21.07 169.98 13.03
2019 8 145.7 27.26 13.14 20.2 159.8 14.12
2019 9 122.63 23.59 10.23 16.91 115.08 13.36
2019 10 288.1 18.73 5.72 12.22 77.18 13.02
2019 11 22.06 8.27 -3.07 2.6 33.09 11.35
2019 12 84.17 1.4 -9.37 -3.99 16.86 10.77
2020 1 53.11 -1.38 -11.68 -6.53 12.99 10.29
2020 2 95.51 1.06 -11.77 -5.36 18.84 12.82
2020 3 154.32 6.89 -5.26 0.82 42.32 12.16
2020 4 117.94 10.7 -0.21 5.25 65.59 10.91
2020 5 105.1 19.71 6.26 12.98 122.46 13.45
2020 6 60.6 26.04 11.82 18.93 160.83 14.22
2020 7 95.54 28.12 14.57 21.34 174.68 13.55
2020 8 208.19 26.11 13.88 19.99 148.5 12.23
2020 9 107.8 21.96 7.76 14.86 112.51 14.21
2020 10 58.78 16.07 3.44 9.75 70.53 12.63
2020 11 131.29 10.6 -0.92 4.84 37.44 11.52
2020 12 106.46 2.3 -8.28 -2.99 18.04 10.59
2021 1 82.73 1.93 -9.65 -3.86 17.05 11.59
2021 2 37.35 2.91 -8.35 -2.72 21.4 11.26
2021 3 112.79 5.84 -5.37 0.24 39.37 11.21
2021 4 122.23 12.56 -0.68 5.94 74.45 13.24
2021 5 84.87 21.28 6.52 13.9 132.1 14.76
2021 6 161.3 24.85 11.16 18 153.82 13.69
2021 7 94.86 27.4 13.62 20.51 172.42 13.78
2021 8 67.05 26.4 12.8 19.6 154.95 13.59
2021 9 41.07 22.42 8.72 15.57 112.87 13.69
2021 10 84.49 18.65 3.98 11.32 80.3 14.67
2021 11 48.78 8.86 -1.98 3.44 34.07 10.83
2021 12 62.74 1.22 -8.91 -3.85 16.63 10.13
2022 1 75.33 0.27 -10.55 -5.14 14.96 10.82
2022 2 57.09 2.2 -9.55 -3.67 20.47 11.75
2022 3 154.24 4.91 -4.76 0.07 36.25 9.68
2022 4 72.67 12.94 -0.87 6.04 76.32 13.81
2022 5 62.37 20.39 6.07 13.23 127.35 14.32
2022 6 69.11 24.27 11.69 17.98 147.31 12.57
2022 7 96.87 28.09 14.53 21.31 174.58 13.55
2022 8 180.92 26.92 13.13 20.02 157.82 13.79
2022 9 97.68 22.44 8.69 15.56 113.06 13.75
2022 10 91.21 16.4 3.34 9.87 72 13.06
2022 11 39.74 9.83 -1.03 4.4 35.64 10.86
2022 12 37.01 2.44 -7.17 -2.37 17.92 9.62
2023 1 80.31 0.51 -9.86 -4.67 15.19 10.37
2023 2 141.22 0.23 -11.17 -5.47 18.23 11.4
2023 3 122.67 6.01 -5.78 0.11 40.57 11.79
2023 4 78.61 14.3 0.27 7.28 81.63 14.03
2023 5 165.33 18.5 4.99 11.74 118.34 13.51
2023 6 74.54 23.67 11.08 17.38 145.15 12.59
2023 7 54.22 27.72 14.06 20.89 173.22 13.66
2023 8 64.95 25.94 12.02 18.98 153.63 13.92
2023 9 290.23 21.9 8.89 15.39 108.64 13.01
2023 10 73.09 16.76 2.97 9.87 73.22 13.79
2023 11 142.97 10.21 -1.1 4.56 36.21 11.31
2023 12 104.04 2.93 -5.69 -1.38 17.94 8.62
2024 1 67.55 -0.04 -10.23 -5.14 14.52 10.19
2024 2 137.11 2.6 -9.27 -3.33 21.07 11.87
2024 3 33.08 6.74 -5.73 0.51 42.16 12.47
2024 4 163.23 12.12 0.64 6.38 70.61 11.48
2024 5 120.08 18.32 5.79 12.05 114.65 12.53
2024 6 126.64 25.95 11.76 18.86 160.35 14.19
2024 7 57.58 26.78 14.17 20.47 164.76 12.6
2024 8 52.21 26.6 13.28 19.94 154.8 13.32
2024 9 133.47 25.42 11.03 18.23 124.9 14.39
2024 10 150.15 15.52 2.3 8.91 69.95 13.22
2024 11 143.78 9.04 -1.37 3.84 34.01 10.41
2024 12 98.02 3.4 -7.83 -2.21 19.56 11.23
2025 1 92.37 0.39 -11.7 -5.65 15.17 12.09
2025 2 92.42 2.64 -9.46 -3.41 21.16 12.09
2025 3 92.75 5.67 -4.53 0.57 38.24 10.2
2025 4 78.84 13.67 0.4 7.03 77.93 13.27
2025 5 137.96 20.05 5.99 13.02 125.36 14.06
2025 6 79.66 24.31 10.52 17.42 151.85 13.79
2025 7 48.72 28.64 13.99 21.32 181.55 14.65
2025 8 37.85 26.89 13.04 19.96 157.89 13.84
2025 9 86.28 22.1 7.93 15.02 112.91 14.17
2025 10 122.27 15.75 2.79 9.27 70.18 12.96
2025 11 61.25 9.63 -1.92 3.86 35.86 11.55
2025 12 133.76 2.6 -8.32 -2.86 18.49 10.93
2026 1 110.53 -0.61 -13.04 -6.82 13.9 12.43
2026 2 46.38 0.94 -10.41 -4.73 18.62 11.35
2026 3 70.84 6.27 -4.4 0.94 39.89 10.66
2026 4 81.95 15.18 1.39 8.28 83.46 13.79
2026 5 38.33 20.18 5.75 12.96 126.75 14.43
2026 6 62.26 25.75 12.07 18.91 157.66 13.68
2026 7 106.53 26.6 13.57 20.08 165.8 13.03
2026 8 61.35 27.46 13.15 20.3 161.96 14.31
2026 9 58.44 22.82 8.47 15.65 115.8 14.35
2026 10 99.43 16.73 3.36 10.05 73.34 13.38
2026 11 90.29 9.74 -1 4.37 35.4 10.74
2026 12 105.25 0.87 -8.59 -3.86 16.06 9.46
2027 1 42.55 0.37 -11.25 -5.44 15.14 11.62
2027 2 99.33 1.6 -9.57 -3.99 20.21 11.16
2027 3 56.84 4.23 -6.78 -1.27 36.16 11.01
2027 4 141.87 12.16 -0.87 5.65 73.52 13.03
2027 5 90.89 19.04 4.6 11.82 122.68 14.44
2027 6 145.85 23.12 11.41 17.26 139.56 11.71
2027 7 64.95 26.61 13.82 20.21 164.65 12.79
2027 8 52.01 26.54 12.56 19.55 156.31 13.98
2027 9 139.61 22.85 9.5 16.18 112.65 13.36
2027 10 123.29 17.35 3.55 10.45 74.76 13.8
2027 11 167.7 10.11 -0.46 4.83 35.42 10.57
2027 12 38.14 1.51 -9.11 -3.8 16.97 10.62
2028 1 59.45 1.51 -10.23 -4.36 16.54 11.73
2028 2 98.71 0.41 -10.52 -5.06 17.81 10.92
2028 3 113.05 4.8 -5.13 -0.16 36.24 9.93
2028 4 83.66 13.97 0.8 7.39 78.76 13.17
2028 5 79.63 19.47 4.74 12.11 124.51 14.73
2028 6 48.25 25.6 11.96 18.78 156.9 13.65
2028 7 124.85 27.2 14.48 20.84 167.12 12.72
2028 8 107.85 26.39 13.35 19.87 152.82 13.03
2028 9 107.87 23.95 8.86 16.41 121.46 15.1
2028 10 140.64 15.45 2.54 9 69.34 12.91
2028 11 81.24 8.79 -1.9 3.45 33.86 10.69
2028 12 38.34 1.86 -8.04 -3.09 17.33 9.9
2029 1 143.03 0.69 -9.7 -4.5 15.39 10.38
2029 2 88.87 1.21 -9.58 -4.19 18.9 10.79
2029 3 133.51 5.57 -5.74 -0.09 38.85 11.31
2029 4 22.93 11.79 -0.93 5.43 71.39 12.72
2029 5 73.21 19.26 6.71 12.99 118.3 12.55
2029 6 33.08 24.83 10.18 17.5 156.94 14.66
2029 7 171.72 27.29 14.32 20.81 168.59 12.97
2029 8 119.53 26.37 12.22 19.29 156.76 14.14
2029 9 28.32 23.83 8.35 16.09 121.86 15.48
2029 10 225.91 15.72 4.31 10.01 67.65 11.41
2029 11 166.02 10.61 0.03 5.32 36.63 10.57
2029 12 103.76 2.27 -9.56 -3.65 18.23 11.83
2030 1 166.02 1.88 -10.75 -4.43 17.07 12.63
2030 2 60.02 1.23 -11.24 -5 19.11 12.47
2030 3 156.41 5.54 -4.66 0.44 37.98 10.2
2030 4 126.55 12.14 0.77 6.46 70.46 11.37
2030 5 108.07 20.27 5.59 12.93 127.72 14.68
2030 6 68.88 24.22 9.87 17.04 153.22 14.34
2030 7 67.53 27.91 15.01 21.46 170.96 12.9
2030 8 68.07 26.5 12.92 19.71 155.32 13.58
2030 9 91.92 21.35 7.64 14.5 109.27 13.7
2030 10 17.18 18.15 3.87 11.01 78.4 14.28
2030 11 81.53 9.46 -1.3 4.08 34.97 10.76
2030 12 67.97 3.68 -7.25 -1.78 19.83 10.93
2031 1 164.38 0.26 -10.2 -4.97 14.91 10.46
2031 2 41.79 2.13 -9.18 -3.53 21.02 11.31
2031 3 95 5.52 -6.88 -0.68 39.76 12.4
2031 4 218.13 12.81 0.9 6.86 73.9 11.9
2031 5 71.23 18.87 4.67 11.77 121.47 14.2
2031 6 49 23.78 11.67 17.73 143.75 12.1
2031 7 103.21 26.75 13.22 19.98 168.32 13.53
2031 8 95.03 26.77 13.08 19.93 156.22 13.69
2031 9 83.45 22.67 9.42 16.04 111.8 13.26
2031 10 109.69 17.37 3.89 10.63 74.39 13.49
2031 11 62.24 10.28 0.14 5.21 35.29 10.14
2031 12 145.6 1.33 -8.11 -3.39 16.46 9.43
2032 1 78.14 0.41 -11 -5.3 15.18 11.41
2032 2 23.27 2.71 -8.93 -3.11 21.19 11.64
2032 3 22.02 4.24 -7.64 -1.7 36.17 11.87
2032 4 39.47 12.19 -0.62 5.78 72.73 12.81
2032 5 68.46 21.68 6.09 13.88 135.7 15.59
2032 6 189.2 25.27 11.55 18.41 155.74 13.72
2032 7 95.4 26.84 13.98 20.41 166.12 12.86
2032 8 144.59 25.38 13.51 19.45 144.25 11.88
2032 9 101.47 21.42 7.88 14.65 109.1 13.53
2032 10 162.48 15.22 4.07 9.64 66.01 11.16
2032 11 141.96 11.46 -0.34 5.56 39.11 11.81
2032 12 142.16 3.06 -6.27 -1.6 18.52 9.32
2033 1 128.06 0.41 -10.31 -4.95 15.12 10.72
2033 2 121.42 3 -8.95 -2.97 21.66 11.94
2033 3 72.37 5.07 -7.71 -1.32 38.4 12.77
2033 4 64.61 14.19 -0.39 6.9 81.26 14.58
2033 5 80.33 20.74 6.62 13.68 128.32 14.12
2033 6 60.37 24.15 10.47 17.31 150.79 13.68
2033 7 103.68 28.16 14.97 21.56 173.39 13.2
2033 8 59.95 27.17 13.24 20.2 159.37 13.93
2033 9 95.96 23.71 10.71 17.21 115.39 13
2033 10 26.9 18.47 3.5 10.99 80.22 14.97
2033 11 152.72 11.07 1.22 6.15 36.63 9.85
2033 12 172.37 3.05 -6.93 -1.94 18.76 9.98
2034 1 72.73 1.37 -9.79 -4.21 16.32 11.17
2034 2 91.52 1.21 -10.48 -4.64 19.02 11.68
2034 3 119.28 5.83 -4.77 0.53 38.93 10.61
2034 4 53.78 12.59 -0.08 6.26 73.79 12.67
2034 5 75.63 19.91 5.31 12.61 126.06 14.6
2034 6 71.05 24.01 11.12 17.57 147.47 12.9
2034 7 222.6 27.32 14.92 21.12 166.12 12.39
2034 8 275.5 25.59 13.24 19.42 146.96 12.35
2034 9 111.68 23.61 10.23 16.92 116.07 13.38
2034 10 67.66 16.75 2.91 9.83 74.03 13.84
2034 11 64.14 8.09 -3.17 2.46 33.13 11.26
2034 12 129.77 2.45 -9.4 -3.47 18.47 11.85
2035 1 56.65 0.48 -9.92 -4.72 15.15 10.39
2035 2 64.1 0.32 -10.86 -5.27 18.35 11.18
2035 3 61.07 5.75 -5.57 0.09 39.69 11.32
2035 4 56.4 11.96 0.39 6.18 70.87 11.57
2035 5 120.36 19.78 5.12 12.45 126.22 14.65
2035 6 278.79 24.1 11.62 17.86 146.53 12.48
2035 7 104.67 28.63 15 21.82 177.13 13.63
2035 8 75.01 26.5 12.85 19.67 154.96 13.65
2035 9 130.89 21.64 8.24 14.94 108.75 13.4
2035 10 69.81 17.28 3.12 10.2 75.09 14.16
2035 11 169.19 10.49 -0.89 4.8 36.73 11.38
2035 12 90.89 1.81 -8.06 -3.12 17.16 9.88
2036 1 47.61 -0.13 -11.58 -5.85 14.52 11.44
2036 2 40.04 1.77 -11.14 -4.69 19.92 12.91
2036 3 75.44 5.52 -5.93 -0.21 38.81 11.45
2036 4 151.13 12.92 0.76 6.84 74.05 12.17
2036 5 103.73 19.08 5.8 12.44 119.52 13.28
2036 6 63.52 24.89 10.86 17.87 155.13 14.03
2036 7 225.71 26.14 13.99 20.06 160 12.14
2036 8 136.18 27.04 13.42 20.23 157.68 13.61
2036 9 177.01 21.69 9.9 15.8 105.42 11.79
2036 10 40.98 16.73 3.21 9.97 73.53 13.52
2036 11 36.32 9.38 -1.69 3.84 35.09 11.07
2036 12 75.13 1.13 -8.63 -3.75 16.43 9.76
2037 1 77.74 0 -11.43 -5.72 14.68 11.43
2037 2 62.39 0.81 -10.33 -4.76 18.41 11.14
2037 3 103.18 5.74 -5.55 0.09 39.2 11.29
2037 4 58 14.07 -0.02 7.02 80.29 14.09
2037 5 89.33 20.57 5.41 12.99 130.05 15.16
2037 6 72.76 25.03 11.38 18.21 154.52 13.66
2037 7 75.21 26.81 13.4 20.1 168.32 13.41
2037 8 89.02 26.84 13.37 20.11 156.32 13.47
2037 9 97.03 21.72 8.35 15.04 109.74 13.37
2037 10 54.45 16.69 3.32 10 73.2 13.37
2037 11 138.63 10.48 -0.41 5.03 36.72 10.89
2037 12 60.91 0.68 -8.47 -3.9 15.75 9.15
2038 1 52.78 0.18 -10.93 -5.37 14.88 11.11
2038 2 60.99 0.21 -12.1 -5.94 17.59 12.31
2038 3 137.13 6.58 -6 0.29 41.83 12.58
2038 4 34.27 14.71 0.02 7.36 83.08 14.68
2038 5 63.04 19.91 4.8 12.35 127.17 15.12
2038 6 153.37 24.85 13.22 19.03 145.85 11.63
2038 7 143.08 28.4 14.88 21.64 175.87 13.52
2038 8 45.06 27.43 14.45 20.94 156.88 12.99
2038 9 85.58 22.67 9.59 16.13 112.16 13.08
2038 10 119.77 17.25 2.91 10.08 76.04 14.34
2038 11 101.04 8.52 -1.2 3.66 32.6 9.72
2038 12 83.56 3.19 -7.71 -2.26 19.22 10.9
2039 1 43.13 0.24 -11.5 -5.63 14.99 11.75
2039 2 74 0.37 -10.69 -5.16 18.41 11.07
2039 3 79.07 6.82 -4.33 1.24 41.93 11.15
2039 4 66.41 13.17 0.22 6.69 76.56 12.94
2039 5 72.64 21.91 7.02 14.46 135.7 14.89
2039 6 55.43 25.66 11.98 18.82 157.54 13.68
2039 7 11.9 27.98 13.43 20.71 177.9 14.55
2039 8 44.6 27.16 12.26 19.71 162.09 14.9
2039 9 71.98 22.61 8.65 15.63 113.34 13.96
2039 10 48.87 17.32 3.18 10.25 75.17 14.15
2039 11 84.05 8.42 -1.54 3.44 32.27 9.95
2039 12 124.43 0.82 -7.79 -3.49 15.62 8.61
2040 1 125.18 0.3 -9.37 -4.54 14.83 9.68
2040 2 57.25 1.1 -10.24 -4.57 18.84 11.34
2040 3 70.06 3.64 -7.68 -2.02 34.62 11.33
2040 4 85.25 13.47 -0.2 6.64 77.84 13.67
2040 5 97.02 17.85 4.77 11.31 114.21 13.08
2040 6 131.26 25.17 12.21 18.69 152.53 12.96
2040 7 62.29 27.78 14.58 21.18 171.75 13.2
2040 8 133.6 26.4 12.98 19.69 154.32 13.42
2040 9 148.69 22.09 9.84 15.96 108 12.25
2040 10 61.81 17.14 3 10.07 75.46 14.13
2040 11 37.58 9.3 -1.29 4 34.58 10.59
2040 12 126.38 3.44 -5.54 -1.05 18.79 8.98
2041 1 99.31 0.77 -10.8 -5.01 15.63 11.57
2041 2 45.66 0.91 -11.2 -5.15 18.62 12.11
2041 3 28.56 5.9 -6.43 -0.27 40.16 12.34
2041 4 92.98 13.24 -0.56 6.34 77.27 13.8
2041 5 92.1 21.76 6.59 14.18 135.11 15.17
2041 6 52.6 25 10.34 17.67 157.7 14.66
2041 7 110.91 27.2 13.7 20.45 170.42 13.5
2041 8 158.92 26.14 14.02 20.08 148.21 12.12
2041 9 74.01 23.43 9.8 16.61 116.13 13.63
2041 10 17.19 17.11 2.16 9.63 76.39 14.95
2041 11 112.03 9.82 -2.39 3.72 36.64 12.21
2041 12 74.45 1.66 -7.87 -3.1 17 9.54
2042 1 79.68 1.24 -9.41 -4.08 16.09 10.66
2042 2 98.82 -1.16 -12.97 -7.07 15.59 11.81
2042 3 111.13 6.85 -4.8 1.03 41.91 11.65
2042 4 103.37 13.47 0.94 7.21 76.26 12.53
2042 5 157.39 18.22 4.94 11.58 116.15 13.28
2042 6 54.69 23.95 9.78 16.87 151.56 14.18
2042 7 87.29 26.72 13.19 19.95 168.34 13.52
2042 8 114.98 25.12 12.01 18.56 148 13.12
2042 9 202.05 21.73 10.19 15.96 104.82 11.54
2042 10 94.64 17.17 3.98 10.58 74.22 13.19
2042 11 37.35 9.6 -1.97 3.82 35.84 11.58
2042 12 125.13 2.41 -7.7 -2.64 18.04 10.11
2043 1 60.5 -1.12 -12.52 -6.82 13.32 11.4
2043 2 54.35 1.4 -9.98 -4.29 19.96 11.38
2043 3 109.93 7.86 -3.74 2.06 44.62 11.6
2043 4 153.9 14.48 2.05 8.26 79.82 12.43
2043 5 74.7 20.47 6.56 13.51 127.33 13.92
2043 6 56.65 24.88 10.67 17.77 155.95 14.21
2043 7 101.78 26.62 13.76 20.19 165.02 12.86
2043 8 63.07 25.76 12.69 19.23 149.82 13.07
2043 9 326.98 22.44 9.67 16.05 109.74 12.77
2043 10 110.58 14.91 2.86 8.88 66.02 12.06
2043 11 76 9.21 -2.15 3.53 34.62 11.36
2043 12 60.04 1 -8.26 -3.63 16.04 9.26
2044 1 85.45 -0.42 -10.98 -5.7 14.13 10.56
2044 2 59.71 1.2 -10.67 -4.73 19.04 11.87
2044 3 50.03 3.78 -7.1 -1.66 34.72 10.89
2044 4 43.47 14.14 0.01 7.07 80.55 14.13
2044 5 79.57 19.71 4.32 12.02 126.91 15.4
2044 6 217.27 24.1 11.69 17.89 146.03 12.41
2044 7 84.16 27.61 14.35 20.98 171.18 13.26
2044 8 209.11 25.57 12.81 19.19 148.46 12.76
2044 9 71.44 22.52 9.1 15.81 112.52 13.42
2044 10 72.38 16.87 3.45 10.16 73.78 13.43
2044 11 137.13 10.79 0.05 5.42 37.07 10.74
2044 12 78.7 0.68 -9.49 -4.4 16 10.17
2045 1 58.8 -0.34 -11.2 -5.77 14.25 10.86
2045 2 42.69 1.1 -10.68 -4.79 18.88 11.78
2045 3 62.4 5.65 -5.65 0 39.03 11.3
2045 4 52 12.65 -0.07 6.29 74.02 12.72
2045 5 112.54 18.46 6.09 12.28 114.71 12.36
2045 6 128.05 24.61 11.5 18.06 150.77 13.11
2045 7 99.59 28.14 13.37 20.76 179.7 14.78
2045 8 156.47 25.66 13.06 19.36 148.17 12.59
2045 9 95.4 22.78 9.66 16.22 112.6 13.11
2045 10 72.74 17.37 3.69 10.53 75.45 13.68
2045 11 97.31 9.88 -2.23 3.83 36.68 12.11
2045 12 90.68 1.56 -7.55 -3 16.73 9.11
2046 1 99.01 0.53 -9.68 -4.58 15.18 10.21
2046 2 58.68 0.11 -11.8 -5.84 17.45 11.92
2046 3 62.57 4.09 -7.18 -1.55 35.57 11.27
2046 4 78.57 15.05 0.55 7.8 83.98 14.49
2046 5 77.12 19.61 5.74 12.68 123.08 13.86
2046 6 114.97 24.25 11.27 17.76 148.72 12.97
2046 7 47.42 27.04 13.13 20.09 171.32 13.91
2046 8 45.69 27.76 12.41 20.08 166.77 15.35
2046 9 25.16 22.79 7.7 15.24 117.32 15.09
2046 10 156.93 16.92 4.82 10.87 71.81 12.1
2046 11 59.36 8.37 -2.27 3.05 33.14 10.64
2046 12 38.23 0.31 -10.27 -4.98 15.61 10.57
2047 1 48.4 1.17 -9.76 -4.3 16.04 10.93
2047 2 66.17 2.77 -7.13 -2.18 21.52 9.9
2047 3 164.17 5.66 -4.49 0.59 38.64 10.15
2047 4 105.19 13.19 0.39 6.79 76.45 12.81
2047 5 136.15 19.88 5.84 12.86 125.22 14.04
2047 6 64.22 24.77 11.58 18.18 151.97 13.19
2047 7 83.59 26.98 13.21 20.1 170.34 13.77
2047 8 78.94 26.51 12.62 19.57 155.83 13.88
2047 9 104.6 22.41 7.47 14.94 114.81 14.94
2047 10 80.39 17.11 2.77 9.94 74.84 14.34
2047 11 83.57 10.03 -2.1 3.96 36.5 12.13
2047 12 23.86 3.06 -8.32 -2.63 19.04 11.38
2048 1 128.07 0.62 -10.52 -4.95 15.42 11.15
2048 2 78.87 2.71 -8.19 -2.74 21.03 10.91
2048 3 150.86 6.22 -4.16 1.03 39.56 10.38
2048 4 33.83 12.26 -0.85 5.7 73.32 13.11
2048 5 62.21 19.9 4.46 12.18 127.76 15.43
2048 6 45.73 25.28 11.68 18.48 155.39 13.61
2048 7 75.59 27.4 14.19 20.79 170.09 13.21
2048 8 20.79 27.09 12.69 19.89 160.72 14.4
2048 9 155.67 23.37 9.97 16.67 115.34 13.4
2048 10 73.37 17.79 3.74 10.76 77.1 14.05
2048 11 151.48 10.36 -0.28 5.04 36.29 10.63
2048 12 108.98 2.02 -7.54 -2.76 17.41 9.56
2049 1 74.8 0.22 -10.93 -5.36 14.93 11.15
2049 2 83.12 1.26 -10.98 -4.86 19.13 12.24
2049 3 80.43 5.33 -5.85 -0.26 38.22 11.18
2049 4 113.02 13.42 -0.48 6.47 77.96 13.9
2049 5 131.17 20.46 6.17 13.32 127.62 14.3
2049 6 33.04 24.93 10.69 17.81 156.05 14.24
2049 7 45.01 27.41 13.15 20.28 174.4 14.27
2049 8 77.36 27.2 12.48 19.84 162.25 14.71
2049 9 218.48 22.82 9.88 16.35 112.29 12.94
2049 10 71.99 16.48 4.49 10.48 70.53 11.99
2049 11 61.72 8.85 -1.94 3.45 34.02 10.79
2049 12 78.2 1.09 -9.25 -4.08 16.53 10.35
2050 1 83.33 -0.38 -12.03 -6.21 14.22 11.65
2050 2 89.73 0.41 -10.68 -5.13 17.83 11.08
2050 3 115.67 5.87 -6.14 -0.13 39.91 12.01
2050 4 120.14 14.07 0.4 7.23 79.74 13.67
2050 5 44.28 20.6 5.7 13.15 129.61 14.9
2050 6 79.9 24.29 11.04 17.66 149.94 13.26
2050 7 92.01 27.6 13.82 20.71 173.31 13.78
2050 8 144.92 26.14 12.48 19.31 154.1 13.66
2050 9 99.61 21.84 8.95 15.39 108.93 12.89
2050 10 103.88 17.12 2.87 10 75.57 14.25
2050 11 81.7 9.01 -2.46 3.28 34.77 11.47
2050 12 77.91 2.32 -8.39 -3.03 18.1 10.72
2051 1 58.45 -0.63 -11.15 -5.89 13.88 10.52
2051 2 78.18 1.68 -10.34 -4.33 20.45 12.02
2051 3 178.24 6.08 -4.14 0.97 39.56 10.22
2051 4 46.03 13.61 0.12 6.86 78.71 13.49
2051 5 67.06 19.16 5.25 12.21 121.95 13.9
2051 6 60.66 24.79 10.26 17.52 156.58 14.53
2051 7 93.87 26.93 14.46 20.69 164.62 12.47
2051 8 31.85 26.49 13.1 19.8 153.96 13.39
2051 9 99.84 22.3 8.83 15.56 111.08 13.47
2051 10 63.2 15.41 3.25 9.33 67.38 12.15
2051 11 13.27 8.22 -3.85 2.19 33.43 12.06
2051 12 136.05 3.27 -6.52 -1.63 18.83 9.79
2052 1 79.65 -0.94 -12.15 -6.54 13.54 11.2
2052 2 96.3 2.92 -9.84 -3.46 21.66 12.76
2052 3 71.43 7.24 -4.36 1.44 42.71 11.59
2052 4 61.82 14.12 0.45 7.29 79.93 13.67
2052 5 70.71 19.65 6.8 13.23 120.67 12.85
2052 6 56.16 24.46 10.16 17.31 154.12 14.29
2052 7 114.5 26.59 14.09 20.34 163.53 12.5
2052 8 63.81 25.6 11.36 18.48 153.81 14.24
2052 9 58.42 22.17 7.94 15.05 113.25 14.23
2052 10 94.04 17.49 3.95 10.72 75.58 13.54
2052 11 76.86 10.36 -1.72 4.32 37.47 12.09
2052 12 141.1 4.42 -6.22 -0.9 20.63 10.63
2053 1 94.12 1.34 -10.01 -4.33 16.3 11.35
2053 2 116.19 1.86 -9.9 -4.02 19.98 11.77
2053 3 75.57 4.11 -7.92 -1.9 35.95 12.03
2053 4 83.14 12.54 0.02 6.28 73.42 12.52
2053 5 55.39 21.82 6.2 14.01 136.38 15.62
2053 6 48.59 25.88 12.37 19.12 157.61 13.51
2053 7 101.65 27.25 13.1 20.18 173.23 14.15
2053 8 4.7 27.21 12.52 19.86 162.18 14.68
2053 9 156.24 21.89 9.27 15.58 108.39 12.62
2053 10 93.64 17.64 3.38 10.51 76.99 14.26
2053 11 142.69 8.76 -1.81 3.48 33.69 10.56
2053 12 53.79 2.15 -7.68 -2.77 17.65 9.83
2054 1 38.01 0.54 -11.66 -5.56 15.36 12.2
2054 2 63.83 1.5 -10.21 -4.35 19.45 11.7
2054 3 62.04 5.96 -6.54 -0.29 40.37 12.5
2054 4 73.62 12.2 -0.39 5.91 72.46 12.58
2054 5 102.13 19.27 5.81 12.54 120.73 13.46
2054 6 78.92 24.63 10.67 17.65 153.82 13.96
2054 7 150.05 27.16 14.73 20.95 165.68 12.43
2054 8 98.39 26.41 13.36 19.88 152.96 13.05
2054 9 74.86 23.55 9.08 16.32 118.61 14.47
2054 10 158.29 16.01 2.83 9.42 71.15 13.17
2054 11 210.79 10.64 -1.17 4.74 37.75 11.81
2054 12 64.77 1.25 -8.12 -3.43 16.47 9.37
2055 1 61.84 1 -10.19 -4.59 15.88 11.19
2055 2 32.82 1.48 -10.43 -4.47 20.13 11.91
2055 3 33.49 3.61 -8.04 -2.22 35.08 11.65
2055 4 78.04 15.19 1.36 8.28 84.26 13.83
2055 5 86.91 18.84 5.49 12.17 119.31 13.34
2055 6 49.22 24.52 11 17.76 152.11 13.53
2055 7 57.45 28.85 13.86 21.35 183.67 15
2055 8 78 26.66 13.01 19.83 155.6 13.65
2055 9 97.7 24.06 11 17.53 115.84 13.06
2055 10 440.43 16.12 4.9 10.51 67.57 11.22
2055 11 28.76 9.94 -3.05 3.44 36.88 12.99
2055 12 66.01 1.38 -8.05 -3.33 16.52 9.43
2056 1 31.43 -0.75 -11.42 -6.08 13.75 10.67
2056 2 80.17 0.95 -11.89 -5.47 18.68 12.84
2056 3 127.21 6.11 -4.64 0.74 39.62 10.75
2056 4 45.16 13.42 0.32 6.87 76.92 13.09
2056 5 55.52 18.86 5.09 11.98 119.85 13.77
2056 6 110.11 25.54 11.87 18.7 156.73 13.67
2056 7 125.47 28.88 15.43 22.16 177.69 13.45
2056 8 99.85 26.76 13.23 19.99 156.2 13.53
2056 9 51.24 22.39 8.74 15.57 112.69 13.65
2056 10 111.39 17.06 3.24 10.15 74.84 13.82
2056 11 102.45 7.96 -2.06 2.95 32 10.02
2056 12 87.93 2.43 -8.69 -3.13 18.32 11.13
2057 1 65.63 0.27 -11.14 -5.44 15.01 11.41
2057 2 114.67 2.84 -8.49 -2.83 21.31 11.33
2057 3 131.91 5.92 -5.47 0.23 39.65 11.38
2057 4 49.93 12.83 -1.02 5.9 76 13.85
2057 5 48.99 20.71 4.5 12.6 132.76 16.2
2057 6 50.24 22.9 9.91 16.41 143.16 12.99
2057 7 92.05 27.88 13.86 20.87 175.57 14.02
2057 8 102.48 26.04 13.01 19.52 151.44 13.04
2057 9 252.77 22.06 10.87 16.46 104.78 11.19
2057 10 224.33 16.48 3.4 9.94 72.27 13.09
2057 11 33.37 8.19 -3.23 2.48 33.4 11.42
2057 12 67.44 3.38 -7.57 -2.1 19.46 10.95
2058 1 128.93 0.48 -11.69 -5.61 15.29 12.17
2058 2 20.85 -0.83 -12.97 -6.9 16.06 12.14
2058 3 126.39 6.45 -4.63 0.91 40.62 11.08
2058 4 124.42 13.32 -0.02 6.65 76.94 13.34
2058 5 75.55 19.72 6.13 12.93 122.9 13.6
2058 6 40.64 26 12.28 19.14 158.86 13.72
2058 7 72.69 27.73 14.17 20.95 172.99 13.56
2058 8 201.1 26.4 14.07 20.23 150.06 12.33
2058 9 75.48 23.82 10.53 17.18 116.56 13.29
2058 10 227.02 15.57 4.25 9.91 67.15 11.32
2058 11 107.58 9.83 -0.58 4.62 35.26 10.41
2058 12 209.01 2.35 -6.98 -2.32 17.71 9.33
2059 1 71.29 -0.78 -12.94 -6.86 13.7 12.16
2059 2 93.53 0.97 -9.52 -4.28 19.19 10.49
2059 3 91.78 6.27 -5.53 0.37 41.16 11.8
2059 4 92.78 13.49 -0.03 6.73 78.38 13.52
2059 5 134.33 19.29 5.83 12.56 121.39 13.46
2059 6 145.49 23.26 11.93 17.59 138.54 11.33
2059 7 80.51 27.88 13.68 20.78 176.07 14.2
2059 8 111.72 25.7 13.36 19.53 146.77 12.34
2059 9 124.79 22.2 8.21 15.2 111.97 13.99
2059 10 97.13 16.04 3.4 9.72 69.69 12.63
2059 11 116.48 10.35 -0.63 4.86 36.16 10.98
2059 12 111.58 0.6 -9.26 -4.33 15.73 9.86
2060 1 56.37 0.43 -10.83 -5.2 15.19 11.25
2060 2 37.43 0.75 -9.8 -4.53 18.22 10.54
2060 3 78.09 5.37 -5.37 0 38.04 10.74
2060 4 117.82 12.2 0.28 6.24 71.53 11.92
2060 5 143.29 21.56 7.21 14.39 132.26 14.35
2060 6 79.33 24.78 10.63 17.7 155.12 14.16
2060 7 39.98 27.07 13.15 20.11 171.52 13.92
2060 8 82.21 26.37 13.03 19.7 153.86 13.33
2060 9 105.32 22.06 9.43 15.74 108.92 12.62
2060 10 93.68 15.34 2.67 9 68.71 12.67
2060 11 127.69 10.65 0.07 5.36 36.72 10.58
2060 12 19.25 1.63 -10.07 -4.22 17.39 11.7
2061 1 120.45 -0.21 -11.35 -5.78 14.41 11.13
2061 2 90.15 1.54 -11.51 -4.99 19.57 13.05
2061 3 35.94 6.03 -5.46 0.28 39.98 11.5
2061 4 136.74 12.68 -0.06 6.31 74.14 12.74
2061 5 96.86 20.42 6.64 13.53 126.18 13.78
2061 6 59.98 24.67 10.58 17.62 154.42 14.09
2061 7 103.36 26.43 14.47 20.45 160.41 11.96
2061 8 104.62 27.09 14.06 20.57 155.67 13.03
2061 9 104.26 22.34 8.22 15.28 113.6 14.12
2061 10 39.61 16.92 2.91 9.91 74.68 14
2061 11 91.52 11.43 0.41 5.92 38.35 11.01
2061 12 72.49 3.59 -6.87 -1.64 19.56 10.45
2062 1 84.56 0.19 -12.08 -5.95 14.92 12.27
2062 2 62.55 -0.26 -12.41 -6.33 16.9 12.15
2062 3 142.36 6.12 -5.12 0.5 39.99 11.24
2062 4 103.96 10.31 0.06 5.18 63.41 10.25
2062 5 178.13 18.95 4.25 11.6 122.26 14.7
2062 6 104.24 25.91 13.33 19.62 154.14 12.58
2062 7 66.57 28.13 14.75 21.44 174.05 13.38
2062 8 161.78 26.16 12.45 19.31 154.42 13.71
2062 9 31.35 23.16 9.88 16.52 114.33 13.28
2062 10 78.23 18.4 3.43 10.91 80 14.97
2062 11 103.96 9.82 -0.91 4.46 35.52 10.73
2062 12 133.68 1.99 -9.37 -3.69 17.81 11.36
2063 1 51.71 -0.16 -11.23 -5.69 14.48 11.07
2063 2 92.69 3.39 -8.92 -2.76 23.1 12.31
2063 3 84.89 4.87 -5.28 -0.2 36.97 10.15
2063 4 62.87 13.67 0.37 7.02 78.63 13.3
2063 5 121.72 20.72 6.41 13.57 129.29 14.3
2063 6 106.56 23.83 11.44 17.64 145.07 12.39
2063 7 113.68 27.05 14.29 20.67 166.49 12.76
2063 8 54.03 26.52 10.97 18.75 161.32 15.55
2063 9 122.38 22.33 10.27 16.3 107.4 12.05
2063 10 124.54 17.08 3.47 10.27 73.79 13.61
2063 11 127.84 8.09 -2.18 2.96 32.04 10.27
2063 12 181.6 3.53 -5.25 -0.86 18.67 8.78
2064 1 7.07 0.81 -10.34 -4.76 15.64 11.15
2064 2 66.4 -1.55 -13.28 -7.42 15.03 11.73
2064 3 73.67 5.96 -4.95 0.5 39.42 10.91
2064 4 95.44 13.44 0.56 7 76.7 12.89
2064 5 101.4 17.5 5.74 11.62 109.45 11.76
2064 6 102.25 25.16 12.03 18.59 153.11 13.13
2064 7 125.43 27.6 13.69 20.65 173.91 13.92
2064 8 135.17 25.06 12.67 18.87 145.04 12.39
2064 9 39.24 23.53 8.88 16.2 118.97 14.65
2064 10 80.63 16.5 2.93 9.72 73.01 13.58
2064 11 155.52 10.34 0.15 5.25 35.83 10.18
2064 12 110.18 2.95 -7.35 -2.2 18.74 10.3
2065 1 65.71 -1.3 -12.04 -6.67 13.11 10.75
2065 2 46.68 0.9 -10.59 -4.84 18.57 11.49
2065 3 117.61 4.9 -5.42 -0.26 36.73 10.32
2065 4 213.52 12.5 1.35 6.92 71.16 11.16
2065 5 53.6 20.01 6.03 13.02 125.03 13.99
2065 6 67.68 25.18 12.4 18.79 151.9 12.78
2065 7 59.5 27.19 13.38 20.29 171.59 13.81
2065 8 71.04 26.39 13.34 19.86 152.86 13.04
2065 9 109.56 23.7 10.07 16.88 117.04 13.63
2065 10 77.02 15.57 2.35 8.96 70.05 13.21
2065 11 174.23 9.13 -0.63 4.25 33.58 9.76
2065 12 54.68 1.6 -8.85 -3.62 17.16 10.45
2066 1 67.36 -0.03 -10.96 -5.5 14.61 10.93
2066 2 141.01 0.76 -9.32 -4.28 18.14 10.07
2066 3 61.92 6.62 -4.97 0.82 41.33 11.59
2066 4 29.07 14.65 0.49 7.57 82.23 14.15
2066 5 160.55 18.72 5.54 12.13 117.89 13.19
2066 6 128.24 24.31 11.2 17.76 149.44 13.1
2066 7 65.04 25.95 13.76 19.86 159.38 12.18
2066 8 54.13 26.22 12.43 19.32 154.95 13.8
2066 9 175 22.43 10.07 16.25 109.42 12.36
2066 10 39.71 16.36 3.11 9.73 72.17 13.25
2066 11 82.14 9.57 -0.98 4.29 34.98 10.55
2066 12 51.69 0.96 -9.6 -4.32 16.41 10.57
2067 1 63.07 0.39 -10.6 -5.1 15.12 10.99
2067 2 66.66 0.34 -10.73 -5.19 18.36 11.07
2067 3 75.9 6.47 -4.19 1.14 40.79 10.67
2067 4 37.75 13.93 -0.05 6.94 80.36 13.98
2067 5 108.97 20.44 5.91 13.17 128.67 14.53
2067 6 87.26 24.73 11.02 17.87 153.67 13.72
2067 7 42.94 28.31 14.41 21.36 176.8 13.89
2067 8 107.35 26.79 14.77 20.78 149.74 12.02
2067 9 66.62 23.28 9.78 16.53 114.45 13.5
2067 10 146.05 17.03 4.46 10.74 72.11 12.57
2067 11 38.12 10.25 -3.21 3.52 37.66 13.46
2067 12 141.23 2.78 -6.67 -1.94 18.14 9.45
2068 1 122.48 0.18 -10.83 -5.32 14.88 11.01
2068 2 80.58 -0.57 -12.11 -6.34 16.45 11.54
2068 3 236.43 6.06 -3.17 1.44 38.13 9.24
2068 4 169.28 12.71 0.19 6.45 73.94 12.52
2068 5 76.98 19.96 5.55 12.76 125.84 14.42
2068 6 63.51 24.61 11.06 17.84 152.3 13.55
2068 7 117.48 27.03 15.31 21.17 161.77 11.72
2068 8 27.89 26.47 11.84 19.15 158.81 14.63
2068 9 183.34 22.72 8.85 15.78 114.3 13.87
2068 10 114.12 16.94 3.39 10.16 74.12 13.55
2068 11 164.44 8.05 -2.51 2.77 32.56 10.56
2068 12 137.49 1.74 -8.26 -3.26 17.22 10
2069 1 40.99 0.28 -11.56 -5.64 15.03 11.84
2069 2 139.69 1.03 -10.03 -4.5 18.7 11.06
2069 3 48.28 6.77 -5.29 0.74 41.97 12.06
2069 4 54.7 11.16 -0.63 5.27 68.25 11.79
2069 5 168.94 20.13 6.3 13.21 125.11 13.83
2069 6 74.44 26.14 12.01 19.07 160.91 14.12
2069 7 57.48 26.75 14.01 20.38 165.26 12.74
2069 8 86.53 26.02 13.23 19.62 150.39 12.79
2069 9 311.84 23.37 10.17 16.77 114.78 13.2
2069 10 274.82 18.02 4.61 11.31 76.76 13.41
2069 11 107.12 9.77 -1.35 4.21 35.76 11.12
2069 12 165.42 2.1 -7.66 -2.78 17.57 9.76
2070 1 103.26 -1.13 -10.73 -5.93 13.21 9.6
2070 2 22.68 2.26 -10.08 -3.91 20.62 12.34
2070 3 68.91 4.71 -6.03 -0.66 36.62 10.74
2070 4 59.54 12.59 -1.22 5.69 75.22 13.81
2070 5 62.08 22.64 6.88 14.76 140.22 15.76
2070 6 148.91 24.37 11.09 17.73 150.3 13.27
2070 7 60.12 27.3 14.37 20.84 168.47 12.93
2070 8 35.75 26.83 12.18 19.51 160.48 14.65
2070 9 97.38 23.08 8.73 15.91 116.66 14.34
2070 10 115.87 17.19 3.64 10.41 74.79 13.55
2070 11 108.84 9.05 -1.44 3.81 34.1 10.49
2070 12 40.8 1.91 -8.59 -3.34 17.54 10.49
2071 1 101.36 1.59 -9.87 -4.14 16.62 11.46
2071 2 142.09 0.68 -10.26 -4.79 18.85 10.94
2071 3 58.57 5.25 -5.82 -0.28 38.45 11.07
2071 4 115.88 14.37 1.59 7.98 80.05 12.78
2071 5 55.14 20.15 5.7 12.93 127.32 14.45
2071 6 102.13 26.23 13.07 19.65 158.01 13.16
2071 7 117.43 27.27 13.94 20.6 169.86 13.33
2071 8 50.52 27.32 14.44 20.88 155.36 12.88
2071 9 186.34 22.79 10.56 16.68 109.35 12.22
2071 10 8.29 17.4 2.52 9.96 76.3 14.88
2071 11 121.24 9.52 -0.44 4.54 33.96 9.96
2071 12 68.12 1.55 -8.59 -3.52 16.92 10.14
2072 1 92.94 0.49 -10.94 -5.22 15.28 11.44
2072 2 61.96 0.65 -9.63 -4.49 18.04 10.28
2072 3 84.79 5.85 -5.81 0.02 39.68 11.66
2072 4 116.11 13.78 1.43 7.61 76.94 12.35
2072 5 373.36 18.16 7.31 12.74 109.12 10.85
2072 6 93.35 24.83 11.51 18.17 152.42 13.32
2072 7 51.58 27.41 13.95 20.68 171.15 13.46
2072 8 35.84 25.84 12.1 18.97 153.21 13.75
2072 9 92.42 21.46 8.39 14.93 108.14 13.07
2072 10 44.14 18.14 3.45 10.79 78.92 14.69
2072 11 80.7 8.6 -1.71 3.44 33.25 10.31
2072 12 78.48 1.57 -9.63 -4.03 17.26 11.21
2073 1 104.9 -0.33 -9.15 -4.74 13.93 8.82
2073 2 125.51 -0.02 -10.24 -5.13 17.12 10.22
2073 3 86.13 6.65 -4.9 0.88 41.39 11.56
2073 4 124.25 11.36 1.18 6.27 66.2 10.19
2073 5 113.65 20.42 7.08 13.75 125.01 13.34
2073 6 55.22 25.62 11.95 18.79 157.1 13.67
2073 7 82.69 27.56 13.81 20.69 173.04 13.75
2073 8 36.18 27.55 11.96 19.75 166.59 15.58
2073 9 32.83 23.52 8.71 16.12 119.3 14.81
2073 10 206 16.03 3.58 9.8 70.12 12.44
2073 11 24.97 9.66 -2.17 3.75 36.12 11.84
2073 12 147.59 2.87 -6.28 -1.7 18.24 9.15
2074 1 123.65 0.74 -10.01 -4.63 15.51 10.75
2074 2 69.31 2.24 -11.6 -4.68 20.63 13.84
2074 3 47.78 4.41 -7.1 -1.35 36.39 11.5
2074 4 127.94 13.93 1.56 7.74 77.42 12.37
2074 5 28.42 18.75 4.66 11.7 120.12 14.09
2074 6 156.84 24.57 11.76 18.16 149.46 12.81
2074 7 24.2 28.18 14.15 21.17 176.96 14.03
2074 8 65.3 26.07 13.1 19.58 151.3 12.97
2074 9 60.99 24.04 9.46 16.75 120.56 14.58
2074 10 180.87 17.53 4.03 10.78 75.61 13.5
2074 11 63.19 10.1 -1.06 4.52 36.32 11.16
2074 12 99.55 1.36 -8.15 -3.4 16.63 9.51
2075 1 87.31 -0.16 -11.32 -5.74 14.47 11.16
2075 2 43.52 0.59 -11.46 -5.43 18.8 12.06
2075 3 54.19 5.42 -6.56 -0.57 39.32 11.97
2075 4 101.63 11.86 -0.3 5.78 71.45 12.17
2075 5 56.76 20.31 5.77 13.04 128.21 14.55
2075 6 44.4 25.66 11.85 18.75 157.99 13.81
2075 7 122.2 26.58 14.02 20.3 163.52 12.56
2075 8 55.56 26.27 12.01 19.14 156.1 14.26
2075 9 132.95 24.1 9.51 16.8 119.92 14.59
2075 10 32.59 17.56 2.96 10.26 76.38 14.6
2075 11 51.08 8.13 -2.29 2.92 32.21 10.42
2075 12 107.68 3.01 -7.69 -2.34 18.82 10.7
2076 1 150.9 -0.37 -11.77 -6.07 14.23 11.4
2076 2 144.98 2.68 -8.47 -2.89 21.04 11.15
2076 3 48.51 5.59 -6.89 -0.65 39.5 12.48
2076 4 64.37 13.11 0.62 6.87 75.09 12.48
2076 5 41.99 19.66 5.67 12.67 123.62 13.99
2076 6 71.8 25.19 12.18 18.68 152.79 13.01
2076 7 183.61 27.18 14.78 20.98 165.55 12.4
2076 8 40.75 26.22 12.03 19.13 156.3 14.19
2076 9 57.84 21.82 8.1 14.96 110.88 13.72
2076 10 131.67 18.12 4.9 11.51 76.73 13.22
2076 11 123.22 8.66 -1.02 3.82 32.78 9.68
2076 12 64.25 3.62 -7.03 -1.71 19.66 10.64
2077 1 38.96 0.78 -9.46 -4.34 15.48 10.24
2077 2 71.87 -1.05 -12.44 -6.75 15.77 11.39
2077 3 170.97 6.43 -4.99 0.72 40.82 11.43
2077 4 40.85 13.8 -0.83 6.48 80.02 14.63
2077 5 105.19 19.1 6.13 12.62 118.84 12.98
2077 6 88.37 24.94 11.02 17.98 155 13.92
2077 7 94.36 27.65 14.14 20.9 172.42 13.5
2077 8 108.55 27.58 13.87 20.73 160.32 13.71
2077 9 166.95 22.81 9.94 16.37 112.05 12.87
2077 10 186.68 16.7 5.12 10.91 70.35 11.58
2077 11 141.27 8.94 -0.72 4.11 33.17 9.65
2077 12 95.27 4.05 -6.5 -1.23 20.17 10.56
2078 1 69.64 0.01 -10.98 -5.49 14.66 10.99
2078 2 35.41 0.78 -10.11 -4.67 18.33 10.89
2078 3 41.47 6.01 -5.52 0.24 39.95 11.53
2078 4 135.34 13.25 1.16 7.2 74.93 12.1
2078 5 63.51 20.28 5.17 12.73 128.73 15.11
2078 6 44.97 24.35 10.76 17.56 151.34 13.59
2078 7 48.6 28.59 13.62 21.11 182.55 14.97
2078 8 64.36 25.67 12.46 19.07 150.6 13.21
2078 9 37.83 22.34 7.95 15.14 114.2 14.39
2078 10 35.47 16.64 2.31 9.48 74.35 14.33
2078 11 157.71 9.73 -1.64 4.05 35.89 11.37
2078 12 89.34 1.66 -9.96 -4.15 17.42 11.61
2079 1 142.12 0.48 -9.13 -4.32 15.01 9.61
2079 2 72.84 2.45 -9.2 -3.38 21.56 11.65
2079 3 77.97 5.15 -7.05 -0.95 38.83 12.21
2079 4 111.94 13.28 0.21 6.75 77.09 13.07
2079 5 49 19.68 4.46 12.07 127.04 15.23
2079 6 171.93 23.74 10.72 17.23 147 13.02
2079 7 179.08 26.82 14.21 20.52 164.78 12.61
2079 8 55.44 26.02 12.84 19.43 151.27 13.18
2079 9 71.83 23.23 9.24 16.24 115.5 13.99
2079 10 116.53 17.46 4.4 10.93 74 13.07
2079 11 90.16 12.03 -0.03 6 39.81 12.06
2079 12 105.52 2.56 -6.84 -2.14 17.87 9.4
2080 1 145.34 1.63 -8.58 -3.47 16.45 10.22
2080 2 86 2.09 -9.02 -3.47 20.2 11.12
2080 3 105.28 4.99 -5.68 -0.34 37.19 10.67
2080 4 73.91 13.11 -0.86 6.12 77.04 13.97
2080 5 101.68 21.29 5.46 13.37 134.54 15.83
2080 6 91.91 24.29 10.28 17.29 152.51 14.01
2080 7 51.52 27.59 13.44 20.51 174.77 14.15
2080 8 153.4 26.5 13.57 20.03 152.84 12.92
2080 9 78.19 22.01 7.91 14.96 112.41 14.1
2080 10 48.34 16.85 2.96 9.9 74.37 13.9
2080 11 93.34 10.65 -0.71 4.97 37.39 11.36
2080 12 107.45 0.59 -9.57 -4.49 15.88 10.16
