YEAR MONTH PRCP TMAX TMIN TAVG ET DIF
2000 1 108.46 4.15 -6.51 -1.18 19.5 10.66
2000 2 59.29 -0.13 -12.37 -6.25 17.09 12.24
2000 3 73.58 7.34 -4.32 1.51 42.98 11.66
2000 4 50.62 15.65 1.23 8.44 85.87 14.42
2000 5 136.79 19.47 5.97 12.72 121.68 13.51
2000 6 86.64 25.79 12.31 19.05 157.04 13.47
2000 7 85.14 29.31 16.43 22.87 177.01 12.89
2000 8 78.76 27.37 13.2 20.29 161.1 14.17
2000 9 227.12 22.83 10.63 16.73 110.25 12.2
2000 10 102.85 17.74 4.54 11.14 75.72 13.2
2000 11 35.16 9.75 -1.79 3.98 36.06 11.54
2000 12 83.33 3.2 -6.01 -1.4 18.64 9.21
2001 1 79.05 1.18 -9.26 -4.04 15.98 10.45
2001 2 46.94 3.13 -8.49 -2.68 21.79 11.62
2001 3 37.75 6.79 -4.17 1.31 41.24 10.96
2001 4 115.88 13.71 1.52 7.62 76.48 12.2
2001 5 73.76 19.84 7.98 13.91 118.45 11.86
2001 6 50.43 26.89 12.52 19.7 165.07 14.37
2001 7 70.42 27.98 14.91 21.44 172.05 13.07
2001 8 61.25 27.86 14.05 20.95 161.85 13.81
2001 9 77.96 24.71 11.23 17.97 120.02 13.48
2001 10 79.81 19.77 7.09 13.43 80.06 12.67
2001 11 46.57 10.42 -0.71 4.86 36.84 11.14
2001 12 123.33 4.12 -4.99 -0.43 19.62 9.1
2002 1 72.77 2.09 -9.65 -3.78 17.26 11.74
2002 2 100.26 1.43 -9.41 -3.99 19.22 10.84
2002 3 122.54 6.82 -3.83 1.49 41.04 10.65
2002 4 70.01 14.38 1.26 7.82 79.94 13.12
2002 5 78.9 20.77 6.29 13.53 129.31 14.48
2002 6 140.73 25.49 12.26 18.87 154.9 13.23
2002 7 102.62 27.78 15.14 21.46 169.22 12.64
2002 8 46.21 27.19 13.19 20.19 159.71 14
2002 9 118.36 23.01 9.57 16.29 114.23 13.44
2002 10 226.22 17.29 6.67 11.98 69.9 10.62
2002 11 19.04 10.65 -2.04 4.3 38.37 12.69
2002 12 140.53 3.34 -6.35 -1.5 18.99 9.69
2003 1 66.99 1.46 -10.91 -4.72 16.53 12.37
2003 2 84.86 1.04 -10.87 -4.92 19.48 11.92
2003 3 47.05 5.81 -4.5 0.65 39.09 10.32
2003 4 63.76 14.11 1.7 7.91 78.69 12.41
2003 5 71.69 20.73 6.63 13.68 128.86 14.1
2003 6 101.7 25.22 12.19 18.71 153.28 13.03
2003 7 77.21 28.93 15.72 22.33 176.64 13.21
2003 8 158.46 26.06 13.31 19.68 149.81 12.75
2003 9 47.34 24.03 9.31 16.67 119.96 14.71
2003 10 43.41 18.19 4.36 11.27 77.06 13.84
2003 11 197.45 12.22 0.76 6.49 39.59 11.45
2003 12 49.43 1.88 -7.6 -2.86 17.11 9.48
2004 1 45.43 0.85 -9.06 -4.1 15.49 9.91
2004 2 78.95 2.5 -9.25 -3.37 20.91 11.75
2004 3 56.21 5.45 -5.55 -0.05 38.39 11
2004 4 33.62 15.51 1.43 8.46 84.92 14.08
2004 5 113.42 20.78 7.38 14.08 126.6 13.4
2004 6 176.59 24.55 12.72 18.64 145.48 11.83
2004 7 81.19 28.2 15.13 21.66 172.98 13.07
2004 8 140.01 26.99 13.88 20.44 155.6 13.11
2004 9 39.69 24.19 9.48 16.83 121.41 14.71
2004 10 75.59 18.75 5.07 11.91 79.14 13.68
2004 11 73.72 10.88 -0.47 5.21 37.78 11.36
2004 12 94.99 0.92 -8.7 -3.89 16.16 9.62
2005 1 90.43 0.52 -11.34 -5.41 15.34 11.86
2005 2 89.56 2.54 -9.12 -3.29 20.94 11.66
2005 3 183.84 6.97 -3.29 1.84 41.02 10.26
2005 4 95.22 13.66 1.32 7.49 76.56 12.34
2005 5 82.86 21.62 5.52 13.57 136.53 16.1
2005 6 40.23 26.23 12.88 19.55 158.43 13.34
2005 7 43.01 29.35 14.58 21.96 185.34 14.78
2005 8 144.6 26.5 14.22 20.36 150.28 12.28
2005 9 116.81 23.5 9.7 16.6 116.79 13.8
2005 10 142.59 18.25 4.56 11.41 77.82 13.69
2005 11 154.07 11.21 0.59 5.9 37.65 10.63
2005 12 50.33 3.83 -5.83 -1 19.55 9.65
2006 1 107.68 1.19 -9.35 -4.08 16.01 10.54
2006 2 88.4 4.18 -7.45 -1.64 23.31 11.63
2006 3 118.13 6.48 -4.5 0.99 40.59 10.98
2006 4 97.64 15.52 1.6 8.56 84.74 13.92
2006 5 84.64 20.45 6.68 13.57 126.26 13.77
2006 6 62.47 27.14 14.08 20.61 161.21 13.06
2006 7 74.69 29.15 15.85 22.5 178.16 13.29
2006 8 138.14 27.42 13.94 20.68 158.77 13.48
2006 9 195.38 21.78 9.08 15.43 108.24 12.7
2006 10 145.42 17.18 4.04 10.61 74.15 13.14
2006 11 93.07 9.87 -0.01 4.93 34.82 9.88
2006 12 192.9 4.02 -6.2 -1.09 20 10.22
2007 1 110.17 2.5 -7.98 -2.74 17.52 10.49
2007 2 44.22 2.78 -10.22 -3.72 22.22 13
2007 3 184.33 6.54 -5.09 0.73 41.68 11.63
2007 4 90.9 14.42 1.36 7.89 80.66 13.06
2007 5 85.71 20.17 6.24 13.2 126.13 13.93
2007 6 76.94 25.55 12.2 18.88 155.87 13.35
2007 7 89.16 28.94 15.08 22.01 179.5 13.86
2007 8 81.5 28.13 14.19 21.16 162.79 13.94
2007 9 51.78 24.43 9.65 17.04 121.51 14.78
2007 10 163.5 18.08 4.66 11.37 76.15 13.42
2007 11 50.72 10.49 -1.47 4.51 37.15 11.96
2007 12 170.47 4.06 -4.47 -0.2 19.12 8.53
2008 1 62.46 -0.35 -11.7 -6.03 14.25 11.35
2008 2 55.08 3.44 -8.34 -2.45 22.28 11.78
2008 3 69.91 7.37 -4.58 1.39 43.27 11.95
2008 4 119.25 12.81 2.07 7.44 71.28 10.74
2008 5 182.78 21.32 7.88 14.6 128.88 13.44
2008 6 150.04 26.22 13.47 19.85 156.1 12.75
2008 7 45.36 28.65 14.31 21.48 180.39 14.34
2008 8 63.65 28.8 15.13 21.97 165.18 13.66
2008 9 64.84 22.36 8.28 15.32 113.56 14.08
2008 10 85.2 17.14 3.81 10.48 74.36 13.33
2008 11 110.53 10.71 0.37 5.54 36.57 10.34
2008 12 57.44 3.26 -6.44 -1.59 18.9 9.7
2009 1 124.01 0.29 -10.69 -5.2 15.01 10.99
2009 2 149.5 1.33 -10.58 -4.62 19.23 11.91
2009 3 69.76 7.28 -4.22 1.53 42.74 11.5
2009 4 104.43 13.39 1.03 7.21 75.78 12.37
2009 5 53.9 21.17 7.68 14.42 128.4 13.49
2009 6 96.73 25.73 12.94 19.33 154.19 12.79
2009 7 88.04 27.89 14.83 21.36 171.6 13.06
2009 8 66.03 28.02 13.53 20.77 165.03 14.49
2009 9 74.37 23.68 9.06 16.37 119.41 14.62
2009 10 111.17 18.22 4.4 11.31 77.93 13.82
2009 11 27.58 10.48 -2.17 4.15 38.05 12.65
2009 12 49.55 4.11 -5.59 -0.74 19.89 9.69
2010 1 66.45 0.78 -10.57 -4.9 15.62 11.35
2010 2 115.44 3.22 -6.52 -1.65 21.31 9.74
2010 3 108.32 6.63 -4.66 0.98 41.15 11.29
2010 4 84.25 13.7 0.78 7.24 77.55 12.92
2010 5 74.32 21.88 7.51 14.69 133.59 14.36
2010 6 38.06 26.13 12.01 19.07 160.87 14.12
2010 7 32.58 28.91 14.84 21.88 180.45 14.07
2010 8 81.82 28.38 14.45 21.41 164.43 13.92
2010 9 88.61 23.92 10.74 17.33 116.58 13.18
2010 10 117.28 17.39 3.57 10.48 75.72 13.82
2010 11 107.97 10.62 -0.45 5.08 37.1 11.07
2010 12 62.62 2.29 -7.48 -2.59 17.8 9.77
2011 1 94.82 1.4 -9.47 -4.03 16.31 10.87
2011 2 32.84 1.28 -11.24 -4.98 19.86 12.51
2011 3 85.36 5.65 -4.7 0.47 38.78 10.35
2011 4 110.7 14.45 1.04 7.75 81.26 13.4
2011 5 100.66 21.35 6.36 13.86 133.58 14.99
2011 6 119.92 23.39 10.97 17.18 143.36 12.42
2011 7 109.83 27.75 15.49 21.62 167.17 12.26
2011 8 86.78 26.28 13.84 20.06 149.41 12.43
2011 9 109.25 23.97 10.24 17.11 117.33 13.73
2011 10 127.71 18.4 3.9 11.15 78.53 14.5
2011 11 100.62 9.18 -1.59 3.8 34.12 10.76
2011 12 88.91 2.45 -7.15 -2.35 17.8 9.6
2012 1 64.4 1.07 -9.82 -4.38 15.92 10.89
2012 2 131.57 1 -9.99 -4.5 18.64 10.98
2012 3 91.58 5.87 -5.99 -0.06 39.83 11.86
2012 4 137.44 14.23 1.28 7.75 79.22 12.95
2012 5 161.76 20.73 7.59 14.16 125.69 13.15
2012 6 95.64 27.91 12.93 20.42 171.74 14.97
2012 7 75.4 28.78 14.46 21.62 180.86 14.32
2012 8 91.72 27.71 13.82 20.76 161.5 13.89
2012 9 21.38 25.18 9.36 17.27 127.52 15.83
2012 10 141.25 17.68 4.95 11.31 74.79 12.72
2012 11 77.85 9.23 -0.17 4.53 33.37 9.4
2012 12 111.87 2.8 -6.42 -1.81 18.18 9.21
2013 1 86.19 -0.73 -13 -6.86 13.77 12.27
2013 2 53.77 2.28 -8.41 -3.06 20.37 10.69
2013 3 147.85 7.39 -4 1.69 42.9 11.39
2013 4 250.82 15.15 2.42 8.78 81.72 12.73
2013 5 165.22 19.87 8.71 14.29 116.24 11.15
2013 6 29.95 25.44 11.79 18.61 156.23 13.65
2013 7 163.28 28.86 15.45 22.16 177.39 13.41
2013 8 89.89 27.59 12.43 20.01 165.41 15.16
2013 9 30.12 25.01 9.79 17.4 125.5 15.22
2013 10 85.85 17.78 4.3 11.04 76.26 13.48
2013 11 62.98 9.18 -2.11 3.53 34.92 11.28
2013 12 34.44 4.02 -5.94 -0.96 19.91 9.97
2014 1 84.47 0.4 -9.93 -4.76 15.06 10.34
2014 2 53.85 3.31 -9.47 -3.08 22.24 12.77
2014 3 103.15 8.11 -3.22 2.45 44.43 11.33
2014 4 129.58 16.09 1.95 9.02 86.91 14.14
2014 5 56.08 20.2 5.51 12.85 127.42 14.69
2014 6 28.51 25.92 12.02 18.97 159.16 13.9
2014 7 36.99 28.5 13.54 21.02 182.05 14.96
2014 8 201.89 28.31 14.69 21.5 162.97 13.62
2014 9 13 24.02 9.26 16.64 120.92 14.76
2014 10 202.11 18.11 4.92 11.52 76.68 13.19
2014 11 255.17 8.98 0.36 4.67 32.14 8.62
2014 12 175.5 2.63 -6.47 -1.92 17.94 9.1
2015 1 159.67 -0.42 -9.58 -5 13.92 9.16
2015 2 43.47 1.12 -11.14 -5.01 19.61 12.26
2015 3 122.92 8.14 -3.67 2.24 45.4 11.8
2015 4 91.81 13.92 1.57 7.75 77.99 12.35
2015 5 69.54 21 5.3 13.15 133.65 15.7
2015 6 88.84 25.35 11.87 18.61 155.48 13.48
2015 7 29.37 29.6 16.05 22.83 181.12 13.55
2015 8 127.7 27.23 13.47 20.35 158.41 13.76
2015 9 103.74 23.81 10.91 17.36 114.53 12.89
2015 10 121.19 17.56 5.13 11.34 73.2 12.43
2015 11 58.36 8.77 -1.77 3.5 33.31 10.54
2015 12 78.96 4.19 -5.85 -0.83 20.01 10.04
2016 1 75.12 0.28 -10.13 -4.92 14.93 10.41
2016 2 92.5 3.1 -7.89 -2.39 21.6 11
2016 3 111 6.64 -5.11 0.77 41.5 11.75
2016 4 89.95 13.37 1.55 7.46 74.84 11.82
2016 5 172.24 20.54 7.49 14.02 124.69 13.05
2016 6 68 24.81 11.12 17.96 153.64 13.69
2016 7 41.96 29.1 15.14 22.12 180.87 13.96
2016 8 50.52 26.6 13.72 20.16 153.14 12.89
2016 9 164.01 22 9.84 15.92 107.45 12.16
2016 10 119.73 16.79 3.46 10.13 73.43 13.33
2016 11 202.52 11.75 0.36 6.05 39.22 11.39
2016 12 182.4 3.9 -6.29 -1.2 19.84 10.19
2017 1 53.66 0.35 -11.62 -5.64 15.12 11.97
2017 2 81.21 2.11 -8.97 -3.43 20.22 11.09
2017 3 18.37 7.28 -4.01 1.63 42.57 11.29
2017 4 145.68 13.52 2.02 7.77 74.71 11.5
2017 5 90.4 19.65 6.93 13.29 120.27 12.72
2017 6 135.46 25.27 12.86 19.07 150.83 12.42
2017 7 185.57 27.39 15.96 21.67 161.85 11.44
2017 8 190.8 26.63 14.41 20.52 150.54 12.22
2017 9 43.09 24.27 9.01 16.64 122.95 15.26
2017 10 20.33 17.79 3.75 10.77 77.09 14.04
2017 11 120.67 10.06 -1.54 4.26 36.61 11.6
2017 12 51.19 2.63 -8.03 -2.7 18.47 10.66
2018 1 14.82 -0.54 -12.07 -6.31 14.03 11.54
2018 2 72.89 3.07 -8.77 -2.85 21.75 11.84
2018 3 162.18 6.98 -3.71 1.63 41.43 10.69
2018 4 65.99 13.48 1.01 7.24 76.19 12.47
2018 5 107.34 21.79 7.59 14.69 132.84 14.21
2018 6 87.84 26.85 13.11 19.98 162.57 13.73
2018 7 108.14 28.33 15.17 21.75 173.96 13.16
2018 8 97.9 26.44 13.39 19.92 153.15 13.06
2018 9 128.5 24.82 11.43 18.13 120.17 13.39
2018 10 57.77 18.09 3.98 11.04 78.01 14.11
2018 11 43.6 11.4 -0.64 5.38 39.18 12.04
2018 12 73.74 2.81 -6.91 -2.05 18.39 9.72
2019 1 179.04 2.54 -6.49 -1.97 17.09 9.03
2019 2 24.11 1.54 -10.14 -4.3 20.21 11.68
2019 3 146.41 5.95 -4.23 0.86 39.27 10.18
2019 4 78.09 13.95 1.38 7.66 78.45 12.57
2019 5 74.43 21.63 6.96 14.29 133.97 14.67
2019 6 61.42 24.42 12.34 18.38 146.25 12.08
2019 7 72.48 28.93 14.46 21.7 182 14.47
2019 8 84.76 28.55 13.29 20.92 169.3 15.26
2019 9 121.3 22.38 9 15.69 111.13 13.38
2019 10 44.65 18.13 3.52 10.83 77.98 14.62
2019 11 47.97 10.07 -0.68 4.7 35.53 10.75
2019 12 50.82 2.79 -8.15 -2.68 18.6 10.94
2020 1 113.28 1.21 -9.67 -4.23 16.08 10.88
2020 2 111.22 3.14 -8.79 -2.83 21.87 11.93
2020 3 160.34 5.39 -4.53 0.43 37.43 9.92
2020 4 66.43 16.15 1.27 8.71 88.09 14.87
2020 5 92.69 20.94 7.1 14.02 128.42 13.84
2020 6 128.51 25.16 12.33 18.74 152.03 12.84
2020 7 77.2 29.73 15.41 22.57 185.23 14.32
2020 8 160.63 27.66 15.03 21.35 156.32 12.63
2020 9 84.1 23.72 10.32 17.02 116.5 13.4
2020 10 167.43 17.46 5.01 11.23 73.78 12.45
2020 11 80.27 10.53 -0.63 4.95 37.03 11.16
2020 12 79.94 3.54 -6.38 -1.42 19.32 9.92
2021 1 50.9 1.24 -9.24 -4 16.05 10.47
2021 2 57.12 1.29 -9.41 -4.06 19 10.7
2021 3 161.32 7.51 -2.55 2.48 41.93 10.06
2021 4 70.28 13.84 0.34 7.09 78.82 13.5
2021 5 103.65 20.43 6.11 13.27 127.57 14.33
2021 6 119.81 25.86 12.91 19.39 155.32 12.94
2021 7 65.18 28.17 14.68 21.42 174.67 13.49
2021 8 43.21 27.78 14.01 20.89 161.36 13.77
2021 9 126.76 24.47 10.62 17.55 120.24 13.85
2021 10 50.66 18.85 4.02 11.44 81.07 14.83
2021 11 103.83 10.59 -0.89 4.85 37.39 11.48
2021 12 95.03 1.89 -7.05 -2.58 17.04 8.94
2022 1 141.95 1.04 -8.99 -3.98 15.73 10.03
2022 2 87.23 1.95 -8.11 -3.08 19.75 10.06
2022 3 115.76 6.46 -5.12 0.67 40.97 11.58
2022 4 114.34 14.51 0.47 7.49 81.66 14.04
2022 5 126.45 19.68 7.19 13.43 119.72 12.49
2022 6 98.54 25.73 12.48 19.11 155.97 13.24
2022 7 124.52 27.85 14.91 21.38 170.87 12.94
2022 8 57.88 26.67 13.92 20.29 152.82 12.75
2022 9 67.07 22.49 8.52 15.51 113.78 13.97
2022 10 168.32 17.74 4.46 11.1 75.83 13.28
2022 11 18.65 8.58 -2.28 3.15 33.64 10.86
2022 12 76.43 3.25 -6.13 -1.44 18.76 9.38
2023 1 64.22 2.91 -8.55 -2.82 18.22 11.46
2023 2 105.3 3.01 -9.3 -3.15 22.51 12.31
2023 3 36.61 6.92 -5.33 0.79 42.91 12.25
2023 4 108.02 13.26 1.32 7.29 75.34 11.95
2023 5 56.38 20.33 7.65 13.99 123.39 12.68
2023 6 65.53 26.24 12.51 19.37 160.24 13.74
2023 7 158.23 28.33 15.3 21.82 173.22 13.03
2023 8 81.87 26.09 13.4 19.74 149.68 12.69
2023 9 52.59 23.45 9.62 16.54 115.85 13.83
2023 10 81.79 17.94 4.24 11.09 76.19 13.7
2023 11 35.05 10.67 -0.62 5.02 36.94 11.29
2023 12 31.93 2.81 -5.97 -1.58 17.88 8.78
2024 1 99.43 1.83 -9.84 -4 16.94 11.67
2024 2 145.44 2.99 -7.99 -2.5 21.43 10.98
2024 3 180.23 6.23 -3.15 1.54 38.61 9.38
2024 4 75.06 15.11 2.2 8.66 81.92 12.91
2024 5 93.97 20.65 6.23 13.44 128.69 14.42
2024 6 77.51 26.16 12.2 19.18 160.44 13.96
2024 7 48.84 28.8 14.41 21.6 181.29 14.4
2024 8 89.14 27.59 15.18 21.38 155.08 12.4
2024 9 181.5 24.16 10.94 17.55 117.48 13.22
2024 10 185.61 17.56 4.59 11.08 74.89 12.97
2024 11 52.63 11.47 0.09 5.78 38.77 11.38
2024 12 68.42 1.32 -8.13 -3.4 16.57 9.45
2025 1 47.6 1.33 -8.85 -3.76 16.1 10.18
2025 2 45.07 -0.02 -11.77 -5.9 17.25 11.75
2025 3 79.57 7.2 -4.08 1.56 42.38 11.27
2025 4 220.52 15.13 2.54 8.83 81.42 12.59
2025 5 92.3 22.17 6.88 14.52 137.11 15.29
2025 6 33.33 26.08 11.11 18.6 163.5 14.97
2025 7 37.22 28.5 14.75 21.62 177.25 13.75
2025 8 165.46 27.89 14.43 21.16 160.66 13.47
2025 9 148.35 23.94 9.65 16.8 119.49 14.28
2025 10 150.06 17.15 4.58 10.86 73.2 12.58
2025 11 84.73 9.68 -1.14 4.27 35.38 10.82
2025 12 45.87 1.72 -7.79 -3.03 17.06 9.51
2026 1 62.07 -0.21 -12.32 -6.26 14.42 12.1
2026 2 118.84 3.79 -6.82 -1.51 22.42 10.6
2026 3 78.06 7.32 -3.33 2 42.13 10.65
2026 4 48.75 13.93 -0.41 6.76 80.15 14.34
2026 5 104.32 20.03 6.93 13.48 122.79 13.1
2026 6 32.05 26.34 11.66 19 163.7 14.68
2026 7 40.15 29.14 15.26 22.2 180.67 13.88
2026 8 83.76 26.9 14.31 20.6 153.1 12.59
2026 9 45.72 22.69 8.44 15.57 115.09 14.24
2026 10 139.91 17.52 6.14 11.83 71.99 11.38
2026 11 129.8 9.06 -1.55 3.75 34.2 10.61
2026 12 101 2.65 -6.62 -1.99 18.03 9.27
2027 1 176.49 1.99 -9.86 -3.94 17.15 11.85
2027 2 36.36 3.83 -7.89 -2.03 23.65 11.73
2027 3 90.21 7.92 -3.52 2.2 44.61 11.44
2027 4 63.84 13.95 1.47 7.71 78.29 12.48
2027 5 52.97 20.47 6.58 13.53 127.24 13.89
2027 6 93.08 26.18 12.3 19.24 160.51 13.88
2027 7 79.19 28.67 15.28 21.97 176.26 13.39
2027 8 231.35 27.36 14.77 21.06 154.32 12.59
2027 9 68.51 23.56 8.55 16.06 119.02 15.02
2027 10 144.74 18.92 5.12 12.02 78.94 13.8
2027 11 91.14 12.37 -0.66 5.86 41.11 13.02
2027 12 120.5 2.84 -7.66 -2.41 18.55 10.5
2028 1 94.03 1 -9.83 -4.41 15.83 10.83
2028 2 89.2 3.95 -8.1 -2.07 23.09 12.06
2028 3 105.58 6.63 -3.46 1.59 40.16 10.09
2028 4 173.66 14.53 2.52 8.52 78.6 12.01
2028 5 82.04 21.4 6.96 14.18 131.84 14.44
2028 6 92.95 26.21 11.83 19.02 162.11 14.38
2028 7 75.46 29.91 14.63 22.27 189.89 15.28
2028 8 56.79 27.98 13.72 20.85 163.97 14.25
2028 9 38.83 24.5 10.3 17.4 121.27 14.21
2028 10 23.61 18.68 3.8 11.24 80.68 14.88
2028 11 46.17 10.39 -0.65 4.87 36.7 11.04
2028 12 112.51 3.68 -5.93 -1.12 19.35 9.6
2029 1 83.42 0.86 -9.99 -4.56 15.67 10.85
2029 2 39.38 3.69 -8.56 -2.44 22.73 12.25
2029 3 140.94 4.84 -5.47 -0.32 36.6 10.31
2029 4 107.55 14.6 1.67 8.14 80.36 12.93
2029 5 71.11 21.37 7.1 14.24 131.28 14.27
2029 6 68.75 26.13 13.63 19.88 154.69 12.5
2029 7 70.51 29.17 15.17 22.17 181.31 14
2029 8 107.94 26.37 13.97 20.17 150.21 12.39
2029 9 106.22 24.04 10.14 17.09 118.89 13.9
2029 10 46.17 19.19 3.53 11.36 83.11 15.66
2029 11 56.7 9.74 -1.89 3.93 36.11 11.63
2029 12 110.68 3.09 -7.18 -2.05 18.91 10.28
2030 1 88.49 -0.4 -10.35 -5.37 14.08 9.95
2030 2 97.17 1.97 -10.67 -4.35 20.22 12.64
2030 3 49.79 6.72 -4.78 0.97 41.51 11.5
2030 4 67.54 15.05 1.4 8.22 82.84 13.65
2030 5 75.3 21.76 6.04 13.9 136.38 15.73
2030 6 38.11 27.2 12.54 19.87 167.51 14.67
2030 7 159.48 28.73 14.84 21.79 178.92 13.9
2030 8 58.68 27.6 13.38 20.49 162.24 14.22
2030 9 67.51 23.38 9.86 16.62 115.65 13.52
2030 10 69.67 17.68 3.05 10.37 77.6 14.64
2030 11 124.48 10.86 0.18 5.52 37.14 10.68
2030 12 120.93 4.12 -6.5 -1.19 20.26 10.61
2031 1 106.37 0.67 -10.01 -4.67 15.42 10.68
2031 2 34.7 0.38 -10.88 -5.25 18.44 11.26
2031 3 66.72 6.02 -4.79 0.61 39.93 10.81
2031 4 62 16.09 1.91 9 87.68 14.18
2031 5 77.22 20.61 6.67 13.64 127.94 13.94
2031 6 58.74 27.08 11.06 19.07 171.65 16.02
2031 7 79.1 29.3 16.69 22.99 175.44 12.61
2031 8 53.47 28.53 13.42 20.97 168.66 15.11
2031 9 53.14 24.49 10.03 17.26 120.92 14.45
2031 10 139.71 18.01 3.91 10.96 76.95 14.1
2031 11 111.57 12.31 0.82 6.56 39.77 11.49
2031 12 171.35 3.81 -6.73 -1.46 19.73 10.54
2032 1 107.37 0 -10.27 -5.14 14.58 10.27
2032 2 25.45 1.94 -9.11 -3.59 19.98 11.05
2032 3 39.39 7.61 -3.96 1.82 43.52 11.57
2032 4 69.06 16.47 1.3 8.89 89.54 15.17
2032 5 63.71 20.25 6.6 13.42 125.13 13.65
2032 6 37.03 24.79 11.84 18.31 150.88 12.95
2032 7 83.61 28.25 15.16 21.71 173.36 13.1
2032 8 180.32 27.15 13.87 20.51 156.88 13.28
2032 9 105.13 23.57 10.39 16.98 115.4 13.18
2032 10 54.66 17.64 3.78 10.71 76.44 13.86
2032 11 162.19 10.49 -1.2 4.65 37.39 11.69
2032 12 94.54 2.81 -6.56 -1.88 18.26 9.38
2033 1 36.49 1.54 -8.89 -3.67 16.39 10.43
2033 2 45.87 1.65 -10.04 -4.2 19.66 11.68
2033 3 61.58 6.57 -4.11 1.23 40.55 10.68
2033 4 137.84 14.88 2.8 8.84 79.76 12.08
2033 5 59.4 20.73 6.39 13.56 128.8 14.34
2033 6 123.82 25.46 14.39 19.93 145.73 11.07
2033 7 74.31 27.87 15.82 21.84 166.85 12.05
2033 8 54.52 27.75 13.84 20.79 161.74 13.91
2033 9 87.13 23.51 10.6 17.06 114.48 12.91
2033 10 32.67 18.02 4.1 11.06 77.54 13.92
2033 11 52.51 9.43 -2.37 3.53 35.69 11.8
2033 12 66.17 3.91 -6.96 -1.53 20.09 10.87
2034 1 107.18 0.46 -9.37 -4.46 15.04 9.83
2034 2 42.53 1.06 -11.16 -5.05 18.85 12.23
2034 3 54.87 6.9 -3.8 1.55 41.28 10.7
2034 4 138.05 14.42 1.67 8.04 79.52 12.75
2034 5 37.83 22.58 7.27 14.92 138.91 15.31
2034 6 33.61 27.75 12.66 20.2 171.44 15.09
2034 7 68.11 28.84 14.81 21.83 179.95 14.03
2034 8 74.63 27.75 13.88 20.82 161.6 13.87
2034 9 114.55 23.9 9.42 16.66 119.83 14.48
2034 10 307.18 17.07 5.37 11.22 71.49 11.7
2034 11 83.82 11.68 1.04 6.36 38.4 10.64
2034 12 97.87 3.96 -6 -1.02 19.83 9.96
2035 1 69.13 0.7 -8.55 -3.93 15.16 9.25
2035 2 58.1 1.8 -9.97 -4.08 20.61 11.77
2035 3 51.91 8.12 -3.12 2.5 44.89 11.24
2035 4 52.63 13.84 2.02 7.93 76.83 11.81
2035 5 57.76 19.11 5.26 12.19 121.66 13.85
2035 6 49.51 24.06 11.06 17.56 148.3 13
2035 7 53.22 29.31 15.53 22.42 180.87 13.78
2035 8 106.5 27.3 14.24 20.77 155.97 13.05
2035 9 235.08 22.99 10.93 16.96 109.55 12.07
2035 10 182.63 17.19 4.36 10.78 72.94 12.83
2035 11 60.65 10.71 -0.1 5.31 36.59 10.81
2035 12 166.34 4.37 -5.24 -0.43 20.03 9.61
2036 1 122.32 1.75 -8.46 -3.35 16.59 10.21
2036 2 67.82 4.05 -7.52 -1.74 23.1 11.57
2036 3 167.06 6.55 -3.4 1.57 39.84 9.95
2036 4 165.32 13.72 1.63 7.67 76.32 12.09
2036 5 75.08 21.49 7.02 14.25 132.26 14.47
2036 6 82.29 25.38 11.71 18.54 156 13.67
2036 7 32.28 28.82 14.63 21.72 180.55 14.19
2036 8 45.38 27.3 13.18 20.24 160.59 14.12
2036 9 91.86 24.67 10.11 17.39 122.71 14.55
2036 10 60.32 18.59 4.31 11.45 79.59 14.28
2036 11 104.74 10.65 -0.68 4.98 37.36 11.33
2036 12 136.09 3.75 -5.8 -1.03 19.41 9.55
2037 1 44.27 3.47 -8.2 -2.36 18.95 11.67
2037 2 83.45 2.54 -10.35 -3.9 21.1 12.89
2037 3 52.17 6.75 -5.5 0.62 42.06 12.26
2037 4 87.92 13.64 1.67 7.66 75.89 11.97
2037 5 148.4 22.42 7.63 15.03 136.95 14.79
2037 6 67 26.5 11.79 19.14 164.54 14.71
2037 7 74.44 28.31 15.15 21.73 173.86 13.16
2037 8 23.77 27.77 13.73 20.75 162.29 14.03
2037 9 34.46 24.09 10.15 17.12 119.17 13.94
2037 10 29.74 17.31 3.78 10.55 75.09 13.53
2037 11 114.52 9.84 -1.23 4.31 35.83 11.06
2037 12 105.1 2.02 -8.05 -3.01 17.57 10.07
2038 1 144.44 2.21 -8.95 -3.37 17.32 11.15
2038 2 154.6 3.7 -7.28 -1.79 22.43 10.97
2038 3 57.38 6.86 -4.26 1.3 41.52 11.12
2038 4 39.9 13.6 0.37 6.99 77.68 13.23
2038 5 141.98 20.63 7.5 14.06 125.26 13.13
2038 6 61.24 25.73 12.42 19.08 156.25 13.32
2038 7 38.13 29.52 14.87 22.19 185.6 14.65
2038 8 29.25 29.4 13.88 21.64 174.61 15.52
2038 9 262.15 23.77 10.56 17.17 116.19 13.22
2038 10 146.47 17 4.9 10.95 72.03 12.1
2038 11 125.06 10.13 0.06 5.09 35.41 10.08
2038 12 134.37 6 -2.99 1.5 21.68 8.99
2039 1 75.97 0.48 -10.11 -4.82 15.18 10.58
2039 2 97.26 2.24 -9.29 -3.52 21.22 11.52
2039 3 76.52 5.83 -5.49 0.17 39.87 11.32
2039 4 64.61 14.5 0.23 7.36 82.58 14.27
2039 5 112.46 22.05 8.35 15.2 133.13 13.7
2039 6 85.11 25.26 12.1 18.68 153.9 13.16
2039 7 38.53 28.34 15.35 21.84 173.06 12.99
2039 8 70.73 27.3 14.39 20.85 155.43 12.91
2039 9 160.56 24.4 11.34 17.87 116.94 13.06
2039 10 130.24 17.22 4.68 10.95 72.52 12.54
2039 11 105.53 10.49 -1.7 4.39 37.32 12.19
2039 12 87.86 5.21 -6.79 -0.79 21.92 12
2040 1 87.4 2.15 -8.49 -3.17 17.15 10.64
2040 2 73.87 0.02 -11.75 -5.86 17.32 11.78
2040 3 179.97 6.41 -4.35 1.03 40.26 10.76
2040 4 64.81 13.87 2.04 7.96 76.3 11.82
2040 5 52.73 20.54 6.81 13.68 126.49 13.72
2040 6 66.78 26.71 11.56 19.13 166.96 15.16
2040 7 64.5 30.26 15.95 23.11 187.62 14.31
2040 8 90.94 27.41 13.52 20.46 160.26 13.89
2040 9 93.57 24.92 11.04 17.98 121.86 13.88
2040 10 83.35 19.06 2.91 10.98 83.31 16.15
2040 11 65.26 9.33 -0.52 4.4 33.95 9.85
2040 12 176.48 3.1 -6.66 -1.78 18.73 9.75
2041 1 40.13 0.92 -9.66 -4.37 15.69 10.58
2041 2 34.92 2.32 -9.62 -3.65 20.68 11.95
2041 3 163.34 6.72 -4.13 1.3 41.02 10.85
2041 4 69.46 14.4 0.98 7.69 80.45 13.42
2041 5 91.84 21.06 6.56 13.81 130.53 14.49
2041 6 74.46 27.04 13.32 20.18 163.36 13.72
2041 7 88 29.25 14.89 22.07 183.19 14.36
2041 8 138.09 27.13 13.26 20.19 158.99 13.87
2041 9 179.31 22.58 8.86 15.72 113.5 13.72
2041 10 123.19 17.39 4.14 10.76 74.86 13.24
2041 11 189.64 10.87 1.59 6.23 35.66 9.28
2041 12 49.46 3.46 -6.92 -1.73 19.39 10.39
2042 1 40.34 1.96 -9.73 -3.89 17.1 11.7
2042 2 177.97 5.08 -4.87 0.1 23.87 9.94
2042 3 40.35 4.69 -6.11 -0.71 36.62 10.8
2042 4 217.98 14.66 3.1 8.88 78.15 11.56
2042 5 75.19 20.61 7.07 13.84 126.31 13.54
2042 6 88.94 25.27 11.33 18.3 156.5 13.94
2042 7 46.26 28.63 15.77 22.2 173.92 12.86
2042 8 52.81 27.34 14.45 20.9 156.08 12.88
2042 9 78.34 23.94 9.73 16.84 119.31 14.2
2042 10 213.89 18.95 4.86 11.91 80.29 14.09
2042 11 170.58 9.74 0.16 4.95 34.32 9.58
2042 12 81.47 3.54 -7.26 -1.86 19.62 10.8
2043 1 116.02 1.62 -8.94 -3.66 16.51 10.56
2043 2 52.68 1 -11.07 -5.04 19.41 12.07
2043 3 72.24 6.5 -4.66 0.92 41.25 11.16
2043 4 50.52 14.73 1.14 7.94 82.43 13.59
2043 5 83.87 19.2 6.43 12.81 119.26 12.77
2043 6 78.18 25.37 11.49 18.43 157.01 13.88
2043 7 121.39 29.59 15.77 22.68 182.27 13.82
2043 8 101.16 27.2 12.97 20.09 159.95 14.23
2043 9 54.8 23.86 8.45 16.15 120.92 15.41
2043 10 70.05 15.74 2.98 9.36 69.13 12.76
2043 11 89.07 10.15 -0.98 4.59 35.97 11.13
2043 12 40.3 1.9 -8.76 -3.43 17.45 10.66
2044 1 93.95 1.88 -7.98 -3.05 16.65 9.87
2044 2 97.92 3.38 -8.27 -2.45 22.16 11.65
2044 3 129.99 6.37 -5.49 0.44 40.95 11.86
2044 4 88.41 13.19 0.23 6.71 76.01 12.96
2044 5 50.65 24.18 7.63 15.9 148.72 16.55
2044 6 69.84 25.78 11.31 18.54 160.57 14.48
2044 7 146.47 28.81 15.38 22.09 177.27 13.43
2044 8 66.42 28.62 14.96 21.79 164.43 13.66
2044 9 112.37 24.35 11.25 17.8 117.73 13.09
2044 10 32.62 18.46 5.58 12.02 77.07 12.88
2044 11 114.03 10.28 -1.68 4.3 37.25 11.96
2044 12 144.32 3.33 -6.15 -1.41 18.9 9.48
2045 1 80.83 1.17 -11.43 -5.13 16.17 12.6
2045 2 66.52 2.29 -9.47 -3.59 20.61 11.77
2045 3 138.27 5.58 -6.14 -0.28 39.11 11.72
2045 4 71.73 12.45 1.08 6.77 71.38 11.37
2045 5 111.38 21.72 6.8 14.26 134.3 14.92
2045 6 51.36 26.15 12.06 19.1 160.83 14.09
2045 7 154.45 27.63 15.12 21.37 167.97 12.51
2045 8 55.6 27.97 15.05 21.51 158.78 12.92
2045 9 15.99 23.88 9.38 16.63 119.81 14.5
2045 10 69.81 17.56 3.52 10.54 76.45 14.04
2045 11 71.54 8.15 -1.9 3.13 32.33 10.05
2045 12 112.47 4.42 -6.4 -0.99 20.7 10.81
2046 1 170.64 1.79 -8.39 -3.3 16.63 10.18
2046 2 82.06 1.79 -8.74 -3.48 19.65 10.52
2046 3 82.82 4.53 -5.68 -0.58 35.88 10.21
2046 4 74.81 14.54 1.06 7.8 80.98 13.48
2046 5 89.93 19.62 6.52 13.07 121.2 13.1
2046 6 111.19 24.67 11.56 18.11 151 13.11
2046 7 79.57 28.81 14.68 21.74 180.24 14.13
2046 8 33.59 27.6 14.17 20.89 159.34 13.43
2046 9 98.71 24.16 11.31 17.74 116.38 12.84
2046 10 33.48 18.61 4.71 11.66 79.08 13.9
2046 11 60.82 10.73 -1.3 4.71 38.05 12.03
2046 12 97.49 5.49 -4.56 0.46 21.68 10.04
2047 1 80.22 1.17 -9.68 -4.25 16.04 10.86
2047 2 30.51 0.63 -11.59 -5.48 18.86 12.22
2047 3 88.03 7.55 -2.76 2.39 42.76 10.31
2047 4 120.12 15.23 1.79 8.51 83.79 13.44
2047 5 110.12 21.3 7.68 14.49 129.89 13.62
2047 6 65.6 24.7 12.99 18.85 145.82 11.71
2047 7 77.45 28.14 14.42 21.28 175.31 13.72
2047 8 75.67 27.41 13.77 20.59 158.73 13.65
2047 9 93.54 24.46 9.72 17.09 121.54 14.74
2047 10 143.69 17.49 4.96 11.23 73.23 12.54
2047 11 168.81 10.92 0.46 5.69 36.58 10.46
2047 12 73.08 2.9 -7.59 -2.35 18.62 10.49
2048 1 81.49 1.3 -9.73 -4.21 16.21 11.03
2048 2 10.95 1.92 -10.31 -4.19 20.12 12.23
2048 3 151.71 8.22 -3.12 2.55 44.67 11.33
2048 4 152.36 13.08 0.24 6.66 75.53 12.84
2048 5 140.29 21.32 6.87 14.1 131.53 14.45
2048 6 41.55 25.5 11.23 18.37 158.65 14.27
2048 7 64.47 28.56 15.14 21.85 176.08 13.41
2048 8 112.53 28.34 15.12 21.73 161.51 13.22
2048 9 30.56 26 11.09 18.54 128.28 14.91
2048 10 35.97 17.01 2.49 9.75 75.6 14.52
2048 11 155.15 12.47 0.72 6.59 40.74 11.75
2048 12 72.9 2.85 -7.63 -2.39 18.68 10.48
2049 1 82.62 1.82 -8.89 -3.53 16.78 10.71
2049 2 47.24 2.22 -9.32 -3.55 20.47 11.55
2049 3 137.4 6.09 -4.73 0.68 39.65 10.83
2049 4 110.74 12.66 1.08 6.87 72.33 11.58
2049 5 188.57 20.42 6.31 13.36 126.98 14.11
2049 6 75.01 25.81 11.92 18.86 158.63 13.89
2049 7 41.65 29.58 15.5 22.54 183.56 14.08
2049 8 35.33 28.24 14.25 21.24 164.13 13.99
2049 9 40.51 23.56 8.85 16.21 119.2 14.71
2049 10 49.64 17.64 3.07 10.35 77.39 14.57
2049 11 142.8 10.64 -0.42 5.11 37.14 11.07
2049 12 142.72 3.65 -5.85 -1.1 19.28 9.5
2050 1 73 1.3 -9.88 -4.29 16.23 11.18
2050 2 104.88 1.81 -9.11 -3.65 19.77 10.92
2050 3 110.09 7.45 -4.32 1.56 43.32 11.77
2050 4 152.9 14.89 2.83 8.86 79.77 12.06
2050 5 60.4 21.61 7.38 14.49 132.16 14.23
2050 6 60.63 26.82 13.29 20.06 161.74 13.54
2050 7 130.06 28.28 15.57 21.92 171.75 12.71
2050 8 115.36 27.28 13.38 20.33 159.76 13.9
2050 9 120.84 23.68 12.41 18.04 109.99 11.27
2050 10 139.64 17.21 3.01 10.11 75.74 14.2
2050 11 82.01 10.67 -0.12 5.27 36.94 10.79
2050 12 131.72 3.75 -5.47 -0.86 19.26 9.22
2051 1 82.53 0.14 -10.24 -5.05 14.76 10.38
2051 2 122.26 2.74 -8.94 -3.1 22.01 11.68
2051 3 114.49 6.3 -4.48 0.91 40.52 10.79
2051 4 78.74 13.03 1.99 7.51 73.04 11.03
2051 5 67.18 19.46 5.2 12.33 124 14.26
2051 6 47.67 25.82 12.69 19.26 156.19 13.13
2051 7 79.68 28.46 15.24 21.85 174.57 13.21
2051 8 133.57 27.14 14.03 20.59 155.56 13.11
2051 9 75.6 23.67 11.34 17.5 112.46 12.33
2051 10 142.96 18.47 4.04 11.26 78.63 14.43
2051 11 45.43 11.2 -1.61 4.8 38.95 12.81
2051 12 131.19 4.72 -4.72 0 20.34 9.44
2052 1 52.15 1.82 -8.17 -3.17 16.61 9.99
2052 2 74.67 1.58 -10.46 -4.44 19.59 12.04
2052 3 135.05 6.38 -4.37 1 40.2 10.75
2052 4 122.02 14.25 1.18 7.71 79.48 13.07
2052 5 87.99 21.94 7.29 14.62 134.61 14.65
2052 6 97.88 25.78 12.83 19.3 155.04 12.95
2052 7 96.46 28.87 15.73 22.3 176.24 13.14
2052 8 171.93 27.94 15.87 21.91 155.02 12.07
2052 9 73.64 22.18 8.83 15.5 111.22 13.35
2052 10 204.67 18.13 6.4 12.27 74.14 11.73
2052 11 96.52 10.7 0.06 5.38 36.84 10.64
2052 12 140.93 3.8 -6.05 -1.13 19.59 9.85
2053 1 50.36 1.26 -10.17 -4.46 16.21 11.43
2053 2 105.33 4.94 -5.32 -0.19 23.86 10.27
2053 3 64.88 6.69 -4.42 1.14 41.14 11.1
2053 4 84.43 14.46 1.73 8.1 79.61 12.73
2053 5 36.41 21.26 5.97 13.62 133.25 15.29
2053 6 38.94 26.22 12.07 19.15 161.39 14.15
2053 7 49.14 29.3 15.48 22.39 181.21 13.83
2053 8 98.17 26.95 14.29 20.62 153.64 12.66
2053 9 44.76 25.22 11.17 18.19 123.31 14.05
2053 10 13.21 18.08 2.56 10.32 79.78 15.52
2053 11 49.15 11.12 -0.74 5.19 38.59 11.87
2053 12 72.72 6.05 -4.06 0.99 22.37 10.11
2054 1 48.23 1.22 -10.82 -4.8 16.21 12.05
2054 2 48.04 3.46 -8.4 -2.47 22.32 11.86
2054 3 101.66 7.46 -4.88 1.29 43.71 12.33
2054 4 141.66 14.61 1.51 8.06 80.64 13.1
2054 5 67.25 22.35 7 14.67 138.01 15.35
2054 6 64.53 25.61 12.5 19.05 154.97 13.11
2054 7 69.28 27.98 15.03 21.51 171.47 12.94
2054 8 92.53 26.8 14.25 20.53 152.53 12.54
2054 9 129.98 24.25 11.06 17.65 117.67 13.19
2054 10 91.04 17.95 3.87 10.91 77.59 14.08
2054 11 17.56 11.78 -0.59 5.6 40.11 12.38
2054 12 128.9 2.96 -7.09 -2.06 18.68 10.05
2055 1 96.24 2.53 -7.42 -2.44 17.4 9.95
2055 2 110.04 3.25 -7.26 -2.01 22.42 10.51
2055 3 136.01 6.6 -5.74 0.43 42.23 12.34
2055 4 115.21 13.24 0.2 6.72 76.94 13.05
2055 5 139.26 20.39 8.74 14.57 120.39 11.64
2055 6 74.95 25.57 11.82 18.7 157.42 13.75
2055 7 102.2 28.29 14.6 21.44 175.89 13.69
2055 8 32.73 28.1 13.85 20.98 163.8 14.24
2055 9 178.08 24.93 11.59 18.26 119.51 13.34
2055 10 32.86 17.75 4.13 10.94 75.55 13.61
2055 11 184.95 11.83 0.78 6.31 38.58 11.04
2055 12 102.2 5.07 -3.32 0.88 20.12 8.38
2056 1 66.92 0.78 -9.24 -4.23 15.43 10.02
2056 2 161.51 2.79 -7.56 -2.38 20.97 10.35
2056 3 69.09 5.43 -5.95 -0.26 38.59 11.38
2056 4 205.42 14.8 1.84 8.32 81.04 12.96
2056 5 77.21 19.75 6.86 13.31 121.13 12.89
2056 6 89.73 26.03 12.57 19.3 158 13.45
2056 7 61.14 28.6 14.91 21.75 177.46 13.69
2056 8 210.4 27.84 13.99 20.91 161.89 13.85
2056 9 83.32 22.4 8.8 15.6 112.6 13.6
2056 10 119 17.7 6.51 12.1 72.04 11.19
2056 11 59.32 11.8 1.07 6.43 38.68 10.73
2056 12 257.64 3.32 -4.74 -0.71 18.17 8.06
2057 1 60.44 0.82 -10.55 -4.86 15.68 11.37
2057 2 147.59 1.87 -10.37 -4.25 20.05 12.24
2057 3 48.98 8.4 -2.81 2.79 44.96 11.21
2057 4 35.17 15.45 0.83 8.14 85.44 14.62
2057 5 112.84 19.72 6.32 13.02 122.36 13.4
2057 6 81.37 26.55 13.42 19.99 159.01 13.13
2057 7 106.13 28.95 14.57 21.76 181.87 14.38
2057 8 67.12 27.91 13.49 20.7 164.31 14.43
2057 9 38.49 22.27 8.88 15.57 111.61 13.39
2057 10 101.26 16.53 4.11 10.32 71.36 12.42
2057 11 72.78 10 -0.22 4.89 35.35 10.22
2057 12 58.69 3.89 -5.81 -0.96 19.63 9.7
2058 1 45.1 -0.28 -10.5 -5.39 14.26 10.22
2058 2 103.88 2.33 -8.74 -3.21 20.53 11.07
2058 3 23.17 7.3 -5.42 0.94 43.58 12.73
2058 4 133.36 13.8 2 7.9 76.06 11.8
2058 5 74.45 20.11 6.01 13.06 125.67 14.09
2058 6 154.31 26.27 11.93 19.1 162.27 14.34
2058 7 46.84 28.77 14.37 21.57 181.14 14.4
2058 8 60.71 28.39 13.75 21.07 167.1 14.63
2058 9 35.11 23.51 9.03 16.27 118.46 14.47
2058 10 87.1 18.77 3.3 11.04 81.69 15.48
2058 11 124.17 10.4 -0.65 4.88 36.73 11.05
2058 12 74.24 2.03 -7.86 -2.92 17.52 9.88
2059 1 84.11 1.29 -10.67 -4.69 16.29 11.96
2059 2 107.34 1.94 -9.32 -3.69 20.74 11.27
2059 3 97.06 6.07 -4.3 0.88 39.68 10.37
2059 4 134.43 12.77 1.52 7.15 72.71 11.25
2059 5 28.05 20.84 5.81 13.33 131.54 15.03
2059 6 81.31 25.1 11.94 18.52 153.21 13.16
2059 7 98.42 29.01 15.7 22.36 177.48 13.32
2059 8 42.72 28.49 14.62 21.55 164.03 13.87
2059 9 15.47 24.31 9.52 16.91 121.09 14.79
2059 10 35.56 18.35 3.86 11.1 78.39 14.49
2059 11 31.98 10.2 -1.72 4.24 36.65 11.92
2059 12 24.52 4.17 -6.82 -1.32 20.32 10.98
2060 1 64.88 -0.35 -12.24 -6.3 14.25 11.89
2060 2 51.97 2.7 -10.3 -3.8 21.35 13
2060 3 133.59 7.49 -3.8 1.84 43.03 11.29
2060 4 77.84 14.58 0.78 7.68 81.54 13.8
2060 5 100.66 19.02 5.88 12.45 118.91 13.13
2060 6 128.01 26.43 13.89 20.16 156.06 12.54
2060 7 72.64 27.37 14.67 21.02 167.7 12.69
2060 8 108.97 27.44 15.06 21.25 154.39 12.38
2060 9 54.2 25.16 12.09 18.63 120.35 13.07
2060 10 11.14 18.92 3.68 11.3 81.83 15.25
2060 11 115.39 12.38 0.36 6.37 40.83 12.02
2060 12 61.84 2.96 -7.51 -2.27 18.81 10.47
2061 1 71.24 1.17 -8.62 -3.72 15.82 9.79
2061 2 49.15 2.16 -9.19 -3.51 20.35 11.36
2061 3 125.95 8.07 -3.02 2.52 44.13 11.09
2061 4 108.72 14.18 1.83 8 78.14 12.35
2061 5 88.11 22.04 8.4 15.22 132.3 13.64
2061 6 176.65 26.25 13.78 20.01 155.01 12.47
2061 7 58.72 27.71 14.76 21.24 170.32 12.95
2061 8 283.79 27.14 14.69 20.91 153.52 12.45
2061 9 28.33 25.2 10.61 17.9 124.62 14.58
2061 10 48.54 17.4 2.97 10.18 76.54 14.43
2061 11 75.14 10.27 -0.9 4.68 36.62 11.17
2061 12 120.4 3.11 -6.81 -1.85 18.81 9.92
2062 1 54.54 1.1 -9.88 -4.39 15.96 10.98
2062 2 36.49 3.17 -8.97 -2.91 21.94 12.14
2062 3 144.12 8.34 -3.49 2.43 45.36 11.83
2062 4 45.06 13.26 1.02 7.14 75.19 12.24
2062 5 141.58 21.09 7.93 14.51 127.15 13.16
2062 6 84.76 26.27 12.69 19.48 159.5 13.58
2062 7 114.18 28.24 14.6 21.42 175.63 13.64
2062 8 206.25 28.65 14.23 21.44 167.41 14.42
2062 9 93.66 22.88 9.61 16.24 113.33 13.27
2062 10 56.38 17.24 4.52 10.88 73.66 12.72
2062 11 85.89 10.6 -0.18 5.21 36.81 10.78
2062 12 34.21 2.61 -7.97 -2.68 18.42 10.58
2063 1 49.53 0.94 -9.81 -4.44 15.75 10.75
2063 2 77.09 2.36 -8.86 -3.25 21.35 11.23
2063 3 100.88 4.57 -6.4 -0.92 36.89 10.98
2063 4 39.96 13.45 0.14 6.8 77.95 13.31
2063 5 107.29 20.19 6.8 13.5 124.84 13.39
2063 6 116.95 25.4 11.82 18.61 156.04 13.58
2063 7 73.4 27.52 14.25 20.89 170.71 13.27
2063 8 107.35 26.6 13.73 20.16 152.41 12.87
2063 9 114.83 23.11 10.06 16.59 112.67 13.04
2063 10 64.61 17.91 4.27 11.09 76.01 13.64
2063 11 94.5 10.42 0.49 5.45 35.29 9.93
2063 12 136.48 3.97 -5.47 -0.75 19.49 9.44
2064 1 38.39 0.59 -10.99 -5.2 15.4 11.58
2064 2 47.56 1.18 -10.53 -4.67 18.99 11.71
2064 3 62.09 6.28 -4.34 0.97 39.9 10.63
2064 4 83.64 15.86 2.51 9.19 84.94 13.35
2064 5 117.1 20.52 6.29 13.4 127.7 14.24
2064 6 124.39 25.34 12.56 18.95 152.56 12.78
2064 7 57.49 28.96 15.92 22.44 176.19 13.04
2064 8 225.11 27.48 14.58 21.03 156.7 12.9
2064 9 99.16 23.25 10.15 16.7 114.12 13.1
2064 10 62.14 18.65 3.85 11.25 80.47 14.79
2064 11 82.96 9.59 -1.96 3.82 35.8 11.55
2064 12 77.33 2.45 -6.68 -2.11 17.74 9.12
2065 1 187.9 1.24 -9.55 -4.15 16.11 10.79
2065 2 38.35 1.07 -11.02 -4.97 18.85 12.08
2065 3 123 7.25 -3.85 1.7 42.34 11.09
2065 4 66.64 15.02 2.09 8.55 81.63 12.92
2065 5 123.78 20.66 7.65 14.16 125.03 13.01
2065 6 86.46 25.24 12.12 18.68 153.42 13.12
2065 7 146.73 28.72 15 21.86 178.15 13.72
2065 8 82.06 27.46 13.96 20.71 159.01 13.5
2065 9 192.88 24.63 11.07 17.85 119.99 13.56
2065 10 26.39 18.19 3.78 10.99 78.67 14.4
2065 11 122.95 10.13 0.06 5.09 35.41 10.08
2065 12 73.88 3.22 -6.41 -1.6 18.83 9.63
2066 1 38.04 0.01 -12.14 -6.06 14.7 12.15
2066 2 81.11 3.04 -7.77 -2.36 21.45 10.81
2066 3 59.11 7.65 -4.63 1.51 44.11 12.28
2066 4 187.87 12.94 2.2 7.57 71.62 10.74
2066 5 66.24 19.72 6.06 12.89 123.07 13.67
2066 6 72.24 26.98 13.38 20.18 162.61 13.6
2066 7 107.64 28.19 15.39 21.79 171.76 12.8
2066 8 21.15 28.1 12.98 20.54 167.5 15.11
2066 9 93.81 23.76 10.11 16.93 117.27 13.65
2066 10 47.78 18.56 4.55 11.55 79.12 14.01
2066 11 80.01 10.52 -1.13 4.69 37.42 11.66
2066 12 105.73 2.3 -7.59 -2.64 17.85 9.89
2067 1 101.48 -0.25 -11.75 -6 14.38 11.5
2067 2 34.05 4.1 -8.79 -2.35 24.29 12.89
2067 3 44.45 6.51 -5.13 0.69 41.62 11.65
2067 4 131.95 15.86 2.22 9.04 86.1 13.64
2067 5 39.81 21.92 6.77 14.35 136.41 15.16
2067 6 81.93 26.14 12.19 19.16 160.55 13.95
2067 7 43.95 27.56 13.66 20.61 173.42 13.9
2067 8 174.38 27.82 15.51 21.66 155.01 12.32
2067 9 83.5 23.76 9.85 16.8 117.07 13.91
2067 10 80.19 17.84 4.43 11.13 75.48 13.41
2067 11 100.28 8.69 -1.52 3.59 32.91 10.21
2067 12 69.98 3.29 -6.47 -1.59 18.84 9.76
2068 1 55.25 1.45 -9.18 -3.87 16.33 10.64
2068 2 258.01 4.22 -5.86 -0.82 22.8 10.08
2068 3 117.78 5.5 -5.8 -0.15 38.68 11.3
2068 4 67.16 14.75 1.49 8.12 81.32 13.26
2068 5 84.35 19.74 5.95 12.84 123.41 13.79
2068 6 60.17 26.05 12.74 19.4 157.54 13.31
2068 7 40.2 29.35 15.04 22.19 183.44 14.31
2068 8 30.23 26.96 13.92 20.44 155.13 13.03
2068 9 91.73 22.95 8.95 15.95 115.44 14
2068 10 113.75 17.78 5.3 11.54 74.64 12.48
2068 11 52 10.5 -0.29 5.1 36.66 10.79
2068 12 86.35 3.52 -5.69 -1.08 19 9.21
2069 1 119.19 2.27 -7.66 -2.7 17.11 9.93
2069 2 40.85 0.93 -9.79 -4.43 18.5 10.71
2069 3 48.09 7.57 -3.44 2.06 42.98 11.01
2069 4 137.78 12.39 0.4 6.4 72.19 11.99
2069 5 162.56 20.57 7.21 13.89 125.64 13.36
2069 6 66.9 25.69 11.88 18.79 157.87 13.81
2069 7 113.11 27.92 14.98 21.45 171.17 12.93
2069 8 36.16 28.12 15.26 21.69 159.14 12.86
2069 9 92.71 24.37 10.61 17.49 119.62 13.75
2069 10 107.88 17.13 3.66 10.39 74.5 13.46
2069 11 57.79 11.05 -0.58 5.24 38.29 11.63
2069 12 66.44 3.15 -6.17 -1.51 18.62 9.32
2070 1 49.17 1.61 -9.44 -3.92 16.58 11.05
2070 2 110.02 2.99 -9.9 -3.45 21.78 12.89
2070 3 59.93 5.42 -6.02 -0.3 38.59 11.44
2070 4 60.81 13.16 0.88 7.02 74.93 12.28
2070 5 144.05 21.63 7.89 14.77 130.94 13.74
2070 6 69.61 25.94 12.9 19.42 156.1 13.05
2070 7 109.44 28.5 15.16 21.83 175.54 13.34
2070 8 25.92 27.04 13.13 20.09 158.81 13.91
2070 9 48.37 22.64 9.52 16.08 112.17 13.12
2070 10 156.34 17.55 4.64 11.09 74.74 12.9
2070 11 118.97 11.58 -0.4 5.59 39.44 11.97
2070 12 65.12 3.74 -6.21 -1.24 19.57 9.96
2071 1 130.32 1.88 -6.75 -2.44 16.21 8.63
2071 2 114.62 0.96 -10.22 -4.63 19.28 11.17
2071 3 44.13 6.57 -4.17 1.2 41.07 10.75
2071 4 128.9 13.7 1.39 7.54 77.28 12.32
2071 5 87.64 19.18 7.24 13.21 116.77 11.94
2071 6 73.08 24.93 11.98 18.45 151.72 12.95
2071 7 65.02 27.77 14.51 21.14 171.78 13.26
2071 8 104.38 27.7 14.63 21.16 157.66 13.07
2071 9 83.02 24.35 11.32 17.83 116.7 13.03
2071 10 32.92 17.2 3.39 10.29 74.37 13.81
2071 11 79.88 12.04 0.33 6.19 39.53 11.71
2071 12 87.05 2 -8.91 -3.46 17.63 10.92
2072 1 112.82 1.71 -9.36 -3.82 16.71 11.07
2072 2 150.97 2.85 -8.9 -3.02 21.42 11.75
2072 3 77.95 5.34 -5.48 -0.07 38.03 10.83
2072 4 108.45 14.47 0.95 7.71 80.8 13.51
2072 5 107.11 20.58 6.95 13.76 126.42 13.63
2072 6 42.88 26.41 12.07 19.24 162.85 14.34
2072 7 74.64 28.81 15.47 22.14 176.86 13.34
2072 8 52.54 28.7 14.28 21.49 167.67 14.42
2072 9 62.56 24.05 9.6 16.82 120.32 14.46
2072 10 54 18.63 4.54 11.59 79.44 14.09
2072 11 84.67 9.65 -0.67 4.49 34.91 10.33
2072 12 62.94 2.97 -6.41 -1.72 18.44 9.38
2073 1 80.04 1.4 -9.85 -4.22 16.37 11.26
2073 2 51.35 0.88 -11.13 -5.13 18.57 12.01
2073 3 66.93 8.22 -3.57 2.32 45.05 11.79
2073 4 113.92 13.53 1.05 7.29 76.36 12.48
2073 5 125.03 20.72 6.82 13.77 127.67 13.9
2073 6 137.09 26 13.54 19.77 153.98 12.46
2073 7 114.36 28.2 15.77 21.99 170.09 12.43
2073 8 20.12 27.85 13.14 20.5 165.04 14.71
2073 9 206.91 21.63 9.89 15.76 105.11 11.75
2073 10 111.41 17 4.56 10.78 72.57 12.43
2073 11 74.39 9.58 -1.48 4.05 35.41 11.06
2073 12 64.76 3.06 -6.29 -1.61 18.54 9.35
2074 1 73.37 3.14 -8.96 -2.91 18.61 12.09
2074 2 87.14 1.15 -10.14 -4.5 18.9 11.29
2074 3 115.86 7.6 -4.05 1.78 43.56 11.65
2074 4 51.8 14.18 0.31 7.25 80.37 13.87
2074 5 90.27 19.82 6.95 13.39 121.39 12.88
2074 6 50.03 24.83 11.44 18.13 152.66 13.39
2074 7 44.56 28.08 14.58 21.33 174.34 13.5
2074 8 39.66 26.99 12.57 19.78 160.33 14.42
2074 9 53.6 24.25 10.54 17.39 119.09 13.71
2074 10 84.77 19.67 6.45 13.06 80.8 13.22
2074 11 81.91 10.44 -0.03 5.2 36.28 10.47
2074 12 120.62 3.18 -6.33 -1.58 18.73 9.51
2075 1 58.49 2.06 -9.24 -3.59 17.16 11.3
2075 2 126.86 3.15 -8.64 -2.75 22.63 11.78
2075 3 166.49 7.51 -4.02 1.74 43.76 11.53
2075 4 95.55 14.95 2.12 8.53 81.94 12.83
2075 5 63.99 21.99 6.29 14.14 137.93 15.7
2075 6 71.1 26.35 11.99 19.17 162.97 14.36
2075 7 139.81 27.75 15.54 21.64 166.92 12.21
2075 8 65.93 27.94 15.27 21.6 156.93 12.66
2075 9 134.48 23.27 9.84 16.55 114.23 13.43
2075 10 126.4 16.54 4.13 10.34 70.64 12.42
2075 11 150.32 9.81 -0.97 4.42 35.14 10.78
2075 12 75.64 2.78 -7.05 -2.13 18.27 9.82
2076 1 93.98 1.17 -9.68 -4.25 16.03 10.85
2076 2 69.97 3.64 -8.64 -2.5 22.68 12.29
2076 3 69.44 6.61 -5.05 0.78 41.37 11.66
2076 4 165.5 15.48 3.19 9.33 81.99 12.3
2076 5 121.61 18.17 6.84 12.5 110.65 11.33
2076 6 117.88 25.44 11.8 18.62 156.16 13.64
2076 7 152.81 29.13 14.82 21.97 182.38 14.3
2076 8 41.08 27.77 12.79 20.28 165.6 14.98
2076 9 66.46 23.43 9.66 16.55 116.51 13.78
2076 10 50.03 18.77 3.95 11.36 80.85 14.82
2076 11 68.1 12.63 -0.48 6.07 42.12 13.11
2076 12 143.54 4.4 -6.21 -0.9 20.61 10.61
2077 1 89.32 0.23 -10.39 -5.08 14.9 10.62
2077 2 37.88 2.41 -9.39 -3.49 20.79 11.8
2077 3 64.25 4.95 -6.05 -0.55 37.29 11
2077 4 122.62 14.73 2.18 8.45 80.12 12.55
2077 5 90.78 21.3 6.52 13.91 132.26 14.78
2077 6 75.8 26.96 13.22 20.09 163.08 13.74
2077 7 92.12 27.92 15.22 21.57 170.11 12.7
2077 8 68.18 27.07 14.59 20.83 153.32 12.48
2077 9 198.49 24.11 10.94 17.52 117.16 13.17
2077 10 47.86 19.04 5.05 12.04 80.41 14
2077 11 194.47 10.6 0.34 5.47 36.32 10.26
2077 12 47.49 3.55 -6.41 -1.43 19.35 9.97
2078 1 175.35 1.44 -8.7 -3.63 16.22 10.14
2078 2 49.57 1.89 -10.45 -4.28 20.08 12.34
2078 3 91.27 5.53 -5.46 0.04 38.56 10.99
2078 4 96.98 12.4 0.08 6.24 72.71 12.32
2078 5 107.61 19.6 7.33 13.47 118.81 12.27
2078 6 73.42 26.15 11.53 18.84 162.65 14.62
2078 7 158.33 27.61 16.23 21.92 162.46 11.38
2078 8 47.17 28.6 13.3 20.95 170.31 15.3
2078 9 99.55 23.71 10.14 16.93 116.95 13.58
2078 10 4.57 19.06 3.02 11.04 83.2 16.05
2078 11 80.93 10.38 -1.77 4.3 37.56 12.16
2078 12 59.83 3.25 -6.45 -1.6 18.89 9.7
2079 1 50.7 -0.52 -10.56 -5.54 13.96 10.04
2079 2 79.35 2.46 -8.05 -2.8 21.29 10.51
2079 3 39.42 6.02 -6.17 -0.08 40.81 12.19
2079 4 36.73 15.7 2.1 8.9 85.57 13.61
2079 5 95.22 19.95 6.64 13.3 123.63 13.3
2079 6 105.48 26.58 12.46 19.52 163.1 14.12
2079 7 160.97 27.75 15.42 21.59 167.51 12.33
2079 8 100.5 28.94 14.22 21.58 169.1 14.72
2079 9 84.48 23.87 10.13 17 117.04 13.74
2079 10 302.97 17.35 3.68 10.52 74.59 13.67
2079 11 185.6 10.21 0.68 5.45 34.56 9.53
2079 12 62.21 4.77 -6.48 -0.85 21.15 11.25
2080 1 233.22 1.4 -9.23 -3.91 16.27 10.63
2080 2 86.67 2.81 -8.62 -2.91 21.29 11.43
2080 3 92.86 5.96 -6.32 -0.18 40.26 12.28
2080 4 90.78 15.62 1.59 8.6 85.22 14.03
2080 5 105.02 20.26 7.56 13.91 122.6 12.71
2080 6 69.04 24.69 11.19 17.94 152.47 13.5
2080 7 276.12 27.49 15.27 21.38 166.08 12.22
2080 8 54.52 27.92 14.67 21.3 159.88 13.24
2080 9 101.76 22.96 9.06 16.01 115.21 13.9
2080 10 66.11 17.68 4.11 10.9 76.12 13.57
2080 11 46.98 9.79 -0.54 4.62 35.12 10.33
2080 12 67.38 1.13 -9.43 -4.15 16.61 10.56
