2000 1 9.81 9.14 9.99 9.3
2000 2 15.63 15.31 16.37 15.43
2000 3 9.68 9.09 9.87 9.23
2000 4 2.64 2.36 2.42 2.45
2001 1 10.17 9.47 10.37 9.62
2001 2 15.86 15.63 16.62 15.74
2001 3 10.26 9.63 10.48 9.77
2001 4 2.05 1.79 1.81 1.86
2002 1 9.76 9.07 9.93 9.23
2002 2 15.61 15.31 16.35 15.43
2002 3 9.66 9.05 9.85 9.2
2002 4 2.72 2.4 2.52 2.48
2003 1 9.83 9.11 10 9.27
2003 2 15.83 15.58 16.59 15.69
2003 3 9.51 8.91 9.68 9.05
2003 4 2.21 1.93 1.98 2.01
2004 1 10.09 9.37 10.28 9.52
2004 2 15.48 15.13 16.2 15.25
2004 3 9.8 9.19 10 9.33
2004 4 2.62 2.33 2.41 2.41
2005 1 9.82 9.14 9.99 9.29
2005 2 15.67 15.39 16.42 15.51
2005 3 9.57 8.99 9.75 9.13
2005 4 2.01 1.74 1.78 1.81
2006 1 9.47 8.82 9.62 8.98
2006 2 15.45 15.1 16.16 15.22
2006 3 10.18 9.6 10.42 9.74
2006 4 2.21 1.94 1.97 2.01
2007 1 9.75 9.09 9.92 9.25
2007 2 15.57 15.23 16.3 15.35
2007 3 10.21 9.64 10.45 9.78
2007 4 1.98 1.72 1.74 1.79
2008 1 9.98 9.25 10.15 9.41
2008 2 15.58 15.28 16.31 15.39
2008 3 9.84 9.3 10.06 9.44
2008 4 2.37 2.09 2.14 2.17
2009 1 9.07 8.37 9.17 8.52
2009 2 15.6 15.28 16.34 15.39
2009 3 9.63 9.02 9.82 9.17
2009 4 2.3 2.02 2.07 2.1
2010 1 9.99 9.34 10.18 9.5
2010 2 15.49 15.15 16.22 15.27
2010 3 9.48 8.86 9.65 9.01
2010 4 2.25 1.96 2.02 2.03
2011 1 10.44 9.8 10.67 9.95
2011 2 15.61 15.32 16.35 15.43
2011 3 9.95 9.36 10.16 9.5
2011 4 2.33 2.05 2.1 2.12
2012 1 10.12 9.4 10.3 9.56
2012 2 15.69 15.38 16.44 15.5
2012 3 9.65 9.06 9.85 9.2
2012 4 2.52 2.22 2.3 2.3
2013 1 9.67 8.98 9.84 9.13
2013 2 15.46 15.11 16.18 15.23
2013 3 10.17 9.53 10.39 9.68
2013 4 2.45 2.15 2.23 2.23
2014 1 10.09 9.4 10.28 9.56
2014 2 15.42 15.07 16.13 15.19
2014 3 10.12 9.53 10.35 9.68
2014 4 2.27 1.99 2.04 2.06
2015 1 9.59 8.93 9.75 9.08
2015 2 15.63 15.3 16.37 15.42
2015 3 9.42 8.76 9.58 8.91
2015 4 2.71 2.41 2.5 2.49
2016 1 9.26 8.57 9.38 8.73
2016 2 15.54 15.25 16.27 15.37
2016 3 9.82 9.19 10.01 9.34
2016 4 2.05 1.77 1.82 1.84
2017 1 9.99 9.27 10.17 9.43
2017 2 15.68 15.4 16.43 15.52
2017 3 9.6 8.99 9.79 9.14
2017 4 2.01 1.74 1.78 1.81
2018 1 9.95 9.26 10.14 9.41
2018 2 15.56 15.27 16.29 15.39
2018 3 9.61 8.97 9.78 9.12
2018 4 2.69 2.4 2.47 2.48
2019 1 10.15 9.47 10.35 9.62
2019 2 15.51 15.18 16.24 15.3
2019 3 9.78 9.2 9.98 9.34
2019 4 2.27 1.98 2.04 2.05
2020 1 9.83 9.16 10.01 9.32
2020 2 15.82 15.57 16.58 15.68
2020 3 9.93 9.35 10.14 9.49
2020 4 2.29 2.02 2.06 2.1
2021 1 9.97 9.28 10.15 9.44
2021 2 15.52 15.17 16.24 15.29
2021 3 9.38 8.8 9.55 8.94
2021 4 2.16 1.88 1.93 1.95
2022 1 10.38 9.72 10.6 9.87
2022 2 15.59 15.27 16.33 15.39
2022 3 10.04 9.42 10.25 9.57
2022 4 2.6 2.3 2.37 2.38
2023 1 9.33 8.66 9.47 8.82
2023 2 15.53 15.2 16.26 15.32
2023 3 9.62 9.03 9.8 9.17
2023 4 2.29 2.01 2.06 2.08
2024 1 10.06 9.29 10.23 9.45
2024 2 15.73 15.47 16.49 15.59
2024 3 9.94 9.35 10.15 9.5
2024 4 2.46 2.18 2.22 2.26
2025 1 9.78 9.09 9.95 9.24
2025 2 15.7 15.45 16.45 15.56
2025 3 9.93 9.31 10.14 9.46
2025 4 2.22 1.93 1.99 2
2026 1 9.06 8.4 9.17 8.55
2026 2 15.41 15.05 16.12 15.17
2026 3 9.99 9.36 10.19 9.51
2026 4 2.47 2.18 2.25 2.26
2027 1 9.23 8.54 9.35 8.7
2027 2 15.71 15.43 16.46 15.54
2027 3 10.23 9.66 10.48 9.8
2027 4 2.23 1.96 1.99 2.03
2028 1 9.9 9.18 10.07 9.34
2028 2 15.6 15.29 16.33 15.41
2028 3 9.79 9.17 9.98 9.32
2028 4 2.31 2.02 2.08 2.1
2029 1 10.48 9.83 10.72 9.98
2029 2 15.71 15.43 16.46 15.54
2029 3 9.62 8.99 9.8 9.14
2029 4 2.39 2.11 2.16 2.18
2030 1 9.49 8.82 9.64 8.98
2030 2 15.47 15.1 16.19 15.22
2030 3 10.03 9.38 10.23 9.53
2030 4 2.1 1.83 1.87 1.9
2031 1 9.78 9.13 9.95 9.28
2031 2 15.59 15.29 16.33 15.41
2031 3 9.87 9.31 10.08 9.45
2031 4 2.38 2.1 2.16 2.18
2032 1 10.47 9.8 10.71 9.96
2032 2 15.41 15.06 16.12 15.18
2032 3 9.51 8.91 9.68 9.05
2032 4 2.27 1.99 2.04 2.07
2033 1 9.55 8.88 9.7 9.03
2033 2 15.49 15.15 16.22 15.27
2033 3 9.63 9.02 9.8 9.17
2033 4 2.33 2.06 2.1 2.13
2034 1 9.76 9.06 9.92 9.22
2034 2 15.59 15.28 16.33 15.4
2034 3 9.37 8.8 9.54 8.94
2034 4 2.28 2 2.05 2.08
2035 1 10.17 9.51 10.38 9.66
2035 2 15.74 15.46 16.49 15.57
2035 3 9.93 9.3 10.13 9.45
2035 4 2.65 2.35 2.43 2.43
2036 1 9.21 8.53 9.33 8.68
2036 2 15.47 15.16 16.19 15.28
2036 3 9.64 9.07 9.84 9.21
2036 4 2.46 2.16 2.25 2.23
2037 1 10.42 9.79 10.66 9.94
2037 2 15.51 15.18 16.23 15.3
2037 3 9.88 9.3 10.09 9.45
2037 4 2.19 1.91 1.97 1.98
2038 1 9.89 9.23 10.08 9.38
2038 2 15.66 15.36 16.4 15.48
2038 3 9.63 9.03 9.81 9.17
2038 4 2.01 1.74 1.77 1.81
2039 1 9.92 9.29 10.12 9.43
2039 2 15.66 15.35 16.4 15.47
2039 3 9.43 8.84 9.6 8.98
2039 4 2.17 1.9 1.94 1.97
2040 1 9.4 8.73 9.54 8.88
2040 2 15.64 15.35 16.38 15.47
2040 3 9.37 8.8 9.54 8.94
2040 4 2.23 1.96 2 2.03
2041 1 10.7 10.05 10.95 10.2
2041 2 15.34 14.96 16.05 15.09
2041 3 9.99 9.41 10.21 9.55
2041 4 2.33 2.04 2.1 2.11
2042 1 9.65 8.97 9.81 9.12
2042 2 15.76 15.48 16.51 15.59
2042 3 9.31 8.69 9.46 8.84
2042 4 2.07 1.8 1.84 1.87
2043 1 9.31 8.64 9.45 8.8
2043 2 15.42 15.07 16.13 15.19
2043 3 9.98 9.4 10.2 9.54
2043 4 2.07 1.8 1.83 1.87
2044 1 9.75 9.08 9.92 9.23
2044 2 15.73 15.45 16.48 15.56
2044 3 9.2 8.68 9.37 8.81
2044 4 2.66 2.36 2.43 2.45
2045 1 9.92 9.21 10.1 9.37
2045 2 15.75 15.48 16.51 15.6
2045 3 9.41 8.78 9.57 8.93
2045 4 2.25 1.97 2.01 2.05
2046 1 9.71 9.1 9.9 9.25
2046 2 15.53 15.2 16.26 15.32
2046 3 9.63 9.03 9.82 9.18
2046 4 1.99 1.73 1.75 1.8
2047 1 10.03 9.35 10.23 9.5
2047 2 15.25 14.87 15.95 15
2047 3 9.68 9.14 9.88 9.28
2047 4 2.21 1.93 1.98 2
2048 1 10.35 9.68 10.58 9.83
2048 2 15.57 15.24 16.3 15.36
2048 3 9.73 9.13 9.92 9.27
2048 4 2.2 1.93 1.97 2
2049 1 10.99 10.22 11.24 10.39
2049 2 15.38 15.05 16.09 15.17
2049 3 10.25 9.65 10.48 9.79
2049 4 2.54 2.24 2.31 2.32
2050 1 9.68 8.98 9.84 9.13
2050 2 15.5 15.18 16.22 15.3
2050 3 9.4 8.78 9.56 8.93
2050 4 1.91 1.65 1.68 1.72
2051 1 9.51 8.86 9.67 9.01
2051 2 15.82 15.57 16.59 15.68
2051 3 9.94 9.34 10.15 9.48
2051 4 2.26 1.98 2.03 2.05
2052 1 9.58 8.88 9.73 9.04
2052 2 15.67 15.37 16.42 15.49
2052 3 9.82 9.22 10.02 9.36
2052 4 2.18 1.92 1.95 2
2053 1 9.45 8.76 9.58 8.92
2053 2 15.64 15.34 16.38 15.46
2053 3 10.3 9.72 10.55 9.86
2053 4 2.35 2.06 2.12 2.14
2054 1 9.53 8.83 9.68 8.98
2054 2 15.72 15.46 16.48 15.57
2054 3 9.92 9.29 10.12 9.44
2054 4 2.31 2.02 2.08 2.1
2055 1 9.56 8.87 9.71 9.03
2055 2 15.54 15.23 16.27 15.35
2055 3 9.04 8.47 9.18 8.61
2055 4 2.15 1.88 1.92 1.95
2056 1 9.83 9.1 9.99 9.26
2056 2 15.41 15.07 16.13 15.19
2056 3 9.9 9.31 10.11 9.45
2056 4 1.95 1.68 1.72 1.75
2057 1 10.08 9.36 10.27 9.52
2057 2 15.37 15.02 16.08 15.15
2057 3 9.78 9.21 9.99 9.35
2057 4 2.44 2.14 2.21 2.22
2058 1 9.83 9.12 10 9.27
2058 2 15.63 15.37 16.37 15.48
2058 3 9.31 8.72 9.47 8.86
2058 4 2.15 1.88 1.91 1.95
2059 1 9.35 8.64 9.48 8.8
2059 2 15.5 15.16 16.22 15.28
2059 3 10.09 9.48 10.31 9.63
2059 4 2.22 1.96 2 2.03
2060 1 10.13 9.41 10.32 9.57
2060 2 15.74 15.45 16.49 15.56
2060 3 10.13 9.58 10.37 9.72
2060 4 2.39 2.1 2.17 2.17
2061 1 9.28 8.6 9.41 8.75
2061 2 15.68 15.36 16.42 15.48
2061 3 9.68 9.09 9.88 9.23
2061 4 2.43 2.14 2.2 2.22
2062 1 10.24 9.56 10.45 9.71
2062 2 15.61 15.3 16.35 15.42
2062 3 9.59 8.99 9.78 9.13
2062 4 2.36 2.07 2.14 2.14
2063 1 10.24 9.61 10.47 9.76
2063 2 15.61 15.31 16.34 15.42
2063 3 9.37 8.77 9.53 8.91
2063 4 2.36 2.07 2.13 2.15
2064 1 9.12 8.45 9.24 8.6
2064 2 15.81 15.54 16.57 15.65
2064 3 10.39 9.75 10.62 9.9
2064 4 2.42 2.14 2.2 2.22
2065 1 9.56 8.93 9.73 9.08
2065 2 15.62 15.33 16.36 15.44
2065 3 10.29 9.67 10.53 9.82
2065 4 2.44 2.14 2.21 2.21
2066 1 9.18 8.52 9.31 8.68
2066 2 15.63 15.33 16.37 15.45
2066 3 9.42 8.8 9.57 8.95
2066 4 2.18 1.9 1.95 1.98
2067 1 10.31 9.61 10.52 9.77
2067 2 15.46 15.12 16.18 15.24
2067 3 9.62 9.03 9.8 9.17
2067 4 2.25 1.98 2.02 2.05
2068 1 9.59 8.9 9.75 9.05
2068 2 15.69 15.41 16.44 15.53
2068 3 9.72 9.14 9.93 9.28
2068 4 2.21 1.93 1.99 2
2069 1 9.23 8.56 9.36 8.72
2069 2 15.82 15.56 16.58 15.67
2069 3 9.69 9.08 9.87 9.23
2069 4 2.3 2.02 2.07 2.1
2070 1 9.79 9.09 9.96 9.24
2070 2 15.72 15.44 16.47 15.55
2070 3 9.47 8.87 9.64 9.02
2070 4 2.32 2.03 2.09 2.1
2071 1 9.97 9.29 10.15 9.45
2071 2 15.4 15.03 16.11 15.15
2071 3 10.01 9.42 10.24 9.56
2071 4 2.54 2.24 2.32 2.32
2072 1 9.7 9.02 9.87 9.17
2072 2 15.78 15.51 16.54 15.63
2072 3 9.33 8.72 9.49 8.86
2072 4 2.47 2.18 2.24 2.26
2073 1 9.93 9.27 10.12 9.42
2073 2 15.52 15.18 16.25 15.3
2073 3 10.15 9.52 10.37 9.67
2073 4 2.17 1.9 1.94 1.97
2074 1 10.2 9.54 10.41 9.69
2074 2 15.85 15.61 16.62 15.72
2074 3 9.5 8.88 9.67 9.03
2074 4 2.32 2.04 2.09 2.12
2075 1 9.43 8.76 9.58 8.91
2075 2 15.57 15.28 16.3 15.39
2075 3 9.67 9.09 9.86 9.23
2075 4 2.38 2.1 2.15 2.18
2076 1 10.17 9.48 10.37 9.64
2076 2 15.79 15.52 16.54 15.63
2076 3 9.99 9.38 10.2 9.53
2076 4 2.49 2.19 2.27 2.27
2077 1 9.95 9.31 10.15 9.46
2077 2 15.78 15.52 16.54 15.63
2077 3 9.93 9.28 10.13 9.43
2077 4 2.26 1.99 2.03 2.06
2078 1 9.47 8.85 9.63 9
2078 2 15.67 15.37 16.41 15.48
2078 3 10.07 9.46 10.29 9.61
2078 4 2.66 2.36 2.45 2.44
2079 1 9.6 8.96 9.76 9.11
2079 2 15.61 15.32 16.35 15.44
2079 3 9.96 9.38 10.18 9.52
2079 4 2.25 1.98 2.02 2.06
2080 1 9.35 8.7 9.5 8.85
2080 2 15.51 15.17 16.23 15.29
2080 3 10.13 9.53 10.35 9.67
2080 4 2.52 2.22 2.3 2.3
