2000 1 18.07 8.99 0.71 -0.58
2000 2 18.63 8.6 0.71 -0.58
2000 3 18.12 9.04 0.71 -0.57
2000 4 17.97 9.72 0.69 -0.34
2001 1 18.04 9.03 0.71 -0.58
2001 2 18.62 8.6 0.71 -0.58
2001 3 18.12 9.08 0.71 -0.58
2001 4 17.97 9.72 0.69 -0.39
2002 1 18.09 8.96 0.71 -0.58
2002 2 18.7 8.6 0.71 -0.58
2002 3 18.13 9.09 0.71 -0.57
2002 4 17.96 9.74 0.69 -0.4
2003 1 18.08 9.14 0.71 -0.58
2003 2 18.68 8.6 0.71 -0.58
2003 3 18.12 9.06 0.71 -0.57
2003 4 17.96 9.71 0.69 -0.39
2004 1 18.06 9.1 0.71 -0.58
2004 2 18.67 8.6 0.71 -0.58
2004 3 18.09 9.01 0.71 -0.57
2004 4 17.96 9.72 0.69 -0.41
2005 1 18.1 8.95 0.71 -0.58
2005 2 18.63 8.6 0.71 -0.58
2005 3 18.16 9.05 0.71 -0.56
2005 4 17.96 9.73 0.69 -0.36
2006 1 18.09 9.06 0.71 -0.58
2006 2 18.66 8.6 0.71 -0.58
2006 3 18.13 9 0.71 -0.57
2006 4 17.96 9.73 0.69 -0.39
2007 1 18.04 9.04 0.71 -0.58
2007 2 18.66 8.6 0.71 -0.58
2007 3 18.11 9.05 0.71 -0.58
2007 4 17.96 9.72 0.69 -0.38
2008 1 18.04 9.01 0.71 -0.58
2008 2 18.66 8.6 0.71 -0.58
2008 3 18.14 8.96 0.71 -0.57
2008 4 17.96 9.72 0.69 -0.38
2009 1 18.07 9.05 0.71 -0.58
2009 2 18.65 8.6 0.71 -0.58
2009 3 18.15 9.04 0.71 -0.58
2009 4 17.96 9.74 0.69 -0.38
2010 1 18.1 8.94 0.71 -0.58
2010 2 18.66 8.6 0.71 -0.58
2010 3 18.12 9.01 0.71 -0.57
2010 4 17.96 9.73 0.69 -0.38
2011 1 18.09 9.09 0.71 -0.58
2011 2 18.62 8.6 0.71 -0.58
2011 3 18.15 8.98 0.71 -0.57
2011 4 17.96 9.71 0.69 -0.37
2012 1 18.11 9.04 0.71 -0.58
2012 2 18.65 8.6 0.71 -0.58
2012 3 18.11 9.07 0.71 -0.57
2012 4 17.96 9.73 0.69 -0.36
2013 1 18.07 9 0.71 -0.58
2013 2 18.68 8.6 0.71 -0.58
2013 3 18.14 9.06 0.71 -0.58
2013 4 17.96 9.7 0.69 -0.37
2014 1 18.07 9.01 0.71 -0.58
2014 2 18.61 8.6 0.71 -0.58
2014 3 18.1 9.03 0.71 -0.58
2014 4 17.96 9.72 0.69 -0.39
2015 1 18.08 9.04 0.71 -0.58
2015 2 18.62 8.6 0.71 -0.58
2015 3 18.13 9.05 0.71 -0.57
2015 4 17.96 9.71 0.69 -0.37
2016 1 18.08 8.97 0.71 -0.58
2016 2 18.71 8.6 0.71 -0.58
2016 3 18.15 9.01 0.71 -0.58
2016 4 17.96 9.72 0.69 -0.4
2017 1 18.08 9.01 0.71 -0.58
2017 2 18.69 8.6 0.71 -0.58
2017 3 18.09 9.06 0.71 -0.57
2017 4 17.96 9.72 0.69 -0.39
2018 1 18.07 9 0.71 -0.58
2018 2 18.68 8.6 0.71 -0.58
2018 3 18.14 9.07 0.71 -0.57
2018 4 17.96 9.72 0.69 -0.39
2019 1 18.06 9.01 0.71 -0.58
2019 2 18.68 8.6 0.71 -0.58
2019 3 18.12 9.04 0.71 -0.58
2019 4 17.96 9.71 0.69 -0.38
2020 1 18.06 9.04 0.71 -0.58
2020 2 18.67 8.6 0.71 -0.58
2020 3 18.15 9.01 0.71 -0.57
2020 4 17.96 9.69 0.69 -0.4
2021 1 18.05 9.02 0.71 -0.58
2021 2 18.67 8.6 0.71 -0.58
2021 3 18.15 9.06 0.71 -0.58
2021 4 17.96 9.72 0.69 -0.39
2022 1 18.03 9.09 0.71 -0.58
2022 2 18.7 8.6 0.71 -0.58
2022 3 18.11 8.96 0.71 -0.58
2022 4 17.96 9.72 0.69 -0.35
2023 1 18.05 9.02 0.71 -0.58
2023 2 18.67 8.6 0.71 -0.58
2023 3 18.11 9.03 0.71 -0.58
2023 4 17.96 9.73 0.69 -0.36
2024 1 18.06 9.06 0.71 -0.58
2024 2 18.66 8.6 0.71 -0.58
2024 3 18.13 8.99 0.71 -0.58
2024 4 17.96 9.73 0.69 -0.38
2025 1 18.05 9.09 0.71 -0.58
2025 2 18.64 8.6 0.71 -0.58
2025 3 18.1 9 0.71 -0.57
2025 4 17.96 9.74 0.69 -0.37
2026 1 18.11 8.98 0.71 -0.58
2026 2 18.68 8.6 0.71 -0.58
2026 3 18.12 9.02 0.71 -0.58
2026 4 17.96 9.69 0.69 -0.39
2027 1 18.03 9.13 0.71 -0.58
2027 2 18.68 8.6 0.71 -0.58
2027 3 18.1 9.02 0.71 -0.58
2027 4 17.96 9.73 0.69 -0.36
2028 1 18.09 9 0.71 -0.58
2028 2 18.62 8.6 0.71 -0.58
2028 3 18.15 9.05 0.7 -0.55
2028 4 17.96 9.72 0.69 -0.36
2029 1 18.06 9.09 0.71 -0.58
2029 2 18.65 8.6 0.71 -0.58
2029 3 18.1 9.16 0.71 -0.57
2029 4 17.96 9.72 0.69 -0.4
2030 1 18.05 8.98 0.71 -0.58
2030 2 18.68 8.6 0.71 -0.58
2030 3 18.17 8.94 0.71 -0.58
2030 4 17.96 9.71 0.69 -0.39
2031 1 18.13 8.92 0.71 -0.58
2031 2 18.66 8.6 0.71 -0.58
2031 3 18.15 9.04 0.71 -0.57
2031 4 17.96 9.73 0.69 -0.36
2032 1 18.08 9 0.71 -0.58
2032 2 18.62 8.61 0.71 -0.58
2032 3 18.1 9.03 0.71 -0.57
2032 4 17.96 9.74 0.69 -0.38
2033 1 18.05 9.06 0.71 -0.58
2033 2 18.69 8.6 0.71 -0.58
2033 3 18.15 9.04 0.71 -0.57
2033 4 17.96 9.71 0.69 -0.37
2034 1 18.1 9.08 0.71 -0.57
2034 2 18.67 8.6 0.71 -0.58
2034 3 18.13 9.06 0.7 -0.56
2034 4 17.96 9.73 0.69 -0.38
2035 1 18.11 9.04 0.71 -0.58
2035 2 18.68 8.6 0.71 -0.58
2035 3 18.13 9.05 0.71 -0.58
2035 4 17.96 9.73 0.69 -0.4
2036 1 18.03 9.14 0.71 -0.57
2036 2 18.67 8.6 0.71 -0.58
2036 3 18.19 9.03 0.71 -0.57
2036 4 17.96 9.74 0.69 -0.38
2037 1 18.1 9.02 0.71 -0.58
2037 2 18.68 8.6 0.71 -0.58
2037 3 18.17 9.01 0.71 -0.57
2037 4 17.96 9.69 0.69 -0.36
2038 1 18.03 8.96 0.71 -0.58
2038 2 18.64 8.6 0.71 -0.58
2038 3 18.15 8.94 0.71 -0.58
2038 4 17.96 9.74 0.69 -0.39
2039 1 18.04 9.06 0.71 -0.57
2039 2 18.67 8.6 0.71 -0.58
2039 3 18.14 9.07 0.71 -0.57
2039 4 17.96 9.73 0.69 -0.38
2040 1 18.04 9.04 0.71 -0.58
2040 2 18.68 8.6 0.71 -0.58
2040 3 18.08 9.06 0.71 -0.56
2040 4 17.96 9.71 0.69 -0.39
2041 1 18.07 9.07 0.71 -0.58
2041 2 18.64 8.6 0.71 -0.58
2041 3 18.16 9.09 0.71 -0.57
2041 4 17.96 9.73 0.69 -0.4
2042 1 18.07 9.12 0.71 -0.58
2042 2 18.69 8.6 0.71 -0.58
2042 3 18.08 9 0.71 -0.58
2042 4 17.96 9.73 0.69 -0.41
2043 1 18.04 8.97 0.71 -0.58
2043 2 18.61 8.6 0.71 -0.58
2043 3 18.14 9.06 0.71 -0.57
2043 4 17.96 9.74 0.69 -0.38
2044 1 18.11 9.01 0.71 -0.58
2044 2 18.69 8.6 0.71 -0.58
2044 3 18.13 9.02 0.71 -0.58
2044 4 17.96 9.73 0.69 -0.41
2045 1 18.04 8.97 0.71 -0.58
2045 2 18.63 8.6 0.71 -0.58
2045 3 18.15 9.04 0.71 -0.57
2045 4 17.96 9.72 0.69 -0.37
2046 1 18.11 9.04 0.71 -0.58
2046 2 18.63 8.6 0.71 -0.58
2046 3 18.1 9.01 0.71 -0.57
2046 4 17.96 9.7 0.69 -0.4
2047 1 18.13 8.92 0.71 -0.58
2047 2 18.66 8.6 0.71 -0.58
2047 3 18.15 9.02 0.71 -0.57
2047 4 17.96 9.71 0.69 -0.4
2048 1 18.06 9.01 0.71 -0.58
2048 2 18.69 8.6 0.71 -0.58
2048 3 18.17 8.99 0.71 -0.57
2048 4 17.96 9.72 0.69 -0.37
2049 1 18.07 8.99 0.71 -0.58
2049 2 18.68 8.6 0.71 -0.58
2049 3 18.15 9.04 0.71 -0.57
2049 4 17.96 9.74 0.69 -0.37
2050 1 18.06 9.01 0.71 -0.58
2050 2 18.62 8.6 0.71 -0.58
2050 3 18.12 9.01 0.71 -0.58
2050 4 17.96 9.73 0.69 -0.4
2051 1 18.04 9.02 0.71 -0.58
2051 2 18.7 8.6 0.71 -0.58
2051 3 18.11 9.04 0.71 -0.57
2051 4 17.96 9.74 0.69 -0.37
2052 1 18.03 9.01 0.71 -0.58
2052 2 18.65 8.6 0.71 -0.58
2052 3 18.12 9.1 0.71 -0.58
2052 4 17.96 9.73 0.69 -0.38
2053 1 18.11 8.93 0.71 -0.58
2053 2 18.59 8.6 0.71 -0.58
2053 3 18.14 8.98 0.71 -0.57
2053 4 17.96 9.73 0.69 -0.37
2054 1 18.08 9.04 0.71 -0.58
2054 2 18.62 8.6 0.71 -0.58
2054 3 18.14 9.06 0.71 -0.58
2054 4 17.96 9.7 0.69 -0.37
2055 1 18.11 9.04 0.71 -0.58
2055 2 18.67 8.6 0.71 -0.58
2055 3 18.15 9.1 0.71 -0.57
2055 4 17.96 9.72 0.69 -0.36
2056 1 18.02 9.02 0.71 -0.58
2056 2 18.65 8.6 0.71 -0.58
2056 3 18.17 9.08 0.71 -0.57
2056 4 17.96 9.72 0.69 -0.4
2057 1 18.11 9.01 0.71 -0.57
2057 2 18.7 8.6 0.71 -0.58
2057 3 18.11 9.11 0.71 -0.58
2057 4 17.96 9.73 0.69 -0.4
2058 1 18.09 9.04 0.71 -0.58
2058 2 18.64 8.6 0.71 -0.58
2058 3 18.13 9.02 0.71 -0.58
2058 4 17.96 9.74 0.69 -0.39
2059 1 18.11 9 0.71 -0.58
2059 2 18.63 8.6 0.71 -0.58
2059 3 18.11 9.06 0.71 -0.57
2059 4 17.96 9.73 0.69 -0.37
2060 1 18.09 8.93 0.71 -0.57
2060 2 18.6 8.6 0.71 -0.58
2060 3 18.14 9.02 0.71 -0.58
2060 4 17.96 9.71 0.69 -0.42
2061 1 18.09 9.09 0.71 -0.58
2061 2 18.64 8.6 0.71 -0.58
2061 3 18.1 9.07 0.71 -0.58
2061 4 17.96 9.72 0.69 -0.42
2062 1 18.05 8.99 0.71 -0.58
2062 2 18.64 8.6 0.71 -0.58
2062 3 18.09 9.02 0.71 -0.57
2062 4 17.96 9.75 0.69 -0.34
2063 1 18.05 8.98 0.71 -0.58
2063 2 18.67 8.6 0.71 -0.58
2063 3 18.17 9.04 0.71 -0.58
2063 4 17.96 9.73 0.69 -0.39
2064 1 18.11 9 0.71 -0.58
2064 2 18.66 8.6 0.71 -0.58
2064 3 18.13 8.99 0.71 -0.57
2064 4 17.96 9.72 0.69 -0.36
2065 1 18.13 8.99 0.71 -0.58
2065 2 18.62 8.6 0.71 -0.58
2065 3 18.09 9.04 0.71 -0.57
2065 4 17.96 9.72 0.69 -0.41
2066 1 18.15 8.99 0.71 -0.58
2066 2 18.63 8.6 0.71 -0.58
2066 3 18.15 9.01 0.71 -0.57
2066 4 17.96 9.75 0.69 -0.37
2067 1 18.06 8.98 0.71 -0.58
2067 2 18.66 8.6 0.71 -0.58
2067 3 18.12 8.99 0.71 -0.57
2067 4 17.96 9.72 0.69 -0.37
2068 1 18.09 9.04 0.71 -0.58
2068 2 18.66 8.6 0.71 -0.58
2068 3 18.15 9 0.71 -0.58
2068 4 17.96 9.74 0.69 -0.39
2069 1 18.03 9.08 0.71 -0.58
2069 2 18.66 8.6 0.71 -0.58
2069 3 18.13 9.02 0.71 -0.58
2069 4 17.96 9.72 0.69 -0.39
2070 1 18.09 9.04 0.71 -0.58
2070 2 18.63 8.6 0.71 -0.58
2070 3 18.11 8.96 0.71 -0.57
2070 4 17.96 9.74 0.69 -0.38
2071 1 18.1 8.99 0.71 -0.58
2071 2 18.68 8.6 0.71 -0.58
2071 3 18.17 9.07 0.71 -0.57
2071 4 17.96 9.72 0.69 -0.35
2072 1 18.06 9.01 0.71 -0.58
2072 2 18.65 8.6 0.71 -0.58
2072 3 18.11 9.05 0.71 -0.57
2072 4 17.96 9.73 0.69 -0.42
2073 1 18.08 9.14 0.71 -0.58
2073 2 18.63 8.6 0.71 -0.58
2073 3 18.13 9.06 0.71 -0.58
2073 4 17.96 9.74 0.69 -0.38
2074 1 18.12 9.04 0.71 -0.58
2074 2 18.68 8.6 0.71 -0.58
2074 3 18.12 9.03 0.71 -0.57
2074 4 17.96 9.74 0.69 -0.4
2075 1 18.06 9.06 0.71 -0.58
2075 2 18.65 8.6 0.71 -0.58
2075 3 18.17 8.98 0.71 -0.58
2075 4 17.96 9.73 0.69 -0.37
2076 1 18.07 9.06 0.71 -0.58
2076 2 18.64 8.6 0.71 -0.58
2076 3 18.17 9 0.71 -0.57
2076 4 17.96 9.73 0.69 -0.37
2077 1 18.04 9.08 0.71 -0.58
2077 2 18.66 8.6 0.71 -0.58
2077 3 18.17 9.04 0.71 -0.57
2077 4 17.96 9.71 0.69 -0.4
2078 1 18.12 8.96 0.71 -0.58
2078 2 18.67 8.6 0.71 -0.58
2078 3 18.16 8.98 0.71 -0.58
2078 4 17.96 9.73 0.69 -0.37
2079 1 18.04 9.05 0.71 -0.58
2079 2 18.66 8.6 0.71 -0.58
2079 3 18.11 9.09 0.71 -0.56
2079 4 17.96 9.73 0.69 -0.38
2080 1 18.05 8.94 0.71 -0.58
2080 2 18.67 8.6 0.71 -0.58
2080 3 18.09 9.09 0.71 -0.58
2080 4 17.96 9.73 0.69 -0.41
