2000 1 34.7378396067254
2000 2 12.5466420950604
2000 3 17.0971422040945
2000 4 29.0713724250557
2001 1 30.1202914403755
2001 2 5.03348975052614
2001 3 5.84267299357185
2001 4 28.8270429964253
2002 1 24.5324670309338
2002 2 11.5871149522352
2002 3 8.70224576784883
2002 4 22.0247291416717
2003 1 23.1689183195366
2003 2 6.45593159726789
2003 3 19.7467195627874
2003 4 18.8859572198815
2004 1 22.127438530005
2004 2 12.4852245504668
2004 3 7.84769201520426
2004 4 25.5181735279032
2005 1 10.2154437202252
2005 2 5.95489142211457
2005 3 4.6438626356958
2005 4 14.4602867446644
2006 1 19.8015978714318
2006 2 6.90182502228606
2006 3 6.90327469706012
2006 4 23.4508705470163
2007 1 10.3784006811187
2007 2 2.42162964874725
2007 3 8.35240992965793
2007 4 26.6454244452406
2008 1 26.3659353093796
2008 2 8.96065124664661
2008 3 23.9841222677918
2008 4 24.9357213235157
2009 1 27.076361489322
2009 2 7.51284747491785
2009 3 2.59052961458722
2009 4 24.5935623433582
2010 1 12.9169401194257
2010 2 13.0157086539822
2010 3 2.75982426694168
2010 4 15.3902720304304
2011 1 12.1995794815051
2011 2 8.38332891269414
2011 3 23.887119011257
2011 4 18.7540657067912
2012 1 15.5366583202438
2012 2 10.0127284037307
2012 3 11.1269205017978
2012 4 21.4168520577038
2013 1 22.3021662676108
2013 2 8.63568826821155
2013 3 10.2989765594536
2013 4 23.2049192796262
2014 1 10.9571385504579
2014 2 4.89826644063405
2014 3 24.4455258770004
2014 4 17.8701717350632
2015 1 34.8161810061408
2015 2 4.24629923256361
2015 3 6.28131743365196
2015 4 22.6275027182909
2016 1 11.2558422055175
2016 2 3.52013115193065
2016 3 3.42746369299257
2016 4 21.1696037661244
2017 1 15.6402709552066
2017 2 3.6108184626076
2017 3 13.9904983954711
2017 4 25.6087895530389
2018 1 13.5245724101703
2018 2 5.62206985573085
2018 3 5.40443354558202
2018 4 22.3336340203798
2019 1 16.4186390633969
2019 2 13.8291916094087
2019 3 18.7205257951231
2019 4 26.2392484046496
2020 1 32.6736350063975
2020 2 6.68044982311316
2020 3 5.55839076969405
2020 4 31.6127320015012
2021 1 13.9320490987971
2021 2 2.3310673173323
2021 3 4.66976867610102
2021 4 26.5008728284291
2022 1 29.0446969914225
2022 2 5.76542649537531
2022 3 4.38846804540759
2022 4 14.2637106523562
2023 1 22.9866337669372
2023 2 6.43628446760617
2023 3 6.79380742229127
2023 4 15.2332230757712
2024 1 32.4740387647329
2024 2 4.78682376229198
2024 3 1.88945018344175
2024 4 24.2430147227385
2025 1 11.6252756297836
2025 2 6.77232952057424
2025 3 9.53491944893429
2025 4 22.6469159653119
2026 1 11.3519584839893
2026 2 13.7520145842095
2026 3 7.77613610045354
2026 4 26.6865029121552
2027 1 35.5001590710913
2027 2 11.1228170517544
2027 3 4.37982168033467
2027 4 16.6075121361854
2028 1 16.2813777952736
2028 2 7.06498441093467
2028 3 13.3178973387125
2028 4 20.2455543919721
2029 1 18.4733870025033
2029 2 6.1269530872129
2029 3 3.94068894506293
2029 4 21.8542228017595
2030 1 11.6537771157808
2030 2 6.25446272897649
2030 3 15.6043879326609
2030 4 28.2762270781185
2031 1 10.1953822190886
2031 2 9.13360330042975
2031 3 18.2049982119684
2031 4 22.7336037176585
2032 1 15.0407257886868
2032 2 11.8119588119944
2032 3 36.718084725662
2032 4 31.2472947242741
2033 1 19.3704681891292
2033 2 7.68031808519923
2033 3 4.14977673899779
2033 4 23.4114949888821
2034 1 13.5955029696413
2034 2 7.11596177845022
2034 3 23.3985418542483
2034 4 25.156464907503
2035 1 16.5125550641529
2035 2 11.3224540364677
2035 3 7.31316992015892
2035 4 28.2034847104585
2036 1 15.3952674725665
2036 2 4.24178299398568
2036 3 3.51520520365267
2036 4 20.7009944272644
2037 1 13.933623412389
2037 2 10.4631830129755
2037 3 5.62766933548038
2037 4 16.236445713467
2038 1 11.888555855713
2038 2 8.42664178474753
2038 3 19.315660087587
2038 4 14.6371088739417
2039 1 19.060838985988
2039 2 7.91391662303716
2039 3 5.85483202756946
2039 4 18.3700650963815
2040 1 25.930437171742
2040 2 9.46955026201211
2040 3 2.81143921475249
2040 4 16.2757772862145
2041 1 10.7881439568719
2041 2 9.92325656117039
2041 3 3.77274019706017
2041 4 12.4309609393152
2042 1 16.5964068633325
2042 2 8.99835803129155
2042 3 13.0061159182562
2042 4 32.7985788078165
2043 1 19.8802138812598
2043 2 6.61969993482459
2043 3 5.02365898629216
2043 4 23.2570000783859
2044 1 19.2634029662471
2044 2 5.38243053045383
2044 3 8.27667510357109
2044 4 22.8783818444572
2045 1 21.126674471389
2045 2 12.5293023750895
2045 3 4.86802220481173
2045 4 22.9711075753271
2046 1 13.9905895190461
2046 2 7.53989183373489
2046 3 4.23706887232855
2046 4 20.9082050496833
2047 1 14.4429624879121
2047 2 10.4569088572591
2047 3 5.82878578923067
2047 4 15.054942217295
2048 1 20.6138537874856
2048 2 8.16349951166371
2048 3 22.5316625828947
2048 4 18.4650397294093
2049 1 13.0945226295552
2049 2 6.10871085197483
2049 3 3.85875143903129
2049 4 18.0622125251335
2050 1 13.282967086457
2050 2 5.90927468519897
2050 3 14.3200435190723
2050 4 17.7423844616456
2051 1 17.7265527932993
2051 2 4.8100008173894
2051 3 5.90628967110509
2051 4 16.7262251337689
2052 1 26.1118303601737
2052 2 12.4873954077445
2052 3 14.1012724631616
2052 4 17.5788211340297
2053 1 19.4119876564308
2053 2 6.57357842530061
2053 3 12.5388916352782
2053 4 27.4224643071895
2054 1 12.4894788472511
2054 2 6.5663063918964
2054 3 6.28632157251261
2054 4 21.2409192845932
2055 1 19.0199198808901
2055 2 6.35811384503311
2055 3 11.3433524565604
2055 4 16.8487477383886
2056 1 18.4425731328105
2056 2 5.78473255682818
2056 3 5.52423525868042
2056 4 23.1600181094523
2057 1 26.8069281903292
2057 2 8.17072136099779
2057 3 9.38515753744853
2057 4 17.4724770808815
2058 1 16.2263677670324
2058 2 2.10109541694777
2058 3 16.110151164234
2058 4 16.5955947092577
2059 1 16.3561782461487
2059 2 5.47168134964354
2059 3 4.92790796859884
2059 4 13.6262193698542
2060 1 14.1634840410754
2060 2 3.94293657922023
2060 3 5.68841839100387
2060 4 32.7643640673342
2061 1 17.5825185826028
2061 2 5.84094604893838
2061 3 2.17983884837033
2061 4 23.4350945214317
2062 1 20.2649946987548
2062 2 9.03161642625104
2062 3 4.17285796443687
2062 4 11.6799416878396
2063 1 14.8135602812955
2063 2 6.77277768330931
2063 3 7.48307390158949
2063 4 18.3430094226925
2064 1 21.7864959258465
2064 2 14.1646635929442
2064 3 25.1610998592274
2064 4 17.0241433586012
2065 1 21.623273205419
2065 2 9.08326862016554
2065 3 18.0692955237501
2065 4 28.2893828708937
2066 1 15.4673905955719
2066 2 4.62819982379377
2066 3 6.78200190959401
2066 4 16.7088733179204
2067 1 9.72712631822638
2067 2 4.42405701751971
2067 3 3.99904974307875
2067 4 12.6756852505397
2068 1 9.18087901228276
2068 2 3.99267813150031
2068 3 7.84560249387507
2068 4 20.5956141363032
2069 1 31.1204719465314
2069 2 7.91553307546268
2069 3 46.1515393111729
2069 4 25.7900708973115
2070 1 15.7928051086775
2070 2 5.51492484055176
2070 3 4.81533723506116
2070 4 17.574741287867
2071 1 23.5229750333927
2071 2 9.5680306866974
2071 3 2.49721644917287
2071 4 10.6643555702299
2072 1 18.1899159064731
2072 2 6.08629252452437
2072 3 7.17080651470446
2072 4 21.7867807027844
2073 1 26.089126452598
2073 2 10.5090608550448
2073 3 1.16668807009066
2073 4 16.7163084654181
2074 1 25.3650631395633
2074 2 5.45721012218853
2074 3 9.25716461355857
2074 4 9.08383464298903
2075 1 14.6317599678141
2075 2 4.58923427536907
2075 3 9.44360722558726
2075 4 36.7316514594043
2076 1 23.5646619332063
2076 2 7.92423740667344
2076 3 1.76058903953851
2076 4 16.2852930511963
2077 1 25.9604477795996
2077 2 4.32123770098178
2077 3 3.18878542872416
2077 4 20.2251664614327
2078 1 18.8738421349823
2078 2 7.70777734741338
2078 3 17.9212352481811
2078 4 16.2417147561152
2079 1 17.2888015099778
2079 2 6.63214946723292
2079 3 1.61603785531451
2079 4 19.0707893513276
2080 1 8.29262433839584
2080 2 2.11756731901024
2080 3 16.6518875577777
2080 4 13.3657292382054
