0
35.8358957805248
53.8905127951815
39.3560174153373
30.1196617981135
12.3506112801162
4.43595590646529
20.8533590985997
7.28563827146614
19.3745059322741
24.6312824085434
26.5590811245166
20.2891557977944
46.0941795022905
31.2917928024671
45.1299738908672
15.1106089898838
10.3000353198933
3.3365024962328
1.4639314354523
2.63594787868494
4.43751417577678
10.4545569262538
17.6330438831489
22.4857901088318
17.1212369070732
21.7149446311749
24.8968351960176
24.16809886585
11.6917627119787
14.25927172914
8.81031041558695
7.06433516637617
3.90752015545631
15.134881981714
26.7769449196071
18.9879188535067
18.6493630906403
20.960312931005
34.074579062752
12.2632575763213
6.58737826549725
4.6395623836954
8.14085414261102
17.2572745052206
21.9076436139106
20.075240569231
16.946234004374
20.619537182783
21.797541498212
39.4828740624971
28.7646768328258
15.4902002271842
5.33673075503567
15.066084452559
17.0528584438056
5.21785469657698
9.3852749592728
8.939946389763
20.1727413681208
13.8101256061058
11.3943116048914
21.5192615634618
15.2562828954593
5.17460454499098
4.09080664182235
11.1386645835863
2.63520304093504
1.6506395455243
5.56616330414368
6.71478505741942
11.1174482041984
16.703345387515
30.0521147333898
32.0150108982732
19.8766549328756
19.726540809988
12.5845115269197
5.19030262308521
2.93066091685329
3.08420166515126
5.3217477264492
12.3038746995799
15.0330111688872
18.0397005137744
22.1954219129157
36.8184887217761
14.9241443052991
5.83265705693828
2.64569119972167
3.45466443726063
1.16453330925944
1.91541233606526
11.3398760915929
11.8019413613156
29.5280866324962
14.5047067159501
17.9640000638796
34.278991122952
35.9363094856325
16.7955611331267
10.6890316763965
5.16078613878185
11.0321359247615
15.3949594241848
27.1050817943413
29.4523255848492
32.995187391281
18.5380462108897
40.1267596189066
32.4412904369847
27.8719096534794
26.2808133251646
12.5189092642115
6.3599332805366
3.65969988000543
2.40269104975783
2.70805169468111
2.66084609932274
7.2681531066518
10.738187755004
13.1238828734993
27.8560536335245
15.837231174544
9.99664906430739
24.8163883368341
10.9888082517657
3.24192937334686
2.70574669458623
2.24592900810719
3.3277970981316
9.84296385969381
10.2392474320991
19.926692122559
26.3232455177306
12.7009861382231
11.6981728247871
13.4112517828056
5.7844381548337
5.95429680044313
46.5570140827446
8.1733622399042
16.9309807111223
18.5270777547761
15.7332160986934
25.113961009291
28.7175971663188
19.9082412305206
11.1650754099671
17.4972142985915
7.26517183496295
5.27579907763783
15.4313772461797
11.2780165512569
6.67136770795667
16.1026339565122
18.6146852119167
15.2309886071563
33.2849324291363
18.2748400082514
26.3294925269701
17.1339873660056
5.92134467053635
2.85173276809264
11.1587004983526
6.66441386993192
13.0738153100763
25.6890708702956
23.9359574931915
17.4275660919104
15.7480014635287
12.6808076780689
9.23346942284701
5.55398263829319
2.28473131850575
6.85608536510321
3.61940643648884
33.7805043309586
35.9366668635536
14.3691618916224
11.534130546451
16.478114461748
52.1089801637449
50.9994517922412
18.6329102200403
7.65697059590869
2.82006676612344
2.2618603356587
6.52674738891443
7.19396560912279
5.12323930291867
10.3887857012197
9.39377129676953
21.1346110721412
33.5224525273999
14.9926887569735
7.5189956540615
4.79799304350272
2.41496148694136
3.34743892534786
1.64450029301816
3.19051191771811
5.44737886824146
20.6275801681869
27.3711456037598
35.4272434589698
28.5759388691593
16.3767326584472
14.9038092519659
6.17916393668066
2.70531918145476
1.94797226968739
9.20157323792684
15.7951587112694
16.9747632372172
11.0608302802668
18.8571461885541
25.3681693427857
30.3414219759278
16.6910719333252
10.3580728870155
3.27776624231563
7.25478843052666
6.33365489435026
3.46353771624446
3.51667258224
9.23309033826161
14.7677985742515
13.7093361189162
17.8552304133129
44.4804594094668
19.8745816841378
12.9626964426559
19.2294990917151
6.91966274951972
15.3384129869912
15.0160553135097
16.5658496329644
24.5796724388953
28.9119676769024
19.940631532717
28.2574868964607
48.3969988320604
43.9316243375389
21.4156456752561
11.8547502520838
5.1157347063055
3.0708645109502
2.28938475401891
4.51150092253443
9.8742866325288
29.8558107447666
24.0610278742722
32.8825921037743
40.891758314742
19.7618121848187
8.10228601277561
3.88348862358215
1.89337619280754
1.21633713560721
3.03611874068015
2.77530491005692
8.19788237756598
8.16811302092783
16.1525105293509
13.9695414913621
20.8969985289074
40.7774419225556
17.3119520602894
10.7257675337042
3.73807684198292
2.83243511043885
1.75813496074441
4.0089842166341
7.39828495884426
6.03579205980429
9.83031420873068
20.1032966432959
18.2442554874674
24.3444283552774
21.6288391785971
13.8629790052222
3.43391169603034
2.01196270156594
1.65871481078677
8.01857597916428
10.7041314769228
12.7550259635909
19.4135947886799
33.2076872146814
32.2227851445926
36.0252981961076
28.9227793333582
8.63373494652382
3.4111980384873
2.31553830186481
1.76154986170213
0.876257359382903
3.03054332924023
12.1279917430001
13.7236621382727
19.9477995649402
36.5885530810811
16.4625589038804
6.78799235568681
6.15436579619627
9.79678251899809
4.36584024652836
2.31598988992728
4.86728957744418
21.4214788794314
20.3276490769535
38.4830218231298
21.848461814799
26.3248062161032
15.934602579817
6.76931438816169
10.6309598155356
23.7544102014001
6.87067373569266
9.0802771191378
5.89716532808749
8.35096585413533
20.0897217945887
18.9756993134561
18.8797400224753
23.8063698883263
24.1490780798768
46.8512400623058
21.0503450055053
4.82247107697044
7.49563507278756
6.29494434033601
3.13222232128839
3.71229837937963
4.76823932048384
7.94718261261566
13.2558188298548
38.6093171168883
20.2006678678821
12.3620877226652
7.96128872948934
4.36184424722151
8.87182025609315
7.182067792575
23.0281908232408
9.74343340032175
21.1698990085295
17.6093204855484
28.6107883185525
29.9662114081978
23.0471416436138
13.8996323613928
10.3831229813848
4.8997343751248
3.09800190512908
1.69392841583046
2.7919228428018
7.33621557655654
11.2305709947392
10.8257679768059
21.4635496915379
62.3481102768069
16.2650818909652
7.04247234059639
11.0457714424453
3.89066542743534
3.82695131704885
10.1244050081502
17.0388266727268
19.6499321171055
18.4674803673234
22.1811475966219
22.8559725098516
23.5509077948289
12.2774014922522
8.11336294592508
4.66236851270307
4.12996369432539
18.6084776942608
12.5866634713677
15.2616379171258
26.7666932474117
22.3463869693315
30.2886845165969
20.1514615386213
35.4870816995037
20.9492171927865
9.13223438458715
28.5911994307454
5.50125258198442
1.34342442325338
51.9580515364274
30.8167717041427
27.3794309364158
39.0619511423745
21.3385348280893
24.5217500582693
29.6323902678435
21.637813740099
17.1031226381594
11.506210725422
8.33533367385596
3.19940985631974
0.999944386624083
2.81068262721658
8.63870320315272
18.1533048013264
37.1411024724428
26.3480999804544
19.0249637012659
17.6791881996826
9.51181773959996
7.17586873488466
11.1541170302644
3.01789957020161
16.6037276713673
33.2801639149703
20.3117339764073
18.1116934758489
13.8011255003659
49.8576665608804
28.7772626888562
12.8879049475906
20.1372051807151
12.4162309859759
10.2088277378735
11.3423033855538
3.84527458758227
6.02436419091277
12.0698709819817
20.3778840917314
19.6432137846206
18.6650913371056
30.6930411820001
17.3894878521676
13.4010470929654
5.86171920983652
4.07366722582594
2.78996254629459
2.74408317061109
4.21429149852813
3.58724094181879
13.8026314053314
14.3207537835603
15.9821398195013
23.170597658206
16.8695627868226
10.9976840379553
8.15799996693905
14.8220390975184
8.4095099744691
4.17639537404683
5.22213135788523
7.48448127450908
11.4722915926004
11.9828748702493
14.2923498225598
18.7665721765184
17.1600019902261
6.6171097211999
11.1569675858261
6.19488318958302
7.92807457883344
17.6111146789303
14.2340758089789
26.1017897748518
13.5066386264394
20.3837436695413
18.2010680997699
25.2418938209975
25.112520019354
13.0091579526221
7.5375461727901
6.55179149200861
9.65241220431277
3.99167089699272
3.46895933876941
10.1038658469462
9.6535547952174
16.2425888313038
21.0405113694657
23.4497661555336
23.1260836544269
28.7347906890572
13.827825601785
10.3274031488047
4.25342203544659
3.66473707687694
1.80923580957885
2.96034475780169
4.37024278855516
4.88357658236179
12.1664752477948
25.4796633692786
14.6283689010918
6.94791901265196
6.45975190388262
14.3764354670351
8.93358231259346
4.36257583401875
1.88376132115058
5.07188343601118
7.19412855782579
10.2664378124735
33.8642717227149
52.9187049366445
18.6184414339787
14.5743722926863
10.8190214329244
11.3363050395852
4.83974762136506
8.42611774112274
9.32770085859863
21.2645291550473
34.1449007594331
30.1548687605905
22.6103984222145
35.0108108231909
20.9764757598819
18.7839520026378
11.4668413150255
4.74953754767354
3.64272094177475
5.65970540838006
2.83671947109335
6.57455207940308
5.25192230754765
12.1836626227001
18.969741556131
37.5241702009108
19.4502181256689
19.0765878068253
8.41407151556663
4.29551406542387
3.43770601037098
1.80523177139557
12.4416891177049
10.5831044216127
22.8359529980867
32.881306593763
28.9243280895971
22.8591533673155
31.3765803108218
10.8767686319563
21.5505897177511
8.07258398616223
7.96473342135532
3.29844155537626
5.13329027030184
6.17233478875709
7.21964225063273
19.5272497570708
15.2387399610143
39.1027779312969
13.7909598859924
14.1902191520998
7.35462727226
12.374153388513
2.8908948404317
4.37529363856191
4.05986402492813
4.27604895349561
9.76405254935138
14.4690713875971
14.7414127708735
21.9991452964888
16.1631719705052
12.7227530053189
21.2692282169691
5.63198603327882
4.46951232152946
4.11022494934916
5.35650409656779
8.01962832177505
9.01013941422065
7.82247278899164
15.7267269035594
25.5169206683013
21.9101877777647
19.3175197972065
12.2445241896394
3.31665791449745
8.92931643085428
8.93722737590361
38.8456224879968
19.8121378847838
24.794038556785
23.0942722812604
17.871204102398
22.4339417142475
15.692566430356
10.4964788287545
5.81612361029556
9.31332569170905
3.19668325391989
4.13918407435963
2.44735150255096
4.98971874018327
8.84943200262799
9.39643250406646
21.2288908556281
25.0739626898081
15.7410661201295
10.8248680527844
6.23511443435071
5.9406478439453
5.55206177730089
13.4681140346398
10.5256574429745
18.9663590796028
15.2702517970797
17.0127420856102
18.3543844400723
25.0270976451711
22.7306407653257
12.7224648212729
3.96747505561174
3.54256733769173
6.91996005886473
4.13769144393901
4.50619190058103
9.07498566879522
6.51067636422206
8.89282775872236
13.012999422406
24.6272737563969
22.1711435796199
30.0525171407275
21.4007914475457
11.8236966792065
4.23769809648109
6.64403281527947
16.967961755587
18.6918228186184
23.7821835985933
26.7467819332258
18.6012079699343
41.6198076516324
16.7066137352113
22.1173615776503
10.5685907730213
4.31701325244988
4.83513125043066
4.76594083515024
18.1776588090069
14.6730752616775
22.7220596739654
18.9400128188181
22.2348115390136
34.5288539605232
14.0867072759542
10.892250418548
12.7839193698948
4.84018395552772
2.0748158502667
4.49965943536231
8.00508574162331
6.35421954055221
9.25999882001775
12.4526669256746
16.6832962140614
27.130830773706
22.2775096631991
15.7623300985811
10.8628301087496
4.75924480950257
3.45226661684714
5.49072612034563
16.7779505196091
11.7613807297265
11.1281970401125
24.9323389726619
23.5350842515179
25.9252637766777
24.7040228118548
12.1811234537662
6.75969048109379
5.54272374358013
5.05178344581062
2.91164199040401
4.89021628096847
8.7708475046688
18.2473854369515
16.4892300142648
22.4204603967222
26.0589593904531
31.5927893013292
22.0210670793293
7.37420407268907
6.08500616169972
11.0529538486046
8.96614758165986
11.9669120795297
7.22241295115597
4.921258522086
9.39591646526756
10.9701170105133
25.9417188312199
20.3675210915272
12.0852144425377
3.36170208369366
2.09927700037494
0.842307166774702
4.91055643274021
18.9899339103363
24.4299631496255
20.0746265300299
11.9822331429583
16.0737372701774
20.5005982372137
17.0851143888476
15.6272421034498
9.10833548095845
3.31689938192734
3.98980918604484
2.55342401949664
5.12782847933308
7.1024714069668
5.9483088290673
27.0148934985602
39.6348981294148
26.5469312194589
13.6048555768117
14.7221125053391
5.14618744430546
3.35276634358221
3.32985594977302
6.63973595593394
3.54950819177581
6.87601102530185
37.860733421903
27.5185039928416
26.5335307857924
33.6380453964321
19.6865142196004
15.4785229456052
12.0332514474152
4.11343732212397
1.37614937727598
0.582239976140711
1.24372343489108
4.71355313407919
6.05029791066065
7.34957210848496
11.6174287070137
22.3536533870236
13.8113626916456
26.718626705864
16.9186779825063
6.40348820254421
3.77268309370259
2.29457065098537
4.27868237476166
5.94532086756359
5.39911254883614
13.5527313355491
11.9795497435083
35.637242265578
19.6505375875962
9.97658297499487
9.93225982783399
6.68442421625603
3.7016490058379
5.78168236444907
4.07837503364782
12.5891643066716
12.2025143461346
16.5439956925964
12.9280256970167
26.0189111140031
23.6658892128446
19.9071026388484
6.74375662996605
11.1194204345948
24.6308137142717
20.2042875500994
36.6473907567018
18.6316212708809
12.6056409307886
32.3244425021726
38.1521330516288
28.7738754158849
26.0145997290819
17.2319466817561
11.2965718101253
7.00067364427202
8.95256040609926
11.9808882889339
27.6682418468158
14.5587564355005
13.9070805138885
11.5209945654682
17.0447050483216
21.962111816001
16.5899710806501
14.3448101104936
5.91498180857756
3.60901516409965
4.36060249870411
8.26407282566755
4.71033504975578
7.3715978533587
16.3076818418906
12.3002066899525
13.507464938332
17.0288582982293
11.311701501969
8.14255113448379
6.36452783733332
3.02469769504313
3.8829455201827
2.22162455345457
3.90465525093377
5.8708694248479
7.86621107564517
19.737037981578
18.8855974743579
18.8755191517224
10.8805909992608
7.48116702530469
5.30531775454457
3.5547909510523
3.11792568890405
5.04193831370034
6.04608698264385
12.448782185281
24.8843019375546
24.8188584552962
27.7988652241795
36.4571302274884
30.7032372381059
31.5377066549569
9.46687064117098
5.67076685630133
8.60896172891574
98.5795346433737
19.5018255206308
20.3732577695142
14.0854296822821
21.5309264263434
18.9978251133502
18.6928290067517
21.1993305105611
10.3862797067938
9.76453147487227
3.72760489986302
3.05263814691998
2.87794640901747
3.72939654345068
7.83866875271534
11.0773846050227
8.26328805516244
7.88094146056297
20.8791981555103
27.3138686541453
19.73208141264
22.2112723678518
4.72600218518852
1.76681750705191
0.692614548485651
3.28519632519439
3.51383847383856
5.63399460968402
18.0382463626057
27.2107643420403
22.5820517132637
21.2294494615885
15.1503823513577
8.35814657154466
6.02446063584851
3.87627036617993
4.43857211624307
6.42711208074892
10.6467353471214
19.3160603932279
15.1543743328253
29.9904041555862
20.5603881920434
32.2965730901642
19.8816798150317
16.2242089583796
9.34199133496893
5.96098227178593
1.87828782659699
0.834828006644413
0.786948377030567
1.16006718121739
2.06489262017426
4.57455345295467
4.94468377293651
16.6264970907912
34.1036291883354
9.66430349833136
5.18689439286337
1.52043247537086
6.6616706056329
11.20432242939
9.9055008056528
24.7512087258907
32.9101206825741
51.5125553715335
46.4549192785924
18.4102732399609
10.8532466956673
5.69690487410197
4.35322533080796
3.71757262119729
6.55940844284134
10.6711344575852
11.1002787763352
16.0490105049173
11.811331792695
15.8982128643148
28.3642843683137
18.0319729883875
29.0973508780251
13.7104060605487
7.59208962645015
2.4702165330215
0.91069563755617
0.916899813677309
3.45417166738204
9.06734317946172
10.4687645226494
20.0204227911076
38.9766144569931
33.701107753827
18.2197878053722
7.15790080075458
3.68205813048468
2.12375417170608
1.98709217588273
2.47605237624315
5.1032117340466
11.4348640749808
13.5593604601707
16.9861338945138
19.1599544005265
19.8622073032908
17.8854769666738
13.7647834057562
5.17046838182603
4.18808025465796
8.56701089555787
18.0853027886241
27.1113920603612
15.2614102692498
18.4929915412611
21.3089867232973
33.9032855746218
25.0458189307746
9.53178408918104
9.20028237538163
3.97243127640596
6.72373474991118
2.11645394038821
1.28948363313781
1.44217599241751
2.57789356613023
5.75171832195203
7.47976884639129
9.55244294043454
11.1198308746388
5.46541780215284
2.33174470890113
1.46147482580739
2.5594824223222
11.2202121654508
20.2043088091764
18.5311416987059
30.6789868440437
