2000 1 NA
2000 2 NA
2000 3 NA
2000 4 NA
2001 1 NA
2001 2 NA
2001 3 NA
2001 4 NA
2002 1 NA
2002 2 NA
2002 3 NA
2002 4 NA
2003 1 NA
2003 2 NA
2003 3 NA
2003 4 NA
2004 1 NA
2004 2 NA
2004 3 NA
2004 4 NA
2005 1 NA
2005 2 NA
2005 3 NA
2005 4 NA
2006 1 NA
2006 2 NA
2006 3 NA
2006 4 NA
2007 1 NA
2007 2 NA
2007 3 NA
2007 4 NA
2008 1 NA
2008 2 NA
2008 3 NA
2008 4 NA
2009 1 NA
2009 2 NA
2009 3 NA
2009 4 NA
2010 1 NA
2010 2 NA
2010 3 NA
2010 4 NA
2011 1 NA
2011 2 NA
2011 3 NA
2011 4 NA
2012 1 NA
2012 2 NA
2012 3 NA
2012 4 NA
2013 1 NA
2013 2 NA
2013 3 NA
2013 4 NA
2014 1 NA
2014 2 NA
2014 3 NA
2014 4 NA
2015 1 NA
2015 2 NA
2015 3 NA
2015 4 NA
2016 1 NA
2016 2 NA
2016 3 NA
2016 4 NA
2017 1 NA
2017 2 NA
2017 3 NA
2017 4 NA
2018 1 NA
2018 2 NA
2018 3 NA
2018 4 NA
2019 1 NA
2019 2 NA
2019 3 NA
2019 4 NA
