0
26.7767701035551
23.7297827195385
21.9786043318021
20.472252337877
12.3491262520368
7.27589455085568
7.39384465960804
5.10536943829459
2.83886069042865
10.9176441666634
13.3853221818563
15.8376336171934
20.4327340414689
25.7250625573561
44.0034696369497
25.0027854872983
12.510061776793
10.9359547625915
13.8773938938269
15.867650280865
12.1648764992432
10.7198203449062
15.0567419959063
27.1230222155636
28.5950435188641
49.1267732766964
24.3069127998109
24.5175546042564
17.4203963032554
10.3022464081974
7.83762297599485
10.625511089023
11.3307265777085
25.2866869273144
39.5024817445202
25.2448006126413
32.9174568259709
62.099777482337
32.1090780118629
9.92322067284381
5.62065866295701
6.68117321898412
6.59656274987469
6.93372839704398
7.66405899895868
11.7624338514071
23.9061016080785
26.7192658468273
30.2762587012535
36.1107223584522
29.1156386627476
18.9651231345649
16.6820294502253
4.99294700118311
4.79730287375005
2.37964965263033
2.69447247133946
5.27293548164679
7.80101743512671
10.4368681958353
14.3341647472755
32.1841742256169
20.4276427681285
18.6310724488476
32.0039922897648
6.64042709908234
8.08830561101667
5.86867287509311
6.49917903716895
6.4504385014385
17.5498782524444
22.4198403747494
19.6886143506086
30.5665092032535
30.7287571339743
20.7202873823032
17.2830165562756
10.5650317086934
6.54158867864362
4.49089144104619
16.4681501072635
28.9510508890036
23.6452481378588
40.9882405369692
46.5327736116115
46.0893846864713
48.5919627295658
19.6993598195473
9.90404278686385
5.82317270457366
53.242892246109
11.482342571924
6.26914008908786
8.80410066842191
9.26904810184442
9.43165794464701
16.7777418195621
61.2461344797449
23.1782015130694
12.9581830388862
9.17428331990516
5.17904123671166
2.68389082005183
6.62927291221369
3.69980806261567
7.27391467059094
11.7654352267248
22.3956400776835
20.9781272463399
30.8147586818902
55.631032154817
34.1550769563323
15.1716514653524
5.7807380098756
3.15543214223156
4.78121067753655
26.8089538658076
13.6295626768951
8.34018859827186
10.4373534614093
14.1146332573756
30.7667343144345
30.2233726696287
24.8805680741837
14.1594071966243
9.83416812168232
14.8044019064348
19.1573880688232
9.35516747928178
16.3779038382568
16.4269771290655
18.6517451274341
23.8413046841723
49.7953881137302
26.0490783260009
19.1813564424539
5.75918273997552
5.53333484056914
5.0050900203124
5.59281026143957
4.63480707486775
9.98412296486025
12.5962642471911
14.1298575174925
15.5234863298412
20.8486256486118
17.5728425744463
43.4609399423328
9.37795785303174
6.08103305683747
2.27388499910196
4.61082930224189
13.4086195489074
12.4916894165635
14.1371591555544
16.3834193546197
35.0983775069716
38.4636809764292
24.3253481284193
24.4320648754813
16.6513315199058
8.1650702818267
4.82885393231402
2.14169643112686
2.24653865269523
1.86344075761878
2.43691118762865
5.30049725912804
9.77537391016289
21.5800510370399
20.7371031074956
24.0734474211992
8.65708539630992
7.49875872817284
5.27289218519587
3.78690939362154
9.38695841342856
8.92258590581006
8.89301127499294
19.7002919665375
24.972288116135
21.5290813138561
39.1624346879387
14.0807197808386
11.2132996153455
13.04455268096
19.3955891030351
46.6918450226364
23.3008861623935
22.9766083796941
64.903442533318
33.1964312157289
50.1353151837462
60.674396550462
30.8584577675714
17.7832790138757
14.4716356949429
11.0272084649865
2.79037353019139
2.18201196903299
5.73027290896524
7.8453613452834
9.94699591842762
16.8890322405873
15.3746331966903
27.3764230914715
46.8859233179852
14.5065386836228
25.7730919743704
11.0387552875612
14.5404842254764
11.9582424806898
25.0365269840101
40.8055107923649
14.6482502511403
18.1503352844598
28.4825276841336
41.3358679274553
38.7730639014108
17.150508466492
11.3337248154888
8.64778386460019
10.3015464014789
5.90566262994155
14.2456795412967
17.2124121785407
11.1438998186337
10.9274281474843
27.75614187738
38.2633114212532
24.6888519303926
15.0978899270679
16.3813219582538
5.88388413718122
6.42573053208738
21.696577336749
21.4777731972824
16.0610075740394
28.9224401586859
22.0290157404619
25.5969745684949
34.1480556654928
25.289097681434
22.8510204567481
26.5497373114078
9.16634685284912
14.754173782771
14.8517518575964
62.863262527015
32.9385503801412
12.8015853502306
14.1760967965013
11.8432721773829
34.9151334381896
59.7780243569135
13.7777091857882
5.54915285243263
7.5000751502027
3.78972377306193
11.0291904399408
5.80644461371774
8.16375798548733
8.08435069236525
11.6879161267402
15.1236469507391
31.0614179948848
22.2287091408993
13.3101786564309
26.7277861132293
23.4227439732934
20.6304723322844
42.4866541335938
18.3003910024331
17.3167403416443
18.7638052235403
15.7410183789437
19.5410547388521
36.2834419444286
38.7409619231766
35.6543275960676
16.5551979015644
7.47961996394493
27.9382893244422
6.5288905057483
4.9509023907786
9.47162852576016
18.1010596004076
27.3523057718635
23.8173050077005
40.2564915147244
22.0727802364564
12.1114784808769
6.62087986739186
7.86131632964818
11.2625325085633
78.4634581995965
18.94654617371
19.8978887714872
16.6369471009431
19.1951985403443
28.1686121208665
49.4549792043159
39.8864898093069
29.0143386577685
19.2566643566834
7.35007167999658
27.0524805560177
10.3860482068727
21.8523534831566
14.120950560125
22.0192682594411
26.8936861338366
28.8374056889003
44.326913658485
23.4493777900415
12.0603561019805
7.65383286179879
18.0497982961469
9.57322496072518
6.38508578621798
8.22454025298402
8.34157386795637
11.2736399037391
15.0876966224481
16.5503514494542
50.7402172406164
40.6149060263293
17.4939554939973
9.63388265475199
8.92241952249955
66.2112853449696
12.2110083852339
22.9755137851494
13.1595397689252
19.8912959686756
26.9546370110298
29.2244805828957
56.6152663793486
63.8298534056456
25.1135678144993
16.0396664738746
7.54134724089497
6.53385493748862
3.75748595555656
10.6334184289862
13.5262427132901
8.32378274576826
16.5987422194022
22.4411591545991
40.0264543526944
20.177061009997
9.32742966218939
4.07528709955363
5.39244509921636
5.96168505540327
4.92925115824035
6.83333211636456
8.9699157516772
25.0486694172423
21.7057750695049
18.7564272243659
59.6902576563431
58.1853653584084
40.9435120678443
12.4890058939096
7.17239492220186
3.71744356192817
4.07381205255265
2.6766396394213
6.11144152480834
9.01494401723275
9.51515935628691
11.6332154439016
11.8514999280629
29.8609456554745
17.8760910621894
8.29849150543501
33.2946532002826
6.38880884824307
3.48541307314396
3.70999756069248
9.43929710856175
12.9517299282239
16.7114762571684
23.2461569653211
40.03798516538
38.7123509055144
17.4656139207397
9.88884491259357
8.22782426406764
10.9091282160914
14.257459694506
11.7018818350069
11.8142688129263
24.0197704436989
25.9319646277069
46.3201036766108
56.5879253645692
24.1394403357828
23.748891952911
22.5889596528324
32.4209352391203
5.73606229619688
8.88779169548028
8.39087754774199
27.6257948750318
34.5823026164648
33.4791568984837
22.0200149714823
36.180717896388
22.7259052235912
17.6073433157805
17.2120341870864
6.46506313225748
4.53287363441251
8.56870328803469
6.39688478974585
20.961266005038
14.2645668575337
14.7975677146913
17.7602821954467
55.9831344569259
33.6292504406357
36.8214744623033
7.99641016363187
7.85186885964731
6.60151499450561
4.23297305429231
9.01406545089704
7.11660251295952
13.1903669017314
15.8673932669838
25.0066704498078
35.7942634156189
28.7354205539118
16.8114273443985
14.8317355975207
5.35709887492375
4.24552249752361
6.74489555773169
4.8754966790439
10.1996270431421
18.0283903198776
30.824138818962
28.0088603468746
35.4848095549142
33.4262617435639
22.007881420543
13.1553070837574
6.20023402598115
4.51775347562341
4.73522274703291
5.07375182332239
5.76681660784279
11.2296030601951
15.6832914974251
15.8093472640517
35.2994099977106
36.1883777183572
19.3514030508918
8.01575022810876
3.99864803778669
5.31648633458496
4.55520464114095
3.32876328776486
6.62228313374926
5.51709911144014
9.5306567638877
19.9686376741914
28.1697079093559
21.5916504426498
16.5086473182294
12.3199889555811
26.4287445364716
5.24231096317988
7.25723361932415
9.97200520402155
19.8669490976132
16.889242985084
15.9805585765571
16.9438085984222
12.7165700372621
13.9498808200052
11.2348603052832
15.8546209798555
4.83899430025031
2.50325003732327
2.64597520299029
2.84835281194481
8.68565229454753
14.6461929449051
14.3084125568696
29.9978660871426
50.6393948284151
19.1101119438069
16.4780740825408
8.28393433486128
6.55413563188674
2.79830695163658
2.01618643660665
2.09922596535605
4.75514648936281
10.0983678927587
8.38352013623424
9.42153837306114
28.8891150451609
41.8577060977762
21.7711432593136
12.3997276447633
13.9637502409632
6.13471633874575
6.90417983774836
18.6611174125424
18.6097013770278
15.348715146724
21.1948018682263
19.2905436023167
49.0871891697166
40.0530758543977
11.7835035558171
5.87904963406808
8.33322697931419
3.69347578186341
7.38334198761084
7.49136298060119
10.2327831931301
11.9407928480467
12.4746710995647
22.4477317298809
74.6942188672391
33.3751757578735
16.825888063969
19.5172832883777
4.91128724843143
6.20229728751434
7.60420076918414
8.32898115137527
8.22105919531454
14.9545293871414
12.5044466737937
11.2106118224595
23.659019050687
27.5433218824452
19.5940029313009
17.4728217410803
12.5897677117151
6.41828720296483
9.51439281432535
52.2165061462867
34.2967114618797
22.6998373959795
28.7046301187462
18.9806178803819
39.3490776771454
52.3612789086606
38.2452399777241
13.0035993763254
15.3823106999301
7.83105094468635
8.23509558285966
3.09878817648409
19.1326294656627
13.1166271753814
13.9951073878303
10.4818089069081
29.1476702882829
14.6011347178719
27.9510696870099
18.3685609413926
15.4592915990453
27.6212315095277
16.514908356442
6.12253541895622
6.52532247077442
11.2862726213411
12.9109995124869
16.0276155633191
38.255175071798
18.7873952775957
20.4270137516031
20.8775749704327
10.5744434891242
5.81307890884192
5.37559152077639
73.885838697274
28.8097995949157
14.905902378704
14.1580309921828
30.60112673301
40.4401261494405
21.5909133965561
22.6652281316461
42.0682425159527
18.933254870646
5.16649526285397
20.4543961668906
26.4864735122818
21.0647912926488
18.3548272090043
17.9760029092639
16.826760056856
36.2609814405902
20.40225173374
21.1940711509875
23.4844998622176
15.9230159579419
12.2572384973771
6.54495064057063
6.5369715517988
11.1372714356639
15.4440614188473
30.1705666375179
25.9430369027488
40.5845469387659
26.2287223940917
34.1543617904471
15.0538085445285
7.07851454563631
4.0601476892655
9.52698246129483
6.18704742926238
13.0682151131687
16.2673529837768
23.3034243620105
27.3745506778124
50.3866641590081
81.7005540478273
23.8031697177718
11.6201219902595
9.81620936035615
5.93329196282579
2.61453608792642
2.67071542834662
7.99674170960951
7.91044788343631
11.6764618451462
18.770645618812
28.7032068616944
34.8166166360699
21.5062846058296
10.2332149703214
13.9821709880252
15.7104951921769
6.54260200192095
2.52673029774683
4.27408939779942
22.4998590581814
17.551737988619
22.0043531427066
25.9437808303291
19.5363933043742
17.8615429583502
7.888692021789
7.02772792425061
5.29672795301809
8.04348646712318
10.1526657635177
35.4142987828752
25.5120390091315
25.7420533088105
30.5889572770328
88.2330210538154
32.2320833314902
19.7386161444825
21.1112096309954
7.04358547872332
2.47127318393768
2.91025870786465
3.77508709009227
7.31170488649024
12.9491783776506
16.9336252434364
20.3068969764924
41.9261051098963
55.1251662370795
26.0656434191276
6.59505367653692
7.2778200974218
4.66499578904795
6.54639794676416
6.05932807495107
3.9401814217086
12.7919070458147
15.0513093321457
27.0860952198678
37.7420484483577
31.0880343634408
12.2500826554793
8.16472520975139
8.09311364754539
7.28434653411007
4.58731859258301
1.83655928643704
2.62567398079698
6.07807667595075
15.340543533434
19.3469601884382
28.3412797656633
15.9896767201865
18.6088017891873
13.7323314876909
12.7237301004459
13.2940379081139
7.23593808189591
2.86177357344059
6.8451600556783
8.89182548273873
23.0345788913697
20.0445934010213
71.2251675426868
33.7778675230336
26.8228655918787
10.1409618900211
12.4630907398401
8.14889002759991
5.75167036036556
27.0203560384637
26.2073139483267
16.3114132903749
25.1141892711452
28.5018144056331
35.4654007970034
65.4710586016391
46.9085466590924
12.4956484675325
14.0203452520698
5.57741826265441
2.50533180582619
18.2661623237032
53.8222804636374
42.537864277877
20.0667759052025
31.4864176228811
28.4216174743083
28.3816670569812
12.8081125149643
6.84436259124143
11.1135826596472
18.1592859253819
12.0237043814725
11.4145013291582
5.87867323072564
9.17681679526113
8.66639195339314
25.4956697155048
58.0934029267492
30.2935640705851
19.1966843067983
12.3610398557193
19.0553258574349
17.2440526511714
8.43361836104868
12.1146816639137
24.7758913398648
22.5038632768735
22.8972137950369
24.8168848471062
43.8528387898863
37.7246298852264
18.2960945877193
10.6790529851807
3.21703738500695
5.88880068990197
2.79114991135966
4.74993037272306
12.8148784120225
19.7438639974385
20.7902186365286
25.8800158058827
40.3948398524637
47.4533166862377
46.8880536293216
26.9970917795779
5.98889078209193
4.3222579200118
9.61604279452541
5.15250480816771
4.90543085193478
7.05622410619619
12.4135790055452
11.6560082006017
20.218736344071
56.6156997484906
16.8492679627944
9.46414072658695
14.0889762180168
17.0321882700652
12.5738889242935
7.16048343635709
6.20185154461593
16.100846350666
21.9027014459317
24.0039986255185
48.5134314007738
24.1360198277425
13.0277668998995
13.8242017825484
6.22142364842697
8.52357633784217
9.44544537950386
10.3894451056755
13.069255212407
12.1072855736296
11.074000399898
18.9693005040169
55.0151077856215
34.6801397488547
15.4765977410417
13.4177173468325
12.4095903594247
8.56253885996144
16.8575227292813
15.6886814625591
12.5499410604675
24.875639751044
25.0711107927195
17.4725714187477
32.398552265812
16.6167891918263
29.0450537981317
15.9850191554528
9.85822966756192
9.67619841120571
7.96826143119056
8.0235280917255
16.7110427794059
22.9052427351364
28.7077193201337
36.9350452731104
56.9637692079575
21.2099739631253
17.8285919405186
17.1595307621545
6.93061986054103
7.85638909550893
8.18318205757299
20.7435490046187
36.099518579877
30.1225657963644
19.9825301129773
44.3552794557326
70.9854408898514
63.6859610057848
17.9714765142342
25.6606689792248
11.1552817363362
6.46688632828636
5.70970376864493
11.493499185972
26.8405386576649
11.2316197620762
17.2710999359863
21.0593092460626
40.7517034027841
23.6564374761605
17.3871114255394
7.82675144125843
7.15751588595748
5.01714629708483
7.1898700361023
13.7706180048616
11.4958369237589
13.3073866023415
12.7956641433923
20.623011167855
32.54911701555
60.5104004893166
17.7092919846415
12.8659046789342
7.38226759613329
12.3368121643382
25.8768928382195
10.0369280979153
6.07914494933631
8.95128459104704
19.1806274989966
15.2164402656553
52.9048604204637
18.8764481863169
14.0800898321377
5.88698414092442
7.87232094517288
14.4007369370172
6.70309203291079
10.4617181320912
12.7348604686361
18.623801868045
18.7701064929502
18.1030437145516
28.9396321420237
55.0100923700275
28.3909651859662
17.508608057285
22.1767284645006
5.21494506745391
5.59758131887092
10.9848910962825
10.5300855908926
15.0264428531918
16.3924643844683
16.25478173672
36.6080672836278
19.8775949322956
25.0178937912102
12.8019049197807
10.31137720781
6.79168260909323
2.89244660425095
2.6770534467199
10.4782056804529
11.2298709050802
13.8922617529498
20.259478882614
38.7226225464688
29.979779216922
15.0914254672638
19.2286273096021
4.4855067760108
14.9697582307493
44.4018909704989
52.198968595504
23.1021826664437
30.8969366847893
30.3385901568205
39.0967415430474
64.9047892307093
68.7583249026553
42.3477047384836
42.2128995788826
17.3730602066421
3.94003154015626
2.7990901375822
12.4504392225141
13.9938573898387
26.0608040068528
26.8505355884601
29.4226870143406
36.7715336942783
56.8380394215606
18.0754729107823
10.7298864658799
16.2953846323728
10.4927088417277
8.14784831313463
18.5900635619994
20.985555759454
29.8419600389751
30.9888368650103
28.503573714043
48.6467612225272
32.0788766355972
15.1569909588247
9.42207113365424
4.11678040813636
2.30867348617009
1.96358142415735
7.33915747112105
32.1104348881953
23.4615936185917
41.6155832319762
31.0939025525143
39.2826293543968
26.728219354679
34.4521827111783
15.2720101753006
7.74600679578847
17.5626557731003
6.75563803268995
15.4609767919864
27.5140521255299
27.8186607534612
