YEAR MONTH PRCP TMAX TMIN TAVG ET DIF
2000 1 110.7 0.94 -11.61 -5.34 15.82 12.55
2000 2 50.5 1.81 -10.41 -4.3 19.92 12.22
2000 3 89.55 5.22 -5.64 -0.21 37.76 10.86
2000 4 146.1 14.44 0.67 7.56 81.03 13.77
2000 5 67.18 19.94 6.53 13.23 123.24 13.41
2000 6 125.97 23.39 11.49 17.44 141.16 11.9
2000 7 94.35 27.48 13.05 20.27 175.35 14.43
2000 8 86.7 26.11 12.32 19.21 154.41 13.79
2000 9 126.67 22.82 10.83 16.82 109.52 11.99
2000 10 17.81 16.87 0.86 8.87 76.76 16.01
2000 11 126.58 9.61 -1.96 3.82 35.79 11.58
2000 12 29.97 2.19 -8.96 -3.39 17.98 11.15
2001 1 68.17 -1.55 -12.5 -7.02 12.78 10.95
2001 2 45.57 0.22 -11.49 -5.64 17.56 11.71
2001 3 151.95 7.11 -4.25 1.43 42.2 11.36
2001 4 125.97 12.66 -0.29 6.19 74.31 12.95
2001 5 165.52 18.86 5.29 12.07 119.32 13.57
2001 6 69.32 25.29 11.27 18.28 156.84 14.02
2001 7 55.67 28.78 15.29 22.04 177.38 13.49
2001 8 69.21 26.93 13.25 20.09 157.45 13.68
2001 9 75.19 23.61 8.94 16.27 119.19 14.66
2001 10 101.01 15.82 3.22 9.52 69.75 12.6
2001 11 87.99 10.91 -0.87 5.02 38.09 11.78
2001 12 76.44 2.21 -7.07 -2.43 17.5 9.29
2002 1 126.49 -0.38 -10.86 -5.62 14.13 10.48
2002 2 88.33 -0.63 -11.25 -5.94 16.31 10.62
2002 3 100.08 5.97 -3.03 1.47 37.65 9
2002 4 42.31 13.82 0.24 7.03 78.81 13.58
2002 5 60.97 21.67 5.96 13.82 135.88 15.71
2002 6 77.38 26.06 10.67 18.36 164.74 15.39
2002 7 119.6 27.46 15.83 21.64 163.11 11.63
2002 8 108.12 26.28 12.86 19.57 153.79 13.42
2002 9 135.33 21.63 7.69 14.66 110.72 13.94
2002 10 61.61 16.88 2.62 9.75 74.83 14.25
2002 11 131.63 7.78 -2.96 2.41 32.22 10.74
2002 12 136.2 3.91 -6.23 -1.16 19.79 10.14
2003 1 47.16 0.55 -10.99 -5.22 15.32 11.54
2003 2 40.29 0.36 -11.17 -5.4 18.4 11.53
2003 3 156.56 5.53 -5.56 -0.02 39 11.09
2003 4 57.02 14.61 0.73 7.67 82.38 13.88
2003 5 39.34 19.72 3.44 11.58 129.15 16.28
2003 6 131.88 23.75 11.12 17.44 145.62 12.63
2003 7 102.99 27.64 13.63 20.63 174.22 14.01
2003 8 161.58 26.25 12.86 19.55 152.99 13.39
2003 9 78.92 22.35 7.86 15.11 113.57 14.49
2003 10 34.63 16.58 2.88 9.73 72.53 13.7
2003 11 131.5 9.08 -2.55 3.27 34.53 11.63
2003 12 146.18 2.98 -6.84 -1.93 18.46 9.82
2004 1 146.36 0.14 -10.15 -5.01 14.7 10.28
2004 2 74.56 2.88 -8.85 -2.98 21.41 11.72
2004 3 83.88 5.73 -6.07 -0.17 39.43 11.8
2004 4 97.82 14.8 1.25 8.03 81.87 13.55
2004 5 88 19.71 6.59 13.15 121.58 13.12
2004 6 76.47 25.84 12.21 19.03 157.86 13.63
2004 7 140.04 27.3 14.16 20.73 169.37 13.14
2004 8 47.54 26.13 13.05 19.59 151.92 13.08
2004 9 117.58 21.78 9.76 15.77 106.34 12.02
2004 10 69.23 17.2 2.1 9.65 76.74 15.1
2004 11 51.46 9.64 -1.44 4.1 35.47 11.09
2004 12 89.24 2.71 -7.95 -2.62 18.52 10.66
2005 1 37.73 0.95 -10 -4.52 15.75 10.95
2005 2 43.29 -0.45 -12.65 -6.55 16.59 12.21
2005 3 83.04 6.79 -5.09 0.85 41.88 11.89
2005 4 80.54 14.19 0.92 7.55 79.5 13.26
2005 5 45.67 17.89 4.91 11.4 114.06 12.97
2005 6 61.39 25.86 11.51 18.69 160.44 14.34
2005 7 78.23 27.39 13.43 20.41 173.14 13.96
2005 8 184.97 26.47 14.53 20.5 148.72 11.95
2005 9 115.01 21.53 7.01 14.27 111.63 14.52
2005 10 179.89 15.41 4.06 9.74 66.75 11.35
2005 11 111.59 9.83 -1.04 4.4 35.59 10.87
2005 12 29.96 0.48 -10.46 -4.99 15.83 10.94
2006 1 69.27 -0.11 -9.87 -4.99 14.34 9.76
2006 2 71.19 -0.14 -12.77 -6.45 17.01 12.62
2006 3 57.57 5.69 -5.23 0.22 38.79 10.92
2006 4 103.69 13.07 0.1 6.58 75.62 12.97
2006 5 149.85 19.58 6.32 12.95 121.42 13.26
2006 6 137.19 23.89 11.09 17.49 146.55 12.79
2006 7 112.73 27.95 13.63 20.79 177.11 14.33
2006 8 88.4 25.79 13.33 19.56 148.14 12.46
2006 9 79.59 23.06 8.62 15.84 116.79 14.44
2006 10 63.07 15.84 2.96 9.4 70.23 12.88
2006 11 57.76 10.18 -0.55 4.81 36.03 10.73
2006 12 146.59 2.04 -7.63 -2.79 17.43 9.66
2007 1 100.13 2.97 -6.93 -1.98 17.84 9.9
2007 2 90.35 0.9 -10.59 -4.84 19.2 11.5
2007 3 40.3 4.71 -7.25 -1.27 37.66 11.96
2007 4 117.48 12.23 -0.75 5.74 73.63 12.98
2007 5 157.96 19.67 6.99 13.33 120.81 12.68
2007 6 100.35 26.76 11.91 19.33 166.4 14.84
2007 7 70.07 27.75 14.56 21.16 171.33 13.18
2007 8 47.46 27.75 13.35 20.55 162.84 14.4
2007 9 64.61 24.95 10.12 17.54 123.42 14.84
2007 10 49.28 17.91 3.35 10.63 77.22 14.56
2007 11 92.08 9.84 -1.33 4.26 35.44 11.17
2007 12 58.19 3.71 -7.01 -1.65 19.63 10.72
2008 1 93.11 0.28 -9.67 -4.69 14.81 9.95
2008 2 67.89 3.04 -9.17 -3.06 21.74 12.22
2008 3 100.71 4.19 -6.64 -1.22 35.53 10.83
2008 4 88.28 12.67 0.31 6.49 73.54 12.36
2008 5 46.08 20.47 6.53 13.5 126.73 13.94
2008 6 117.05 24.02 11.69 17.85 145.35 12.33
2008 7 80.44 27.43 14.17 20.8 170.45 13.26
2008 8 254.46 25.85 12.91 19.38 150.3 12.95
2008 9 188.69 23.36 10.5 16.93 113.76 12.86
2008 10 96.61 16.54 3.51 10.02 72.26 13.03
2008 11 48.43 10.62 -0.96 4.83 37.45 11.58
2008 12 72.65 2.37 -6.97 -2.3 17.7 9.35
2009 1 96.76 1.42 -8.46 -3.52 16.09 9.88
2009 2 181.31 4.33 -6.51 -1.09 23.22 10.84
2009 3 170.92 4.96 -4.71 0.13 36.31 9.67
2009 4 164.92 13.62 0.89 7.25 76.97 12.73
2009 5 46.98 19.91 5.39 12.65 125.85 14.53
2009 6 119.43 22.79 9.24 16.01 144.53 13.55
2009 7 154.17 28.07 13.54 20.8 178.42 14.53
2009 8 234.56 27.11 15 21.05 151.88 12.11
2009 9 17.43 22.6 7.47 15.04 116.69 15.13
2009 10 42.18 17.08 2.43 9.76 75.89 14.65
2009 11 115.15 9.92 -1.17 4.38 35.93 11.1
2009 12 186.43 3.83 -6.54 -1.36 19.78 10.37
2010 1 74.6 0.64 -10.71 -5.03 15.42 11.35
2010 2 42.27 1.77 -10.35 -4.29 19.85 12.12
2010 3 157.33 6.29 -4.07 1.11 39.63 10.36
2010 4 87.92 14.53 -0.03 7.25 82.29 14.56
2010 5 33.16 19.19 3.43 11.31 125.31 15.76
2010 6 20.31 24.94 9.84 17.39 158.76 15.1
2010 7 98.94 27.76 14.81 21.28 170.51 12.94
2010 8 52.89 27.59 14 20.8 159.9 13.6
2010 9 86.49 23.07 9.41 16.24 114.91 13.65
2010 10 72.45 16.48 2.12 9.3 73.87 14.36
2010 11 77.95 8.69 -3.31 2.69 34.53 12
2010 12 56.66 3.55 -6.66 -1.55 19.4 10.21
2011 1 65.38 -0.57 -12.24 -6.4 13.96 11.68
2011 2 86.3 1.28 -11.15 -4.94 19.83 12.44
2011 3 112.98 6.04 -4.48 0.78 39.7 10.52
2011 4 81.09 13.91 0.32 7.12 79.76 13.59
2011 5 155.62 18.93 5.78 12.36 119.16 13.15
2011 6 47.3 26.72 11.91 19.32 166.14 14.81
2011 7 115.79 27.27 15.17 21.22 164.36 12.09
2011 8 118.6 25.91 11.38 18.64 155.44 14.53
2011 9 99.81 22.39 9 15.7 111.15 13.39
2011 10 125.99 17.24 4.74 10.99 72.44 12.5
2011 11 125.58 9.22 -1.99 3.62 34.48 11.21
2011 12 97.24 1.98 -7.67 -2.85 17.25 9.66
2012 1 47.87 -0.37 -11.77 -6.07 14.2 11.4
2012 2 45.65 0.92 -9.28 -4.18 18.36 10.2
2012 3 79.76 5.7 -4.76 0.47 38.46 10.45
2012 4 80.72 13.68 0.65 7.16 77.62 13.04
2012 5 55.01 19.44 4.32 11.88 125.15 15.12
2012 6 29.12 26.31 10.84 18.58 166.14 15.47
2012 7 74.78 27.38 13.35 20.37 173.33 14.03
2012 8 35.22 26.39 12.26 19.33 156.82 14.13
2012 9 61.69 23.67 8.9 16.28 119.68 14.77
2012 10 215.29 17.59 5.2 11.4 73.93 12.39
2012 11 215.3 10.63 -0.46 5.09 37.08 11.09
2012 12 161.83 3.33 -6.13 -1.4 18.84 9.45
2013 1 40.85 -0.02 -10.56 -5.29 14.56 10.54
2013 2 83.93 0.41 -10.18 -4.88 17.74 10.59
2013 3 110.06 6.03 -4.64 0.69 39.34 10.67
2013 4 122.72 12.84 -0.2 6.32 74.99 13.04
2013 5 209.9 17.97 5.2 11.59 113.9 12.77
2013 6 91.87 23.05 10.15 16.6 143.46 12.9
2013 7 92.3 27.63 13.28 20.45 175.73 14.35
2013 8 69.64 26 12.21 19.1 154 13.79
2013 9 80.73 22.65 8.96 15.81 113.61 13.69
2013 10 140.92 16.6 4.86 10.73 70.34 11.75
2013 11 69.02 9.36 -4.08 2.64 36.45 13.43
2013 12 268.53 3.52 -6.81 -1.64 19.41 10.34
2014 1 74.64 -0.9 -12.25 -6.57 13.56 11.35
2014 2 43.11 2.45 -9.16 -3.35 20.77 11.61
2014 3 101.9 4.88 -5.83 -0.47 36.94 10.72
2014 4 125.14 11.88 -0.5 5.69 71.18 12.38
2014 5 210.19 19.37 7.34 13.36 117.17 12.03
2014 6 106.85 23.93 11.4 17.66 145.73 12.53
2014 7 38.66 27.61 13.5 20.56 174.74 14.12
2014 8 45.1 27.65 13.24 20.45 163.16 14.42
2014 9 80.74 21.85 8.66 15.25 109.67 13.19
2014 10 142.92 16.28 3.59 9.93 71.07 12.69
2014 11 87.05 10.95 -1.42 4.77 38.61 12.37
2014 12 124.76 2.37 -6.99 -2.31 17.7 9.36
2015 1 77.94 0.08 -11.36 -5.64 14.74 11.44
2015 2 72.1 1.63 -9.22 -3.8 20.16 10.85
2015 3 117.15 6.23 -4.11 1.06 39.94 10.33
2015 4 80.47 12.91 -0.57 6.17 76.4 13.47
2015 5 38.07 22.61 6.63 14.62 141.23 15.98
2015 6 130.23 23.58 11.61 17.59 142.44 11.97
2015 7 109.54 27.66 14.07 20.87 172.64 13.59
2015 8 142.99 25.51 13.23 19.37 145.74 12.28
2015 9 107.22 22.41 10.47 16.44 107.27 11.94
2015 10 22.01 16.81 2.99 9.9 73.3 13.82
2015 11 67.97 8.83 -1.32 3.75 33 10.14
2015 12 108.68 3.45 -6.88 -1.72 19.19 10.34
2016 1 81.42 0.33 -10.95 -5.31 15.03 11.28
2016 2 65.51 1.16 -11.03 -4.93 18.96 12.19
2016 3 74.51 5.82 -4.97 0.42 38.97 10.79
2016 4 56.32 14.35 0.73 7.54 80.52 13.62
2016 5 57.06 21.6 6.48 14.04 134.29 15.13
2016 6 55.11 25.62 11.37 18.5 159.1 14.25
2016 7 121.63 27.59 15.07 21.33 167.91 12.52
2016 8 64.86 26.22 13.76 19.99 149.88 12.46
2016 9 191.62 22.67 10.2 16.43 110.45 12.47
2016 10 0.92 18.53 2.32 10.42 81.76 16.21
2016 11 115.81 7.96 -2.05 2.95 31.93 10
2016 12 162.85 1.64 -8.54 -3.45 17.1 10.18
2017 1 41.01 -1.15 -12.22 -6.68 13.25 11.07
2017 2 34.29 1.65 -10.25 -4.3 19.65 11.9
2017 3 199.82 5.95 -5.68 0.13 39.82 11.63
2017 4 110.69 14 0.39 7.19 79.39 13.61
2017 5 20.67 22.89 6.51 14.7 142.65 16.38
2017 6 58.13 25.65 11.34 18.5 159.45 14.31
2017 7 87.78 27.55 15.55 21.55 165.26 12
2017 8 52.97 26.25 11.39 18.82 158.58 14.86
2017 9 52.15 22.36 8.5 15.43 113.01 13.86
2017 10 97.66 17.36 4.81 11.08 73.61 12.55
2017 11 59.63 9.69 -0.98 4.35 35.2 10.67
2017 12 166 2.63 -7.31 -2.34 18.21 9.94
2018 1 72.57 1.44 -9.35 -3.95 16.3 10.79
2018 2 148.51 1.69 -9.16 -3.73 19.55 10.85
2018 3 108.83 5.35 -5.61 -0.13 38.11 10.97
2018 4 113.18 13.29 0.07 6.68 76.63 13.22
2018 5 190.61 17.39 6.29 11.84 107.06 11.09
2018 6 31.24 25.12 11.6 18.36 154.35 13.52
2018 7 63.33 28.7 14.86 21.78 178.55 13.84
2018 8 102.25 26.35 13.19 19.77 153.1 13.16
2018 9 69.52 21.95 8.26 15.11 111.24 13.69
2018 10 27.42 17.93 3.98 10.96 77.28 13.95
2018 11 150.83 10.33 -0.05 5.14 35.95 10.38
2018 12 135.98 2.06 -7.17 -2.55 17.3 9.23
2019 1 177.5 0.26 -10.6 -5.17 14.92 10.87
2019 2 86.06 2.54 -10.88 -4.17 21.82 13.42
2019 3 110.92 6.02 -5.2 0.41 40.18 11.22
2019 4 76.05 14.39 0.53 7.46 81.65 13.86
2019 5 127.78 19.77 5.47 12.62 125.37 14.3
2019 6 42.8 24.98 11.57 18.28 153.63 13.41
2019 7 149.09 27.55 13.87 20.71 172.51 13.68
2019 8 84.22 26.71 11.65 19.18 160.57 15.06
2019 9 70.81 21.7 7.75 14.73 110.18 13.96
2019 10 71.85 17.36 3.61 10.49 74.65 13.75
2019 11 80.05 9.27 -2.34 3.47 34.85 11.62
2019 12 76.35 1.74 -9.05 -3.66 17.24 10.79
2020 1 148.27 0.09 -9.61 -4.76 14.56 9.7
2020 2 92.6 -0.01 -10.79 -5.4 17.17 10.78
2020 3 84 5.33 -6.38 -0.53 38.49 11.71
2020 4 123.17 14.39 2.19 8.29 78.45 12.19
2020 5 59.99 20.07 5.75 12.91 126.02 14.32
2020 6 24.51 25.52 11.14 18.33 159.05 14.38
2020 7 38.81 27.71 13.48 20.6 175.62 14.23
2020 8 186.17 26.25 13.27 19.76 152.01 12.98
2020 9 51.32 24.15 9.56 16.86 120.93 14.59
2020 10 135.25 18.46 4.88 11.67 78.14 13.58
2020 11 136.67 9.13 -1.87 3.63 34.58 11
2020 12 82.92 2.21 -8.12 -2.95 17.83 10.34
2021 1 71.99 -0.78 -12.7 -6.74 13.68 11.92
2021 2 54.87 1.01 -11.52 -5.25 18.74 12.53
2021 3 157.54 5.22 -4.64 0.29 36.99 9.86
2021 4 175.22 13.79 1.25 7.52 77.21 12.54
2021 5 74.67 19.98 6.16 13.07 124.44 13.82
2021 6 44.48 24.16 11.72 17.94 146.39 12.44
2021 7 143.4 27.75 15.54 21.64 167.11 12.21
2021 8 156.11 25.73 11.89 18.81 153 13.84
2021 9 65.43 22.19 9.54 15.86 109.37 12.65
2021 10 108.54 17.11 4.17 10.64 73.61 12.94
2021 11 122.57 9.68 -1.56 4.06 35.66 11.25
2021 12 79 2.78 -7.55 -2.38 18.51 10.33
2022 1 57.72 0.71 -9.92 -4.61 15.42 10.63
2022 2 117.31 1.89 -9.76 -3.93 19.97 11.64
2022 3 142.42 7.92 -3.89 2.01 44.36 11.82
2022 4 63.89 12.92 0.3 6.61 74.67 12.62
2022 5 68.09 20.68 6.37 13.52 128.51 14.31
2022 6 29.82 24.57 10.73 17.65 153.14 13.84
2022 7 187.22 27.95 14.66 21.31 172.86 13.29
2022 8 117.26 26.6 12.1 19.35 158.96 14.5
2022 9 107.88 23.17 9.7 16.43 114.77 13.47
2022 10 49.16 15.73 2.62 9.18 70.28 13.11
2022 11 87.74 9.16 -1.69 3.74 34.51 10.85
2022 12 116.84 2.88 -6.81 -1.97 18.41 9.69
2023 1 110.85 1.52 -10.61 -4.55 16.54 12.12
2023 2 51.71 -0.03 -11.91 -5.97 17.83 11.89
2023 3 34.58 5.69 -6.51 -0.41 40 12.2
2023 4 35.78 14.29 -0.67 6.81 82.66 14.97
2023 5 98.53 19.23 4.94 12.09 123.12 14.29
2023 6 82.54 24.04 11.61 17.82 146.04 12.42
2023 7 214.45 26.68 13.07 19.88 168.35 13.61
2023 8 140.89 26.11 12.37 19.24 153.68 13.75
2023 9 72.66 22.98 8.49 15.73 115.73 14.49
2023 10 38.59 16.95 2.56 9.75 74.4 14.39
2023 11 134.95 8.49 -1.59 3.45 32.44 10.08
2023 12 68.42 2.52 -9.58 -3.53 18.42 12.1
2024 1 172.58 -0.61 -11 -5.81 13.85 10.39
2024 2 64.88 3.06 -9.68 -3.31 21.82 12.74
2024 3 111.32 6.48 -5.43 0.53 41.19 11.91
2024 4 59.99 13.22 -0.2 6.51 76.67 13.42
2024 5 103.84 19.79 6.64 13.22 121.99 13.15
2024 6 174.51 21.94 10.53 16.23 133.5 11.41
2024 7 75.96 26.52 13.12 19.82 166.97 13.4
2024 8 87.28 26.45 13.9 20.18 151.17 12.55
2024 9 43.38 23.1 8.12 15.61 118.1 14.97
2024 10 324.5 17.08 4.2 10.64 73.43 12.88
2024 11 137.49 9.95 -0.6 4.68 35.52 10.55
2024 12 34.72 0.45 -10.99 -5.27 15.83 11.44
2025 1 70.13 1.77 -8.92 -3.58 16.67 10.69
2025 2 78.23 -0.54 -12.54 -6.54 16.47 12.01
2025 3 70.53 6.25 -5.17 0.54 40.35 11.41
2025 4 55.23 13.47 0.34 6.9 77.1 13.14
2025 5 34.69 20.48 5.75 13.11 128.65 14.73
2025 6 118.19 25.34 11.01 18.17 158.07 14.32
2025 7 33.27 26.53 12.71 19.62 168.68 13.82
2025 8 94.89 27.05 13.02 20.03 159.21 14.03
2025 9 113.65 23.27 9.11 16.19 116.84 14.16
2025 10 68.94 16.73 3 9.86 73.73 13.72
2025 11 61.59 8.34 -1.96 3.19 32.77 10.3
2025 12 185.72 3.37 -5.72 -1.17 18.73 9.09
2026 1 81.5 -0.43 -11.5 -5.96 14.12 11.07
2026 2 42.92 0.76 -13.13 -6.18 18.27 13.89
2026 3 94.17 6.39 -5.51 0.44 40.98 11.9
2026 4 52.27 14.68 1.51 8.09 80.9 13.17
2026 5 64.58 19.94 5.96 12.95 124.7 13.98
2026 6 80.41 26.04 12.43 19.23 158.62 13.61
2026 7 104.87 27.29 14.3 20.79 168.63 12.99
2026 8 74.9 25.78 13.75 19.76 146.38 12.03
2026 9 90.78 23.3 9.96 16.63 114.87 13.34
2026 10 97.98 18.52 3.41 10.96 80.44 15.11
2026 11 52.19 9.48 -2.51 3.49 35.85 11.98
2026 12 92.95 2.5 -7.3 -2.4 18.01 9.8
2027 1 142.93 3.57 -7.42 -1.93 18.86 10.99
2027 2 49.96 1.18 -9.74 -4.28 19.53 10.93
2027 3 96.04 6.81 -4.86 0.98 42.25 11.67
2027 4 83.35 16.07 2 9.03 87.4 14.07
2027 5 48.84 20.42 4.98 12.7 130.62 15.44
2027 6 160.92 24.44 11.69 18.06 148.96 12.75
2027 7 94.96 27.82 14.41 21.12 172.62 13.41
2027 8 28.89 28.13 13.92 21.02 163.78 14.21
2027 9 94.08 23.2 9.55 16.38 114.45 13.64
2027 10 95.62 16.52 2.57 9.55 72.7 13.95
2027 11 98.61 9.65 -1.93 3.86 35.44 11.58
2027 12 57.67 1.7 -8.09 -3.2 16.96 9.79
2028 1 51.1 -0.04 -10.8 -5.42 14.55 10.76
2028 2 40.65 0.43 -10.7 -5.14 17.82 11.12
2028 3 99.42 6.01 -6.16 -0.08 40.27 12.18
2028 4 26.18 14.27 0.69 7.48 80.23 13.58
2028 5 27.91 21.73 5.34 13.53 137.57 16.39
2028 6 21.68 23.41 8.41 15.91 151.59 15
2028 7 82.94 27.43 14.29 20.86 169.9 13.14
2028 8 238.64 28.02 15.11 21.56 158.89 12.91
2028 9 103.77 22.6 9.66 16.13 111.51 12.94
2028 10 98.81 16.97 4.21 10.59 72.95 12.76
2028 11 57.33 8.96 -1.93 3.51 34.22 10.89
2028 12 127.28 1.99 -8.28 -3.15 17.54 10.27
2029 1 81.9 0.46 -10.29 -4.92 15.14 10.75
2029 2 104.21 2.24 -8.83 -3.29 20.37 11.07
2029 3 134.14 4.99 -5.25 -0.13 36.84 10.25
2029 4 141.88 13.87 0.31 7.09 78.92 13.56
2029 5 65.37 19.95 5.96 12.96 124.74 13.99
2029 6 15.88 24.97 11.03 18 155.21 13.94
2029 7 70.4 27.93 14.72 21.33 172.42 13.21
2029 8 25.84 26.96 12.25 19.61 161.21 14.71
2029 9 116.41 23.53 9.83 16.68 116.56 13.69
2029 10 38.91 18.45 3.24 10.84 80.36 15.21
2029 11 179.49 11.14 -0.02 5.56 37.97 11.16
2029 12 72.61 1.06 -8.69 -3.81 16.32 9.75
2030 1 157.11 2.76 -9.1 -3.17 18.05 11.85
2030 2 55.7 2.68 -10.02 -3.67 21.25 12.7
2030 3 24.29 4.99 -6.31 -0.66 37.51 11.29
2030 4 36.02 14.85 0.52 7.69 83.09 14.34
2030 5 109.34 20.46 6.48 13.47 126.8 13.98
2030 6 114.72 24.43 10.91 17.67 151.46 13.52
2030 7 65.22 27.98 13.75 20.87 176.86 14.23
2030 8 90.82 25.92 12.82 19.37 151.13 13.1
2030 9 70.71 23.89 8.99 16.44 120.77 14.91
2030 10 216.13 17.57 3.39 10.48 76.6 14.18
2030 11 117.67 8.74 -1.26 3.74 33.14 10
2030 12 88.93 2.1 -7.74 -2.82 17.56 9.84
2031 1 118.39 1.15 -10.83 -4.84 16.07 11.97
2031 2 76.78 0.22 -10.94 -5.36 18.17 11.16
2031 3 39.25 3.31 -7.35 -2.02 33.95 10.66
2031 4 103.94 12.78 0.16 6.47 74.88 12.63
2031 5 89.79 19.68 5.19 12.43 125.4 14.49
2031 6 77.79 25.52 12.42 18.97 154.84 13.11
2031 7 50.12 27.43 13.94 20.69 171.23 13.49
2031 8 238.28 25.7 15.31 20.5 138.18 10.39
2031 9 28.66 23.48 8.21 15.85 119.24 15.27
2031 10 130.77 16.98 3.3 10.14 73.55 13.68
2031 11 106.04 9.38 -2.26 3.56 35.03 11.64
2031 12 131.43 3.55 -5.45 -0.95 18.75 9
2032 1 31.02 1.67 -9.13 -3.73 16.57 10.79
2032 2 24.67 1.3 -10.08 -4.39 19.09 11.38
2032 3 39.79 6.34 -5.45 0.45 40.79 11.79
2032 4 165.91 11.83 0.19 6.01 69.95 11.64
2032 5 121.02 19.19 4.79 11.99 122.6 14.4
2032 6 60.7 23.85 10.82 17.34 147.24 13.03
2032 7 121.68 27.38 14.22 20.8 169.82 13.16
2032 8 65.39 26.85 12.86 19.85 158.23 13.99
2032 9 42.54 24.54 8.85 16.7 124.83 15.69
2032 10 149.8 16.32 3.45 9.88 71.45 12.87
2032 11 79.41 10.09 -1.19 4.45 36.36 11.29
2032 12 134.8 1.91 -8.21 -3.15 17.41 10.12
2033 1 89.65 0.71 -10.56 -4.93 15.49 11.27
2033 2 61.98 2 -9.58 -3.79 20.11 11.57
2033 3 159.49 7.05 -4.3 1.37 42.05 11.34
2033 4 68.76 12.08 -1.29 5.4 73.04 13.37
2033 5 76.86 20.78 5.03 12.9 132.12 15.75
2033 6 69.55 25.93 11.73 18.83 160.31 14.21
2033 7 169.11 27.29 14.38 20.83 168.3 12.91
2033 8 102.53 26.42 12.2 19.31 157.2 14.22
2033 9 106.6 22.59 8.56 15.58 114.17 14.02
2033 10 49.41 18.76 4.38 11.57 80.12 14.38
2033 11 65.47 9.71 -2.84 3.44 36.58 12.54
2033 12 72.24 2.63 -6.66 -2.02 17.97 9.29
2034 1 20 -0.42 -11.08 -5.75 14.1 10.66
2034 2 42.27 0.6 -11.13 -5.27 18.11 11.72
2034 3 106.75 5.05 -4.76 0.15 36.6 9.81
2034 4 77.64 14.03 1.32 7.68 78.23 12.72
2034 5 99.08 18.35 5.65 12 115.19 12.7
2034 6 95.97 26.11 12.38 19.24 159.37 13.73
2034 7 82 27.23 13.64 20.44 170.93 13.59
2034 8 89.78 25.85 12.86 19.36 150.46 12.99
2034 9 96.08 22.13 8.76 15.45 111.02 13.36
2034 10 96.36 17.2 2.58 9.89 76.17 14.62
2034 11 30.39 10.08 -1.53 4.28 36.58 11.61
2034 12 134.92 3.88 -5.83 -0.97 19.59 9.71
2035 1 91.64 1.92 -8.86 -3.47 16.86 10.78
2035 2 45.81 0.93 -10.55 -4.81 19.24 11.48
2035 3 127.28 4.54 -5.78 -0.62 36.37 10.33
2035 4 43.34 12.25 -0.13 6.06 72.91 12.39
2035 5 83.71 20.11 6.24 13.18 125.72 13.87
2035 6 133.32 24.73 11.53 18.13 151.81 13.2
2035 7 65.8 26.79 13.49 20.14 167.63 13.3
2035 8 100.41 26.25 11.88 19.06 156.4 14.37
2035 9 62.61 21.99 7.98 14.99 111.3 14.02
2035 10 126.01 16.44 3.32 9.88 71.35 13.12
2035 11 164.41 11.67 -0.18 5.75 38.97 11.85
2035 12 71.18 2.4 -6.95 -2.28 17.61 9.35
2036 1 97.42 1.72 -10.51 -4.39 16.8 12.23
2036 2 94.83 1.52 -10.71 -4.6 19.49 12.23
2036 3 122.97 4.54 -6.57 -1.02 36.43 11.11
2036 4 199.39 14.68 1.9 8.29 80.31 12.78
2036 5 163.95 19.34 4.98 12.16 123.14 14.36
2036 6 130.31 24.37 11.08 17.73 150.36 13.29
2036 7 170.07 27.39 14.02 20.7 170.73 13.37
2036 8 176.65 26.25 13.93 20.09 149.4 12.32
2036 9 67.55 24.07 9.74 16.9 120 14.33
2036 10 141.59 16.36 3.72 10.04 71.21 12.64
2036 11 55.93 9.09 -2.28 3.4 34.77 11.37
2036 12 72.66 1.77 -8.25 -3.24 17.22 10.03
2037 1 61.71 1.19 -9.29 -4.05 15.95 10.48
2037 2 136.2 2.7 -8.08 -2.69 20.93 10.78
2037 3 79.54 5.89 -5.23 0.33 39.38 11.13
2037 4 57.32 14.85 1.33 8.09 81.96 13.51
2037 5 154 19.8 6.81 13.3 121.59 13
2037 6 41.68 25.39 11.7 18.54 156.19 13.7
2037 7 71.75 26.99 13.77 20.38 168.32 13.22
2037 8 156 26.38 13.46 19.92 152.33 12.92
2037 9 16.59 22.46 7 14.73 116.83 15.46
2037 10 114.54 17.73 4.23 10.98 76.09 13.5
2037 11 106.39 8.72 -1.69 3.52 33.46 10.41
2037 12 135.44 3.92 -6.36 -1.22 19.85 10.27
2038 1 39.48 -0.04 -12.08 -6.06 14.6 12.04
2038 2 80.39 0.78 -10.28 -4.75 18.32 11.06
2038 3 118.61 4.92 -5.19 -0.13 36.57 10.1
2038 4 101.15 14.2 1.71 7.95 78.37 12.49
2038 5 19 19.47 4.4 11.94 125.2 15.07
2038 6 84.74 24.46 10.57 17.52 152.86 13.9
2038 7 57.52 27.08 13.67 20.37 169.49 13.41
2038 8 132.49 26.88 14.26 20.57 153.12 12.62
2038 9 189.01 22.89 10.74 16.82 110.25 12.15
2038 10 67.86 17.19 3.06 10.13 75.52 14.13
2038 11 122.93 9.2 -2.16 3.52 34.95 11.36
2038 12 141.25 2.12 -8.55 -3.22 17.79 10.67
2039 1 151.08 1.22 -9.72 -4.25 16.06 10.94
2039 2 52.6 2.22 -9.39 -3.59 21.17 11.62
2039 3 73.85 3.43 -8.17 -2.37 34.62 11.61
2039 4 96.24 12.43 0.72 6.57 72.42 11.71
2039 5 106.67 19.76 6.58 13.17 122.53 13.18
2039 6 124.2 24.49 11.26 17.87 150.93 13.23
2039 7 200.2 26.86 14.65 20.76 163.2 12.21
2039 8 66.95 26.77 12.33 19.55 158.81 14.44
2039 9 77.63 21.95 8.98 15.46 108.65 12.97
2039 10 104.93 17.25 3.79 10.52 73.95 13.46
2039 11 133.12 8.71 -2.05 3.33 33.32 10.76
2039 12 67.97 0.1 -10.05 -4.97 15.17 10.15
2040 1 66.33 0.86 -10.07 -4.6 15.64 10.94
2040 2 29.61 -0.14 -12.71 -6.43 17.01 12.57
2040 3 47.11 4.76 -6.23 -0.73 36.85 10.99
2040 4 99.39 13.85 0.54 7.19 78.5 13.31
2040 5 129.98 17.42 5.6 11.51 109.3 11.82
2040 6 134.92 24.61 11.02 17.81 152.48 13.6
2040 7 97.79 27.31 14.03 20.67 170 13.28
2040 8 55.48 26.9 12.8 19.85 158.85 14.1
2040 9 242.85 21.41 9.75 15.58 104.1 11.66
2040 10 98.89 17.97 2.97 10.47 78.78 15
2040 11 125.49 9.87 -0.84 4.52 35.53 10.71
2040 12 117.09 2.08 -8.21 -3.06 17.66 10.29
2041 1 64.16 0.58 -10.77 -5.09 15.34 11.35
2041 2 54.07 1.26 -9.82 -4.28 18.99 11.08
2041 3 114.2 6.89 -4.78 1.06 41.96 11.67
2041 4 182.49 12.77 0.5 6.64 73.7 12.27
2041 5 76.88 19.31 6.16 12.73 120.11 13.16
2041 6 38.74 25.88 11.35 18.62 161.2 14.53
2041 7 114.01 28.08 14.31 21.2 175.43 13.77
2041 8 159.7 27.03 13.28 20.16 158.14 13.75
2041 9 129.97 22.26 8.8 15.53 111.71 13.46
2041 10 47.93 17.53 2.53 10.03 77.55 15
2041 11 82.38 10.51 -1.61 4.45 37.67 12.12
2041 12 103.7 2.75 -7.61 -2.43 18.48 10.36
2042 1 80.49 -0.16 -10.64 -5.4 14.39 10.49
2042 2 86.37 1.21 -11.19 -4.99 19.04 12.41
2042 3 48.78 3.91 -6.49 -1.29 34.68 10.4
2042 4 84.34 13.62 0.67 7.14 77.28 12.95
2042 5 71.22 19.04 5.54 12.29 119.89 13.5
2042 6 210.24 25.33 13.51 19.42 148.62 11.83
2042 7 90.67 27.86 13.83 20.85 175.54 14.03
2042 8 28.51 26.64 12.46 19.55 158.06 14.18
2042 9 115.32 22.71 8.37 15.54 115.34 14.35
2042 10 42.97 16.94 2.82 9.88 74.8 14.11
2042 11 148.71 9.7 -0.39 4.65 34.7 10.09
2042 12 135.7 1.24 -8.59 -3.68 16.54 9.83
2043 1 101.24 -1.7 -12.65 -7.17 12.6 10.94
2043 2 176.03 0.42 -8.6 -4.09 17.99 9.02
2043 3 100.11 5.33 -5.58 -0.13 38.46 10.92
2043 4 88.34 12.41 0.86 6.64 72.13 11.55
2043 5 143.39 19.09 6.43 12.76 118.5 12.66
2043 6 83.39 24.09 10.6 17.34 150.09 13.49
2043 7 54.7 27.52 13.55 20.53 173.52 13.97
2043 8 194.4 27.82 14.52 21.17 159.02 13.3
2043 9 37.23 21.51 6.95 14.23 110.83 14.56
2043 10 28.17 16.57 1.95 9.26 73.66 14.62
2043 11 81.79 10.99 -0.72 5.13 37.73 11.71
2043 12 70.8 1.88 -7.75 -2.94 17.12 9.64
2044 1 151.23 0.6 -8.15 -3.77 14.88 8.76
2044 2 95.65 3.12 -8.81 -2.84 21.81 11.94
2044 3 92.23 5.47 -4.57 0.45 37.66 10.04
2044 4 144.26 12.39 0.05 6.22 72.68 12.34
2044 5 131 19.44 6.03 12.73 121.25 13.41
2044 6 229.97 24.32 11.96 18.14 146.71 12.36
2044 7 163.25 27.64 14 20.82 172.97 13.65
2044 8 106.75 26.75 12.43 19.59 159.01 14.33
2044 9 131.29 21.97 9.07 15.52 109.33 12.9
2044 10 133.99 17.37 4.28 10.83 74.51 13.09
2044 11 80.22 7.35 -3.48 1.94 31.6 10.83
2044 12 27.98 2.26 -8.09 -2.92 17.89 10.35
2045 1 225.01 1.7 -9.34 -3.82 16.65 11.04
2045 2 131.99 1.24 -9.32 -4.04 18.87 10.56
2045 3 86.52 5.3 -5.82 -0.27 38.08 11.12
2045 4 75.91 13.9 0.99 7.45 78.12 12.91
2045 5 52.82 19.55 4.85 12.2 124.73 14.7
2045 6 50.33 24.57 12.59 18.58 146.22 11.98
2045 7 106.32 27.79 15.24 21.52 168.88 12.55
2045 8 76.44 27.67 13.27 20.47 163.12 14.39
2045 9 87.21 21.92 8.5 15.21 110.45 13.42
2045 10 90.3 15.62 1.56 8.59 71.18 14.06
2045 11 89.59 9.21 -1.71 3.75 34.65 10.92
2045 12 99.58 1.77 -8.99 -3.61 17.38 10.75
2046 1 44.06 0.26 -11.04 -5.39 14.95 11.3
2046 2 72.82 0.43 -11.86 -5.72 17.87 12.29
2046 3 78.78 5.36 -4.8 0.28 37.53 10.16
2046 4 77.34 14.12 1.13 7.63 78.91 12.99
2046 5 94.48 19.93 4.62 12.27 127.63 15.31
2046 6 119.67 24.25 10.97 17.61 149.82 13.28
2046 7 164.66 27.12 13.57 20.34 170.26 13.55
2046 8 15.41 26.55 11.59 19.07 160.19 14.95
2046 9 73.35 22.95 8.61 15.78 116.14 14.34
2046 10 210.18 17.09 3.35 10.22 74.72 13.74
2046 11 179.2 9.75 -0.75 4.5 35.16 10.5
2046 12 166.21 2.16 -6.98 -2.41 17.38 9.13
2047 1 131.03 -0.11 -9.94 -5.02 14.35 9.83
2047 2 61.77 0.56 -10.85 -5.15 18.68 11.41
2047 3 98.69 5.1 -6.66 -0.78 38.46 11.77
2047 4 61.26 14.88 1.83 8.36 82.05 13.05
2047 5 72.91 19.34 5.25 12.3 123.07 14.08
2047 6 116.69 23.81 10.12 16.96 149.61 13.69
2047 7 72.36 27.27 13.48 20.38 171.73 13.79
2047 8 126.45 27.13 13.49 20.31 157.51 13.64
2047 9 90.3 23.45 9.88 16.66 115.12 13.57
2047 10 59.04 19.09 4.48 11.79 80.51 14.62
2047 11 167.04 10.27 -1.28 4.49 36.42 11.55
2047 12 92.06 1.26 -8.9 -3.82 16.53 10.16
2048 1 107.53 0.87 -9.33 -4.23 15.53 10.2
2048 2 74.72 2.22 -9.9 -3.84 20.51 12.12
2048 3 83.15 6.16 -4.54 0.81 39.64 10.7
2048 4 112.26 15.32 2.01 8.67 83.16 13.32
2048 5 89.88 18.9 5.94 12.42 117.95 12.96
2048 6 87.09 25.39 12.21 18.8 154.26 13.18
2048 7 72.02 27.06 13.67 20.37 169.36 13.39
2048 8 30.56 26.19 11.4 18.79 158.08 14.78
2048 9 86.62 22.71 8.85 15.78 114.2 13.86
2048 10 99.43 15.58 2.41 8.99 69.95 13.17
2048 11 81.87 9.98 -1.03 4.47 35.95 11.01
2048 12 86.7 2.06 -7.65 -2.8 17.46 9.71
2049 1 223.27 3.15 -7.19 -2.02 18.18 10.34
2049 2 113.59 1.6 -11.11 -4.75 19.63 12.71
2049 3 65.57 5.43 -5.31 0.06 38.12 10.74
2049 4 124.64 15.59 2.9 9.24 82.94 12.69
2049 5 75.69 20.14 5.14 12.64 127.85 15
2049 6 36.71 25.01 10.33 17.67 157.79 14.68
2049 7 26.01 27.73 12.88 20.31 178.05 14.85
2049 8 67.79 27.31 13.1 20.21 160.97 14.21
2049 9 113.66 21.85 7.31 14.58 112.78 14.54
2049 10 33.09 16.83 2.48 9.65 74.81 14.35
2049 11 138.91 11.15 -0.52 5.31 38.4 11.67
2049 12 54.07 1.61 -8.01 -3.2 16.91 9.62
2050 1 45.3 -0.28 -11.88 -6.08 14.3 11.59
2050 2 56.09 0.19 -11.08 -5.44 17.5 11.27
2050 3 116.65 4.12 -7.49 -1.68 35.75 11.61
2050 4 34.29 14.68 0.57 7.63 82.25 14.11
2050 5 93.87 21.35 5.96 13.66 133.83 15.39
2050 6 50.16 25.39 12.29 18.84 154 13.1
2050 7 111.74 26.82 13.36 20.09 168.57 13.46
2050 8 154.82 25.39 12.85 19.12 146.9 12.54
2050 9 205.3 22.87 10.89 16.88 109.65 11.98
2050 10 60.52 18.07 4.47 11.27 77.12 13.6
2050 11 110.26 10.33 -1.28 4.52 37 11.61
2050 12 66.87 1.45 -8.33 -3.44 16.78 9.78
2051 1 87.51 0.37 -10.27 -4.95 15.03 10.65
2051 2 45.46 0.61 -11.71 -5.55 18.8 12.33
2051 3 65.7 4.21 -5.62 -0.71 35.31 9.83
2051 4 84.08 14.98 0.73 7.85 84.08 14.25
2051 5 144.92 17.78 4.74 11.26 114.37 13.04
2051 6 59.67 24.62 10.97 17.8 152.97 13.65
2051 7 78.64 27.44 13.9 20.67 171.42 13.53
2051 8 66.05 25.48 12.59 19.04 148.01 12.89
2051 9 112.01 20.93 8.59 14.76 103.68 12.33
2051 10 126.15 15.29 3.78 9.53 66 11.51
2051 11 215.84 8.01 -1.88 3.07 31.55 9.89
2051 12 75.56 2.56 -7.79 -2.61 18.13 10.35
2052 1 65.68 -1.27 -11.82 -6.55 13.1 10.55
2052 2 51.74 2.67 -8.7 -3.02 21.04 11.37
2052 3 137.09 5.51 -5.54 -0.01 38.5 11.05
2052 4 204.83 12.05 0.2 6.12 70.92 11.85
2052 5 112.09 19.89 6.38 13.14 123.28 13.5
2052 6 126.11 24.63 11.63 18.13 150.44 13
2052 7 91.21 28.21 15.03 21.62 173.56 13.19
2052 8 117.87 26.22 13.79 20 149.72 12.43
2052 9 150.47 22.88 9.09 15.99 114.57 13.78
2052 10 112.5 17.52 2.58 10.05 77.45 14.94
2052 11 59.57 7.53 -2.19 2.67 31.04 9.72
2052 12 73.91 1.86 -8.18 -3.16 17.33 10.04
2053 1 99.22 -1.02 -12.19 -6.61 13.41 11.17
2053 2 47.35 -0.27 -11.7 -5.98 16.86 11.43
2053 3 133.94 7.1 -3.83 1.64 41.85 10.93
2053 4 22.27 13.62 0.07 6.85 78.12 13.55
2053 5 68.3 19.48 4.6 12.04 124.81 14.88
2053 6 146.74 24.34 11.26 17.8 149.5 13.08
2053 7 106.18 27.04 13.82 20.43 168.54 13.22
2053 8 72.31 25.63 13.8 19.71 144.93 11.82
2053 9 74.19 22.65 8.17 15.41 115.47 14.48
2053 10 127.84 17.33 2.8 10.07 76.41 14.53
2053 11 61.99 10.64 -1.51 4.56 37.93 12.16
2053 12 83.14 0.8 -9.29 -4.24 16.09 10.1
2054 1 34.78 -0.21 -11.07 -5.64 14.36 10.86
2054 2 70.41 0.68 -10.26 -4.79 18.16 10.95
2054 3 37.93 6.47 -5.56 0.46 41.23 12.02
2054 4 108.01 13.3 0.05 6.67 76.7 13.25
2054 5 46.15 20.16 5.82 12.99 126.43 14.33
2054 6 102.69 24.28 10.78 17.53 150.71 13.5
2054 7 63.35 27.31 14.87 21.09 166.29 12.44
2054 8 43.47 26.71 13.13 19.92 156.19 13.58
2054 9 42.65 22.24 6.63 14.43 116.32 15.6
2054 10 24.41 17.32 3.88 10.6 74.89 13.43
2054 11 86.27 9.61 -0.75 4.43 34.79 10.35
2054 12 133.7 2.73 -7.05 -2.16 18.28 9.78
2055 1 59.68 -0.16 -10.41 -5.28 14.36 10.24
2055 2 74.8 0.77 -9.9 -4.57 18.89 10.66
2055 3 76.98 5.68 -5.66 0.01 39.5 11.34
2055 4 121.68 12.71 -0.39 6.16 75.29 13.1
2055 5 184.53 19.37 6.16 12.77 121.02 13.2
2055 6 161.03 23.56 12.15 17.86 140.11 11.41
2055 7 50.22 27.69 14.13 20.91 172.63 13.56
2055 8 39.46 26.73 12.42 19.58 158.24 14.31
2055 9 39.88 23.72 9.32 16.52 118.11 14.4
2055 10 154.93 16.23 3.56 9.89 70.16 12.67
2055 11 171.97 10.21 -1.11 4.55 36.15 11.32
2055 12 53.71 2.37 -6.59 -2.11 17.44 8.96
2056 1 63.38 -0.14 -11.04 -5.59 14.45 10.91
2056 2 99.06 0.76 -9.67 -4.45 18.19 10.43
2056 3 57.13 5.36 -6.31 -0.48 38.55 11.68
2056 4 60.32 15.22 0.26 7.74 85.06 14.96
2056 5 46.77 20.58 5.47 13.03 129.97 15.11
2056 6 40.66 25.39 11.06 18.23 158.29 14.32
2056 7 66.68 26.76 13.83 20.3 166.06 12.92
2056 8 73.18 26.78 13.48 20.13 155.39 13.3
2056 9 147.66 21.61 9.22 15.41 106.78 12.39
2056 10 89.18 16.89 3.4 10.14 73.86 13.5
2056 11 24.48 8.43 -3.52 2.46 34.06 11.95
2056 12 181.97 1.44 -8.39 -3.48 16.78 9.83
2057 1 41.39 0.02 -12.57 -6.28 14.65 12.59
2057 2 66.78 1.62 -9.66 -4.02 19.53 11.28
2057 3 93.84 5.02 -6.02 -0.5 37.44 11.04
2057 4 64.68 12.72 0.9 6.81 72.83 11.81
2057 5 128.4 21.64 6.79 14.21 133.79 14.85
2057 6 61.28 27.25 12.66 19.95 167.46 14.59
2057 7 116.58 27 14.35 20.67 165.89 12.65
2057 8 116.88 26.53 12.74 19.63 156.19 13.79
2057 9 152.96 22.2 11.26 16.73 104.36 10.94
2057 10 270.23 16.39 4.1 10.25 70.74 12.29
2057 11 112.94 9.98 -1.7 4.14 36.47 11.68
2057 12 54.86 1.85 -7.89 -3.02 17.23 9.74
2058 1 133.54 1.35 -9.41 -4.03 16.19 10.76
2058 2 77.88 0.78 -10.52 -4.87 18.34 11.31
2058 3 112.99 6.06 -4.78 0.64 39.54 10.85
2058 4 51.65 14.07 0.94 7.5 78.95 13.13
2058 5 117.98 19.16 5.43 12.29 120.92 13.73
2058 6 95.22 24.97 11.49 18.23 153.58 13.48
2058 7 79.92 26.56 14.32 20.44 162.28 12.25
2058 8 57.97 27.13 13.21 20.17 159.18 13.92
2058 9 43.2 22.1 8.25 15.18 112.11 13.85
2058 10 60.09 16.8 3.84 10.32 72.82 12.96
2058 11 60.77 8.36 -3.22 2.57 33.72 11.58
2058 12 13.57 0.76 -10.2 -4.72 16.18 10.97
2059 1 146.14 2.15 -9.21 -3.53 17.24 11.36
2059 2 214.55 2.2 -8.04 -2.92 20.82 10.25
2059 3 94.97 6.39 -5.67 0.36 41.56 12.07
2059 4 121.34 14.28 0.35 7.32 81.39 13.93
2059 5 181.12 18.7 5.4 12.05 118.62 13.3
2059 6 64.8 25.28 12.01 18.65 154.43 13.27
2059 7 94.97 26.98 13.95 20.46 167.3 13.03
2059 8 58.61 27.61 13.05 20.33 162.83 14.56
2059 9 64.66 21.18 8.02 14.6 106.58 13.16
2059 10 85.21 16.26 3.26 9.76 70.74 13
2059 11 95.27 8.86 -2.67 3.1 34.1 11.52
2059 12 119.81 0.61 -9.45 -4.42 15.75 10.06
2060 1 136.8 -0.25 -11.48 -5.87 14.33 11.22
2060 2 99.08 1.36 -9.49 -4.07 19.09 10.84
2060 3 131.27 5.83 -4.56 0.63 38.7 10.39
2060 4 94.01 13.33 0.55 6.94 76.15 12.78
2060 5 174.53 20.66 6.63 13.64 127.74 14.03
2060 6 87.71 25.19 11.41 18.3 155.63 13.78
2060 7 110.98 27.48 13.53 20.51 173.52 13.96
2060 8 21.71 27.19 12.16 19.67 163.21 15.03
2060 9 57.8 23.51 8.93 16.22 118.7 14.59
2060 10 50.85 17.51 3.27 10.39 76.54 14.24
2060 11 62.22 9.03 -2.17 3.43 34.56 11.2
2060 12 72.29 3.81 -6.37 -1.28 19.69 10.18
2061 1 81.35 0.31 -9.77 -4.73 14.87 10.08
2061 2 50.98 1.45 -10.16 -4.35 19.33 11.61
2061 3 80.17 5.38 -6.06 -0.34 38.46 11.44
2061 4 113.28 13.66 -0.22 6.72 78.67 13.89
2061 5 85.51 19.93 4.95 12.44 126.92 14.98
2061 6 60.8 25 10.55 17.77 156.99 14.45
2061 7 136.55 26.64 14.51 20.58 162.02 12.12
2061 8 76.21 26.93 13 19.97 158.36 13.93
2061 9 180.03 22.51 10.02 16.26 110 12.49
2061 10 28.67 18.92 3.85 11.39 81.52 15.07
2061 11 59.52 10.5 -1.38 4.56 37.48 11.88
2061 12 147.62 2.13 -7.56 -2.72 17.54 9.69
2062 1 198.02 2.61 -6.41 -1.9 17.12 9.02
2062 2 42.42 1.39 -10.89 -4.75 19.3 12.28
2062 3 104.97 6.51 -5.22 0.65 41.15 11.73
2062 4 120.34 15.38 1.14 8.26 84.67 14.24
2062 5 125.82 19.9 5.9 12.9 124.57 14
2062 6 62.69 24.43 11.4 17.92 149.68 13.03
2062 7 73.45 27.39 12.6 20 176.26 14.79
2062 8 74.55 27.15 13.59 20.37 157.96 13.56
2062 9 39.73 23.69 10.29 16.99 116.32 13.4
2062 10 26.36 17.87 3.62 10.75 77.52 14.25
2062 11 52.43 9.37 -2.75 3.31 35.74 12.11
2062 12 111.28 2.62 -6.63 -2.01 17.94 9.25
2063 1 77.65 0.1 -9.76 -4.83 14.6 9.86
2063 2 81.66 1.9 -9.03 -3.57 20.57 10.94
2063 3 111.41 6.9 -4.73 1.08 42.41 11.63
2063 4 77.19 13.39 1.85 7.62 74.99 11.54
2063 5 74.81 20.35 6.6 13.47 126.39 13.76
2063 6 50.2 25.64 11.92 18.78 157.62 13.72
2063 7 26.48 27.1 13.6 20.35 169.76 13.5
2063 8 125.16 25.8 13.27 19.54 147.92 12.53
2063 9 184.72 23 10.87 16.93 109.69 12.13
2063 10 272.11 17.26 5.23 11.24 71.7 12.03
2063 11 55.77 9.62 -2.2 3.71 35.55 11.82
2063 12 167.28 1.75 -7.98 -3.12 16.99 9.72
2064 1 48.55 -0.23 -12.18 -6.2 14.36 11.94
2064 2 80.82 3.07 -7.52 -2.23 21.39 10.59
2064 3 74.08 6.27 -4.8 0.74 40.16 11.07
2064 4 50.75 14.37 0.11 7.24 81.42 14.26
2064 5 91.76 18.59 6.31 12.45 114.93 12.27
2064 6 60.15 24.6 11.54 18.07 150.51 13.06
2064 7 50.35 28.38 14.35 21.36 177.89 14.03
2064 8 53.83 26.92 12.61 19.77 159.69 14.31
2064 9 141.36 23.44 10.93 17.19 113.07 12.52
2064 10 94.03 16.24 4.71 10.48 69.08 11.53
2064 11 149.83 9.62 -0.3 4.66 34.4 9.91
2064 12 231.77 1.82 -7.83 -3 17.17 9.65
2065 1 54.06 -0.12 -10.58 -5.35 14.44 10.46
2065 2 163.4 1.73 -8.63 -3.45 19.48 10.35
2065 3 133.53 5.61 -4.89 0.36 38.31 10.5
2065 4 138.58 12.48 0.26 6.37 72.74 12.21
2065 5 45.43 21.33 4.26 12.8 137.09 17.07
2065 6 179.04 21.95 10.57 16.26 133.44 11.38
2065 7 143.75 27.01 14.23 20.62 166.54 12.78
2065 8 46.62 24.71 12.01 18.36 144.82 12.7
2065 9 67.08 22.51 8.85 15.68 113.07 13.67
2065 10 44.2 17.59 3.11 10.35 77.07 14.48
2065 11 78.18 10.59 -1.63 4.48 37.89 12.23
2065 12 90.14 2.34 -7.44 -2.55 17.82 9.78
2066 1 55.93 0.29 -10.35 -5.03 14.93 10.64
2066 2 101.6 1.69 -10.47 -4.39 19.73 12.16
2066 3 113.55 5.8 -4.81 0.49 38.8 10.61
2066 4 25.2 13.99 0.29 7.14 79.49 13.7
2066 5 78.56 18.25 5.68 11.97 114.46 12.57
2066 6 131.25 24.73 11.78 18.25 150.66 12.95
2066 7 114.15 27.76 14.93 21.35 170.01 12.83
2066 8 67.89 26.75 12.94 19.84 157.18 13.81
2066 9 100.29 22.71 8.51 15.61 114.99 14.19
2066 10 77.29 15.34 1.12 8.23 70.61 14.22
2066 11 182.21 10.4 -1.07 4.66 37.01 11.47
2066 12 86.67 1.57 -6.65 -2.54 16.34 8.22
2067 1 76.54 -0.45 -11.73 -6.09 14.09 11.28
2067 2 109.44 3.02 -8.49 -2.73 22.34 11.51
2067 3 131.77 7.12 -4.29 1.41 42.75 11.41
2067 4 86.73 14.63 0.93 7.78 82.2 13.69
2067 5 50.72 21.22 6.59 13.9 132.19 14.64
2067 6 73.91 24.7 11.8 18.25 150.57 12.9
2067 7 85.53 27.82 14.85 21.34 170.75 12.98
2067 8 102.01 24.88 11.93 18.4 145.82 12.95
2067 9 12.11 24.74 9.05 16.89 124.59 15.69
2067 10 43.81 17.44 2.85 10.14 75.96 14.58
2067 11 41.34 7.95 -2.75 2.6 32.08 10.7
2067 12 60.19 2.97 -7.29 -2.16 18.59 10.26
2068 1 64.01 1.26 -10.87 -4.81 16.22 12.13
2068 2 65.52 -1.55 -12.64 -7.09 15.04 11.09
2068 3 78.67 7.15 -3.98 1.58 42.1 11.13
2068 4 88.68 13.4 0.21 6.8 76.95 13.19
2068 5 76.24 19.29 6.15 12.72 120.02 13.15
2068 6 12.03 26.82 11.64 19.23 167.52 15.18
2068 7 221.61 27.15 14.91 21.03 164.69 12.24
2068 8 108.89 26.44 13.57 20 152.4 12.87
2068 9 117.73 23.42 9.3 16.36 117.26 14.12
2068 10 184.47 16.26 4.95 10.61 68.74 11.31
2068 11 51.13 10.95 -1.57 4.69 38.7 12.51
2068 12 59.08 2.68 -7.57 -2.44 18.37 10.25
2069 1 100.75 1.47 -8.9 -3.72 16.26 10.37
2069 2 64.06 3.07 -8.43 -2.68 21.64 11.5
2069 3 74.82 5.63 -5.99 -0.18 39.12 11.62
2069 4 37.45 12.24 -0.81 5.72 73.17 13.05
2069 5 142.42 19.98 6.93 13.45 122.4 13.04
2069 6 49.37 26.02 11.7 18.86 161.09 14.32
2069 7 32.71 27.62 14.05 20.84 172.61 13.58
2069 8 72.58 25.77 13.35 19.56 147.96 12.42
2069 9 61.79 22.08 8.51 15.3 111.36 13.57
2069 10 73.63 17.35 4.31 10.83 74.39 13.05
2069 11 107.05 9.51 -2.19 3.66 35.72 11.71
2069 12 113.82 2.47 -6.4 -1.96 17.62 8.87
2070 1 42.5 0.72 -9.86 -4.57 15.42 10.57
2070 2 37.54 1.36 -9.23 -3.93 19.04 10.59
2070 3 78.88 7.33 -5.24 1.04 43.51 12.57
2070 4 73.77 13.72 -0.39 6.67 79.15 14.11
2070 5 16.19 21.19 5.53 13.36 133.71 15.66
2070 6 86.44 24.62 10.91 17.77 152.91 13.71
2070 7 31.59 27.13 12.83 19.98 173.21 14.3
2070 8 82.5 26.56 11.93 19.24 159.22 14.63
2070 9 185.74 22.31 8.49 15.4 112.77 13.82
2070 10 83.72 17.84 4.1 10.97 76.73 13.74
2070 11 112.9 9.51 -2.26 3.62 35.76 11.77
2070 12 83.77 1.1 -9.32 -4.11 16.51 10.42
2071 1 146.14 0.96 -9.24 -4.14 15.64 10.2
2071 2 82.5 1.77 -10.68 -4.46 20.58 12.45
2071 3 41.76 5.66 -6.05 -0.2 39.69 11.71
2071 4 191.89 13.24 1.04 7.14 75.63 12.2
2071 5 35.06 19.67 4.36 12.02 127.14 15.31
2071 6 94.98 25.49 12.09 18.79 155.75 13.4
2071 7 80.37 27.5 14.32 20.91 170.21 13.18
2071 8 54.37 26.3 11.47 18.89 158.09 14.83
2071 9 99.92 24.45 10.08 17.26 120.49 14.36
2071 10 165.76 16.18 4.64 10.41 68.2 11.54
2071 11 59.56 8.4 -2.57 2.92 32.99 10.97
2071 12 93.12 2.35 -6.7 -2.17 17.44 9.04
2072 1 157.12 -0.04 -10.21 -5.12 14.49 10.17
2072 2 28.95 0.78 -12.06 -5.64 18.38 12.83
2072 3 143.78 6.58 -5.39 0.59 41.43 11.97
2072 4 146.64 14.11 1.22 7.67 78.71 12.88
2072 5 66.84 18.34 5.34 11.84 115.87 13
2072 6 103.2 24.45 11.52 17.98 149.41 12.93
2072 7 82.83 27.46 14.18 20.82 170.66 13.28
2072 8 59.7 26.31 13.43 19.87 151.89 12.88
2072 9 151.59 21.55 8 14.77 109.56 13.55
2072 10 97.21 17.29 3.74 10.51 74.98 13.55
2072 11 139.2 9.76 -0.44 4.66 34.9 10.2
2072 12 86.6 1.39 -8.58 -3.59 16.76 9.97
2073 1 47.98 -0.8 -9.89 -5.34 13.46 9.09
2073 2 58.59 0.7 -11.44 -5.37 18.28 12.14
2073 3 26.77 5.08 -6.52 -0.72 37.88 11.6
2073 4 25.02 13.18 -0.23 6.47 76.55 13.41
2073 5 119.49 20.12 5.81 12.96 126.2 14.31
2073 6 22.63 25.49 10.02 17.75 162.34 15.46
2073 7 173.45 26.81 13.78 20.29 166.75 13.03
2073 8 114.31 27.02 13.4 20.21 157.64 13.63
2073 9 21.64 22.95 7.99 15.47 117.57 14.96
2073 10 96.85 15.77 3.39 9.58 69.32 12.38
2073 11 94.24 10.8 -0.11 5.34 37.2 10.92
2073 12 39.12 1.81 -9.22 -3.71 17.48 11.02
2074 1 112.26 -0.23 -10.4 -5.31 14.27 10.17
2074 2 30.21 1.82 -9.74 -3.96 19.85 11.55
2074 3 99.68 3.34 -8.26 -2.46 34.03 11.6
2074 4 43.52 10.61 -1.64 4.49 67.16 12.25
2074 5 92.07 20.31 6.82 13.56 124.94 13.49
2074 6 52.41 24.96 10.89 17.92 155.59 14.07
2074 7 34.02 26.49 12.08 19.28 170.66 14.41
2074 8 50.08 25.75 12.7 19.22 150.26 13.05
2074 9 49.67 24.38 9.63 17.01 122.11 14.75
2074 10 54.88 16.77 3.16 9.97 73.7 13.61
2074 11 109.34 10.57 0.64 5.61 35.87 9.93
2074 12 181.56 3.42 -6.38 -1.48 19.08 9.79
2075 1 73.41 0.64 -11.55 -5.46 15.45 12.19
2075 2 111.9 2.14 -8.62 -3.24 20.87 10.75
2075 3 56.92 5.92 -6.09 -0.08 40.43 12
2075 4 71.86 13.61 -0.07 6.77 78.9 13.68
2075 5 115.57 18.81 5.11 11.96 120.03 13.7
2075 6 109.29 25.03 10.9 17.96 156.36 14.13
2075 7 120.97 28.64 15.02 21.83 177.14 13.62
2075 8 123.39 26.98 14.17 20.58 153.72 12.81
2075 9 203.47 22.88 10.12 16.5 111.09 12.76
2075 10 33.05 18.13 4.52 11.32 76.49 13.61
2075 11 66.16 9.54 -2.3 3.62 35.43 11.84
2075 12 194.04 3.23 -6.61 -1.69 18.75 9.84
2076 1 95.71 -0.38 -10.11 -5.25 14.04 9.73
2076 2 81.8 1.1 -11.09 -4.99 18.87 12.19
2076 3 152.17 7.82 -3.12 2.35 43.39 10.93
2076 4 104.85 12.81 0.4 6.6 74.02 12.41
2076 5 90.91 19.17 5.12 12.14 121.69 14.04
2076 6 165.11 24.35 11.36 17.86 149.18 12.99
2076 7 69.4 27.44 14.64 21.04 168.45 12.8
2076 8 341.09 27.06 14.83 20.95 152.29 12.24
2076 9 47.37 23.47 8.84 16.16 118.67 14.64
2076 10 56.35 15.72 2.95 9.34 69.77 12.77
2076 11 84.37 10.5 -0.66 4.92 36.91 11.16
2076 12 154.77 1.54 -6.27 -2.36 16.12 7.81
2077 1 121.15 1.14 -8.05 -3.45 15.59 9.19
2077 2 25.26 -0.9 -12 -6.45 15.96 11.1
2077 3 42.5 5.29 -5.88 -0.29 38.11 11.17
2077 4 81.66 12.94 0.28 6.61 74.76 12.65
2077 5 69.51 19.32 4.62 11.97 123.81 14.7
2077 6 249.4 23.42 11.39 17.41 141.73 12.02
2077 7 59.51 27.35 14.35 20.85 168.97 13
2077 8 109.6 25.49 13.86 19.67 143.59 11.63
2077 9 26.27 22.51 8.76 15.64 113.28 13.75
2077 10 73.88 17.06 1.94 9.5 76.38 15.12
2077 11 126.58 10.34 -0.44 4.96 36.34 10.78
2077 12 36.57 2.3 -7.59 -2.64 17.81 9.89
2078 1 91.53 -0.14 -11.14 -5.64 14.46 11.01
2078 2 139.2 1.69 -11.23 -4.77 19.77 12.93
2078 3 89.79 6.67 -4.52 1.08 41.11 11.19
2078 4 67.88 12.99 -0.64 6.17 76.23 13.63
2078 5 51.95 18.71 4.89 11.8 119.34 13.82
2078 6 84.18 24.31 11.17 17.74 149.56 13.14
2078 7 161.33 27.02 14.02 20.52 167.49 12.99
2078 8 34.96 26.25 12.23 19.24 155.81 14.02
2078 9 73.34 23.72 8.15 15.93 121.6 15.57
2078 10 63.74 17.4 4.19 10.79 74.78 13.22
2078 11 86.19 10.33 0.7 5.51 35.19 9.63
2078 12 66.57 2.4 -7.83 -2.71 18.02 10.23
2079 1 138.54 -0.4 -11.77 -6.08 14.16 11.38
2079 2 124.17 1.62 -9.82 -4.1 20.25 11.44
2079 3 73.7 4.74 -6.18 -0.72 37.17 10.92
2079 4 157.85 12.41 0.41 6.41 72.83 12
2079 5 123.93 18.45 5.78 12.11 116.03 12.67
2079 6 166.18 23.5 11.32 17.41 142.92 12.18
2079 7 86.79 27.8 14.15 20.98 173.53 13.65
2079 8 66.92 26 12.85 19.43 151.04 13.14
2079 9 101.52 21.97 9.83 15.9 106.45 12.14
2079 10 153.24 16.66 4.68 10.67 70.13 11.98
2079 11 84.43 9.69 -1.01 4.34 34.83 10.71
2079 12 87.08 4.06 -6.07 -1.01 19.83 10.13
2080 1 78.76 0.73 -10.19 -4.73 15.48 10.92
2080 2 60.92 0.5 -11.57 -5.53 17.99 12.07
2080 3 108.27 5.03 -5.66 -0.32 37.23 10.69
2080 4 106.51 14.94 0.18 7.56 83.9 14.76
2080 5 126.51 18.88 5.27 12.08 119.54 13.61
2080 6 191 24.89 11.94 18.42 151.33 12.95
2080 7 134.32 27.7 14.73 21.22 170.4 12.97
2080 8 62.94 26.5 12.49 19.49 156.86 14.01
2080 9 195.91 21.79 10.62 16.2 103.8 11.17
2080 10 104.08 15.94 2.83 9.39 70.81 13.11
2080 11 35.55 10.58 -1.52 4.53 37.78 12.1
2080 12 129.61 1.56 -8.03 -3.23 16.85 9.59
