2000 1 36.3914296728612
2000 2 7.13318994696883
2000 3 12.4806854016488
2000 4 17.8664100610177
2001 1 16.4736061902538
2001 2 16.206652560065
2001 3 17.6647530878587
2001 4 35.7939795622855
2002 1 30.0781141624422
2002 2 9.48313893732801
2002 3 5.92039066375884
2002 4 37.1354932365667
2003 1 21.3267672968483
2003 2 11.1923166145994
2003 3 5.30567665217837
2003 4 30.935218613559
2004 1 30.0977161206476
2004 2 4.22480539154897
2004 3 9.36742400147933
2004 4 22.5040313298133
2005 1 38.9442108864151
2005 2 10.932321469769
2005 3 9.20259966261088
2005 4 22.926852662161
2006 1 19.0382846705845
2006 2 4.89682617554509
2006 3 16.0035189780208
2006 4 26.3052623139712
2007 1 29.725657639043
2007 2 13.680774094385
2007 3 18.7363757190346
2007 4 22.475067902011
2008 1 25.270115136361
2008 2 7.9326449215917
2008 3 8.96001948921528
2008 4 30.3934049192869
2009 1 19.1743695999946
2009 2 11.9212732506621
2009 3 10.7754959242016
2009 4 29.7750786673214
2010 1 36.88372698539
2010 2 23.132826356208
2010 3 11.543605930081
2010 4 21.9523992393894
2011 1 33.3758654442029
2011 2 24.9007284999931
2011 3 14.5729752704625
2011 4 21.5169721710583
2012 1 59.7108003568112
2012 2 8.97800395222676
2012 3 9.08594425523913
2012 4 15.4802860196501
2013 1 45.2457858032288
2013 2 18.6663882341856
2013 3 12.2623094363462
2013 4 31.5713947315616
2014 1 38.8514989319273
2014 2 21.174126743397
2014 3 20.4888251801325
2014 4 40.7682111278778
2015 1 19.7505025014136
2015 2 8.22363523453631
2015 3 7.46351270538092
2015 4 27.2861130371628
2016 1 33.7276491271752
2016 2 6.20365503915316
2016 3 9.83386020546956
2016 4 23.0861561009626
2017 1 24.9501238128753
2017 2 9.34060750372801
2017 3 18.4904655410112
2017 4 33.0465520522682
2018 1 36.0216313788758
2018 2 5.91283228476786
2018 3 14.3045188142756
2018 4 45.4312999205131
2019 1 29.7071904893895
2019 2 6.46194037758272
2019 3 9.12068429664987
2019 4 25.6931656476788
2020 1 30.9156689407998
2020 2 7.82146190773958
2020 3 23.0881056941832
2020 4 21.4799868522437
2021 1 13.1078599291733
2021 2 3.62065900408949
2021 3 6.80655687154163
2021 4 14.4657670073326
2022 1 19.7583826894413
2022 2 5.60636940059796
2022 3 12.6859118535931
2022 4 20.8985221944535
2023 1 19.5616459268725
2023 2 11.1504339265255
2023 3 10.9765155706667
2023 4 28.9082983048086
2024 1 25.7821870427294
2024 2 8.06761657749747
2024 3 10.5755525503259
2024 4 23.9199169385532
2025 1 27.73900606907
2025 2 17.1909517359866
2025 3 27.9916113780825
2025 4 41.4840527546946
2026 1 18.8051844889108
2026 2 7.66413506114082
2026 3 16.7085175340314
2026 4 30.5271978323544
2027 1 27.706339849032
2027 2 9.84014529424815
2027 3 10.710753611677
2027 4 20.3115157266441
2028 1 37.7332443021723
2028 2 10.1903535456683
2028 3 16.686702684647
2028 4 28.3729469970666
2029 1 26.1589577420038
2029 2 11.3569225692242
2029 3 12.1685302096573
2029 4 35.3331964335591
2030 1 32.9592594934315
2030 2 10.9643596399329
2030 3 13.4641682658598
2030 4 25.7592301419698
2031 1 25.0939799888904
2031 2 12.6372998061198
2031 3 12.8036436643674
2031 4 23.0303403912296
2032 1 37.7055311384485
2032 2 13.8966268001405
2032 3 9.97114632428553
2032 4 32.0028672471933
2033 1 28.6272262212271
2033 2 10.0252405432646
2033 3 12.2715606201877
2033 4 34.8029030706059
2034 1 24.7169832172119
2034 2 17.5001694129512
2034 3 9.35896098929696
2034 4 37.6396089961237
2035 1 31.0000913382996
2035 2 17.0790955765379
2035 3 3.96506487248461
2035 4 18.2321914382592
2036 1 32.8974361786902
2036 2 12.8899843877772
2036 3 3.56813764608859
2036 4 22.7280825264805
2037 1 38.2096285592344
2037 2 13.8917187222932
2037 3 9.37646546627931
2037 4 23.5592916812897
2038 1 29.4378773417106
2038 2 8.4814834618578
2038 3 13.7061948125578
2038 4 13.8493586644149
2039 1 29.246423305009
2039 2 14.6645222058957
2039 3 32.8664132262828
2039 4 27.4741503451611
2040 1 17.6458980150204
2040 2 14.0491193434205
2040 3 14.2365411955091
2040 4 31.752920596394
2041 1 35.4055359238187
2041 2 5.08558129699986
2041 3 20.2236450436542
2041 4 41.8625593891338
2042 1 26.7958638480037
2042 2 18.4819141838838
2042 3 7.87772133056447
2042 4 28.3523807764332
2043 1 47.0326454883361
2043 2 9.50422989073446
2043 3 3.98539473883205
2043 4 30.9513917478508
2044 1 23.0552697573371
2044 2 8.32501398364233
2044 3 6.82121455741921
2044 4 22.0225027530359
2045 1 19.7186865653382
2045 2 15.0304568767014
2045 3 11.6391879928173
2045 4 18.7220352661461
2046 1 33.759943008798
2046 2 16.1665853077758
2046 3 8.54396786141991
2046 4 19.7066302212931
2047 1 26.6417160940319
2047 2 6.48568938243843
2047 3 31.5855923787165
2047 4 25.3545611902029
2048 1 26.0937991225064
2048 2 9.06847619340776
2048 3 18.450992732939
2048 4 26.2322708757696
2049 1 19.4578747543828
2049 2 6.58354048815373
2049 3 15.8613074216983
2049 4 25.7960414902726
2050 1 31.1742272800732
2050 2 8.48636982688452
2050 3 7.0150080438265
2050 4 23.6387213328806
2051 1 16.3926514702594
2051 2 13.3889611290628
2051 3 15.3495393606928
2051 4 23.7935258283082
2052 1 28.9043005528542
2052 2 10.8472173979886
2052 3 6.21645398000045
2052 4 27.3066959552336
2053 1 39.9479921282548
2053 2 9.2482682315681
2053 3 9.50782702707668
2053 4 18.2856478938617
2054 1 22.6659462052545
2054 2 12.7823093180577
2054 3 5.72401719389911
2054 4 24.4775662236032
2055 1 21.8586408365499
2055 2 10.2895296430948
2055 3 15.928219943739
2055 4 13.2503799965334
2056 1 14.9994371344503
2056 2 6.58913022639394
2056 3 5.51667908925075
2056 4 15.6055228183937
2057 1 22.1261436026113
2057 2 3.63582591373295
2057 3 19.2913260315004
2057 4 30.7519752336659
2058 1 14.4388609747592
2058 2 4.40432917600435
2058 3 10.8568591225339
2058 4 28.8689734586276
2059 1 25.4001280253931
2059 2 9.48824608463914
2059 3 18.3422645648494
2059 4 22.213334608769
2060 1 18.9925128277148
2060 2 9.6738881535158
2060 3 20.3569953147739
2060 4 24.1314470246069
2061 1 23.3249744878977
2061 2 5.86479747163737
2061 3 18.5850927250848
2061 4 28.0875072212866
2062 1 30.5346326065019
2062 2 13.6761794114103
2062 3 12.0200623434623
2062 4 17.2608917417373
2063 1 26.2135019708104
2063 2 3.27028734361512
2063 3 10.2384362596512
2063 4 37.5648020572527
2064 1 25.0275238865648
2064 2 4.83002471936044
2064 3 8.60187406021432
2064 4 19.2462473724309
2065 1 53.3084602050515
2065 2 13.8362798435183
2065 3 6.03150753042326
2065 4 17.6968919728202
2066 1 28.2795225929925
2066 2 9.17015870130411
2066 3 10.1841808163143
2066 4 26.5020871008828
2067 1 35.5004155238895
2067 2 15.7592704480296
2067 3 8.70715837186308
2067 4 20.5798209579991
2068 1 18.5966096400798
2068 2 21.4429470142043
2068 3 6.83850061161206
2068 4 25.426349673157
2069 1 50.7112740398868
2069 2 8.4050366634705
2069 3 4.82715454684211
2069 4 31.2898600545213
2070 1 23.3605904591527
2070 2 5.49642914252491
2070 3 9.22269310453904
2070 4 31.9866308044481
2071 1 21.6688964033591
2071 2 7.07402793678982
2071 3 7.66869929710351
2071 4 23.6850943645387
2072 1 23.5696637193564
2072 2 13.0943165911785
2072 3 8.46008344416922
2072 4 18.1636934044943
2073 1 36.8059416718441
2073 2 15.5934899549823
2073 3 9.6089876485991
2073 4 27.4853540216524
2074 1 26.4175190764621
2074 2 21.9945286170598
2074 3 7.49248831805604
2074 4 17.7276901934355
2075 1 28.8655158225416
2075 2 10.9433594795827
2075 3 23.9185275909453
2075 4 21.1195798739668
2076 1 39.2618910329067
2076 2 8.97294557377256
2076 3 19.6661406686033
2076 4 24.9603814333627
2077 1 36.0360462631206
2077 2 20.0075573014564
2077 3 6.908528103209
2077 4 45.0669909433695
2078 1 19.8501216492629
2078 2 11.2008669623777
2078 3 15.002501249676
2078 4 33.6154242673705
2079 1 26.0393126397454
2079 2 12.0049022874502
2079 3 13.3967489441492
2079 4 51.1607833164098
2080 1 28.2652386740268
2080 2 13.9878236281078
2080 3 4.4639062962786
2080 4 23.9226409336332
