0
21.4469806693782
29.5994256401538
43.8010769326682
28.9817824130543
11.4566009834953
6.09257792532712
3.85039093208403
6.80780024518382
15.7591990730043
14.8750568867583
20.419233934539
35.5623752936141
24.3613246648589
48.8225367520147
19.3595235959612
13.5876887845464
10.1634596432931
12.7683348580484
25.6881631788533
8.6860917856945
20.4235999048801
23.8845675730015
34.4296815386542
49.6852109593832
33.9775332372734
50.7164377870389
39.3617442053469
20.7944841195375
8.6278089530511
13.3200059813077
6.50160187762523
3.74354496901605
7.08152306656986
6.93610395569062
14.1627909625714
19.2267514459161
20.803430639919
76.9517598185068
31.3452022616274
11.3083323320691
11.7678807780866
13.7392502352172
8.06981883049425
6.15117415692749
3.41265342009013
6.35320237951749
6.75893254989409
8.65347765980913
13.785112052382
39.1631686149463
42.3192683825896
17.8761638587056
5.49536806316427
3.30465402361147
3.87439408787116
4.29348879265083
13.0256059141697
10.7831772976175
28.4143669921157
21.933178744694
19.072866007987
33.8540023907689
37.7051281743246
40.1832935985056
14.8495597366638
8.75299107180071
9.19441360084254
6.41501840715239
7.38052526185533
13.8122553188249
16.8473635051941
13.7962382866706
22.0975292073104
57.0199458303442
26.2220225382871
11.8545468028818
8.23599033794442
4.08810122703621
2.36638696165465
4.08870488494897
22.8006171434812
21.1212349056324
12.3073359315596
13.2376185125834
17.8984735411012
45.6799908215484
47.1503628958119
12.300952382274
8.31489578129376
25.9290059497138
6.79842055214752
31.8467447983732
8.0910869252752
16.2712954334556
13.0841887328111
22.3969142670118
35.6497231046803
50.4059932716478
31.432803849551
19.107426423171
11.2242984838005
5.73875272095538
6.83488356001924
7.85686522420879
4.77532209701371
14.2478711464233
13.1209890338076
17.438912829276
28.9084296214953
66.9253677657739
25.8685351060617
12.4802040939276
6.22170533835685
19.0321507207187
10.5099636929106
19.0085585294752
5.61551658654993
7.70241265657957
5.82760445274042
11.714725514765
15.7464855151745
37.9356630624683
49.6507467807996
24.1167071899803
20.3791377128594
17.0929451045056
31.9263962512591
7.58889120247659
12.3954554646766
14.6464711230899
22.4127228651497
23.6501003845845
23.9438509320944
28.0821820993314
36.0501152680187
30.701615620387
19.5009171457465
14.7172027781329
40.4840655760998
12.7604190820884
12.3122050661439
18.6463016631552
10.3917552682228
13.7145189044122
18.5087650931695
18.2040351438757
68.6162087691481
50.8053919444742
16.4600553779998
5.31909018428748
5.15486629439301
4.82868926864403
9.8907805593921
12.5383629376813
11.4938249371429
20.6689893808237
31.4144089049921
57.5764172270209
60.7888522953346
29.702719311123
17.9964345810413
7.30593148594042
30.6967986355751
14.2116376142395
8.66201059579551
13.9132800990036
16.6257634134096
30.868880304707
38.0796654875029
51.9645589448018
33.946761363769
43.7562365000856
21.2363343866338
34.6040575357656
7.68198830779169
8.41786128199416
25.4875001113557
27.5611141470475
42.1597397744995
33.6724982271721
23.1606007168791
18.2427801696806
22.6732954108756
16.8277095919516
8.53162581531361
10.0451371459691
6.09414274232621
2.32843574084633
9.34041424732162
10.7216881279748
34.0685730349194
33.4657059101238
23.0538514399289
22.2419071746982
44.8391580854513
22.616140168899
10.3296172527819
6.11775002648436
2.16359783819323
6.20238126770063
6.22480569634048
17.0743936523676
13.5831598790996
23.7339731744528
34.2808203689171
33.832871527333
32.8777481011351
17.0224995246156
12.1357313607622
9.30211674829019
6.5839744021316
17.2544477268471
8.69664520219733
29.5203036939892
40.33854313837
68.185601531088
55.8797386756787
33.2134606417146
50.5461852733943
21.4970774843572
6.60220192363819
3.31841658775217
7.81787834291322
6.17404314475442
11.394224775515
25.3452885225572
24.446398833571
20.1344435284551
30.5311794303045
40.0720654422866
44.3156545587269
15.0987264200521
11.2134985109984
4.38243610060153
3.78988652114826
2.58150521952716
5.57648734261665
19.2040603278058
12.0349741896689
18.1999094340304
18.4768132237987
40.5151258525669
43.4686361225138
18.3627017590857
13.4646972428811
6.41658548733405
3.58310299300361
18.3086777949086
37.5174459517855
13.4381933358554
8.72809889857883
8.668663343456
9.38949410193877
27.519957187949
14.8366410593778
11.3790787989689
6.23919405106482
2.68128787271701
1.94149508848663
2.60314086285174
5.61031521453934
12.2062145372338
12.2849533959865
9.76686166936812
19.1847399077622
32.2524604152669
22.706023454454
16.8107419244286
4.91175344085778
5.01084541963997
6.89650934129614
13.8514996337929
6.41269067744144
17.7935452495449
22.3900267854168
25.2079336309157
32.3560167634484
48.789335068825
23.6621493771516
15.4611424765934
11.3370343372222
13.8114025251296
8.30286491722453
8.06066598522278
15.0995548338594
9.76932589291774
9.27990775604527
11.7046123605903
21.5119667801211
36.2463680022594
34.1688198734739
17.3955542119848
11.3732869357213
6.9882610758237
5.84130172094737
9.05577004810676
10.2484717795168
12.4224158233542
26.2167206112421
23.4830154773038
25.6435630687226
53.0169556639668
31.7683931279646
23.7096190101754
11.9155234369637
23.0923361519014
16.5649956190948
33.5902773273902
29.5939382425789
20.7906185642785
63.7926768087854
33.3000298325502
22.9952579755637
47.1576814414455
17.5715125715736
20.038856406248
8.61933728789406
4.3729029413928
10.0001649541356
25.1093984136466
12.2390742776399
12.7770799108078
18.6558220798582
18.8485382671654
16.4908335077326
25.3604211180703
25.583540639486
29.8291390585779
8.77496604685938
10.6613206071575
10.0841492287275
7.25210222942099
8.81989492697761
16.0602636786324
20.546270013608
22.2511347083407
26.796948833507
38.5605908864228
51.9438208943644
23.5226677099803
18.6219037894105
8.05407401219745
3.89508283539678
17.351085339737
13.3206966328276
19.3883260813764
25.8831135599959
29.8675782180127
24.9386358918981
67.3773728772904
35.4833799228525
16.834535561155
19.05618641159
7.91969432771606
7.09488696836648
3.59963659466965
8.05634086470478
24.8496131695976
19.1491987470352
15.2742774092209
21.2757976001262
30.0722478445252
45.409648954391
20.5088700324721
18.1365573154039
7.89094712742047
6.8655744769742
6.56921758980815
14.7412840933572
19.0820031144141
36.4145977140068
20.4621088001573
20.7524536446957
28.4536415188675
21.9763195219762
28.2116404558046
20.0958166068763
11.9514287320221
5.86465407946088
11.2981548326904
13.2588522219397
13.8539239384722
22.4531576011981
18.1264477730935
31.7528704825087
69.4859557015786
37.0041881917916
38.4068740851055
22.3909727845085
13.0503183523316
6.24858926358145
9.48311605806165
9.97618868232739
10.4541342324675
8.64619503159252
17.0833214712947
30.1929388071252
73.3701032798672
33.6618859789308
23.5925664635234
12.4493276202276
9.62191309764952
8.00448091191671
8.56141887704053
7.16332094571368
21.0899420378088
18.5652487241363
17.3441234920695
38.1063898998843
74.1594249179029
30.6310596928366
18.8029067415871
10.8438969354875
22.4447775233095
19.2118337800568
7.83284394237672
8.04702690059367
12.1970121249205
20.9484976746382
19.9315882785802
19.353681917851
23.7258914426565
31.7543818276323
30.2458008489668
19.4845685031637
26.9360365945973
4.81668163185272
3.40406553977445
3.3085951917041
5.18253388597527
9.9176041139491
15.6922924844354
23.5600524945037
44.7160095477025
36.8620696436438
28.9328027137365
21.4618856839222
10.699659351658
6.50840812775143
4.57345173652267
2.57085003962554
3.56011116211756
6.94397557928042
10.104959839882
34.5103522849728
43.8256258775425
47.9290120877663
28.4902450307025
21.3488386399048
5.76280916699231
14.5635083599826
9.61413758883761
10.8257046073676
7.68955420263276
5.79622872276141
7.27303530562018
9.26372860537684
25.0685707793747
34.8268068577551
24.048947825666
9.28437027321469
5.91835877480547
10.2417213375532
13.2656794198596
8.26352860524215
19.5893764125718
13.792099967288
25.6103682691376
26.2445448217044
38.7004720836876
28.6959215603298
29.7969250496881
23.4098434624381
10.6150979588405
9.96862519640846
40.3270793081878
43.5653881860489
14.7067721846116
19.3412162061148
17.3211681630388
41.9713764832903
48.7593845626322
19.3231876749705
15.9686083550702
19.7241994632847
11.4517391490034
10.9714194179735
27.6425345838732
7.76837509694744
7.29871390570674
18.9597531766146
14.5371539364602
33.2496413518574
53.2176547253997
47.2417936862626
23.5692781613748
6.76137245795811
4.39708607390135
4.0982853591401
24.8728553998862
11.6035794888393
24.1945002422369
66.4457875428179
36.7690584450476
28.9317603599418
28.5668319738697
37.3473559049766
16.2443717910307
26.4510657219685
15.6917974106296
13.3028794190533
5.2591393052366
6.18405040612517
12.1899742803316
19.1418723268736
33.226420809529
37.1314378740023
37.6600558681743
63.0417975340974
31.0234934425748
20.2663034622899
5.28419681181671
2.96218939809681
1.77515066491896
4.08291671048923
6.09811684108797
15.7876524396977
15.8483190483952
20.400058636553
42.9668159875361
25.045020980707
21.0655185339672
18.4834531721005
4.10902051322087
2.38256826560563
2.02530215961347
5.61611506440857
12.8222264482356
8.87481733965936
14.0115037039122
15.7225276254171
27.8011821761359
20.5165246813094
18.920848449367
20.8113366140799
16.3343125842585
7.94572143176577
10.5377575378371
7.13730044989753
17.2425059907173
17.3529275591193
14.2684727036138
29.8916799247739
27.0281868853042
44.1335904888861
23.38629552871
35.3727991319887
9.56566943054986
3.56128736078896
13.6395318332162
5.5032310848957
6.48914066614778
7.63818137148051
11.9226759069289
26.9475245486965
43.8064492785085
38.3986530425953
14.8847791454685
6.65840945122487
6.86205465570951
5.93660404038092
18.7254889227197
47.2225134375974
28.8087747758322
18.7415950266777
17.1269816933381
20.2490464767659
24.1702334525981
24.1652605239278
28.0223377210849
8.37783700935653
5.28420487660208
13.5433866942647
17.3518441697747
19.6705169121893
18.3306171168531
43.3828218803761
30.7861823776061
30.862370593959
23.8285901597631
20.8420053262718
18.0737441824938
12.7788584608325
4.50144806065103
2.4703149429777
21.7945003172678
13.8285442437509
11.9608777040761
17.7070228297623
14.9175305920048
28.7917875023963
34.9561312796484
46.0197047967743
16.3287497633721
10.4017291821989
5.43188018764338
9.62550011081131
5.18215629844764
6.25971744945499
9.60315038357688
15.8894359574729
17.9341376712373
23.0820992449308
40.5651807200815
16.9790729682563
15.8062299722625
12.264441584648
16.3901323965686
11.5123094059718
18.3391577953082
17.0286606887883
10.6807995979819
13.5926856769832
14.0614022646013
38.6295925771765
42.2172624676211
32.1044162602182
25.7041848454903
8.01611556816812
12.3209728015927
12.204563824205
3.76652674200429
3.11957100481033
11.7632641931867
14.3185265115356
13.7166926214865
17.9619474618259
29.9329191760056
22.047837882417
57.8481463740926
12.207362303914
8.36541251761223
7.17202987317806
12.0468927807147
8.17548872928596
8.30109957122944
11.5310323161288
20.6213641649742
21.520542580081
48.7873113318348
30.7951652585046
14.5367271520044
23.91674841208
11.2944788397705
3.13570070232241
4.69585012831115
7.34048978793036
5.13571166545583
6.98104681752287
11.1636708855394
9.85930139315751
18.6147887560075
25.8183767065888
17.8989049665111
13.6040496730558
5.12692065838027
12.1376185978484
22.2043252731534
8.84245121022401
16.7378833478397
13.363758951429
13.1871879551982
13.0059263281723
23.13024991978
17.8927757170462
12.1060985518544
9.08997450888771
7.04745160425068
3.62996456604343
3.11781782490999
3.38000207640708
10.0522173664352
13.0987270704242
17.6925383936196
32.9213780681988
55.2302953924433
25.4626445077079
18.7896426975147
5.17942113445158
3.40626656528828
2.32179004145898
7.96683449733987
9.94976556288731
39.957378034274
17.1636890804018
21.4175235729093
28.7659976174534
47.7497851176774
15.5019820714749
13.3757398780434
4.96801606961243
4.37587082997618
3.86910062842444
3.41317599678003
13.0255655194361
16.1318358513855
17.5425875264703
18.9366689021052
26.9257757805818
27.7826904592684
36.0945497549341
14.705706295852
18.5326870220668
5.743016771978
4.18903445987262
7.56356818076726
14.7078229254433
32.7554025883376
15.2082032931207
14.5652867231499
17.2409950675885
30.8350552398382
22.0153886766143
15.9696369788153
10.6525139696092
13.469765413632
4.89938507730623
20.4151457464968
9.14203796720391
31.513802230621
33.8844510678508
32.3918830974584
26.6962439399586
41.011720934751
18.1051456183101
28.5448033574853
9.9870497963551
2.55917383581692
5.04816878274009
37.4100723520559
11.0729777193828
7.2722281038156
12.2501809129785
11.9008525324758
16.1366398029884
22.1533181696785
35.0685859150852
26.0006792979187
12.4768904965598
14.0929828657087
14.4586648719625
21.5778834081027
6.39823999499838
8.08406362728572
18.8527564618065
29.6743037610642
32.6680282801153
76.9851493655235
34.8439393807065
17.5830645609144
5.39483726123757
2.12914499367927
2.28687977592851
3.8049488664412
10.7843256511603
16.1260342613519
10.9317268223079
17.4382823449229
20.8471312648721
32.9260522376008
38.5930654993123
11.4619822738173
5.24484773301702
5.35921017380623
3.88601625125805
11.146959957445
5.42189581673541
9.2367664064625
5.77352364232767
8.21214096188672
14.5537110769061
30.9197953308693
53.7495958611905
52.8673245489126
31.1995820541771
7.59467351822777
2.71458395814995
2.49629762733608
3.20951894153254
12.3887060224012
17.1019205216187
20.6221415897556
27.8423958077905
45.3531084665005
30.4931533226833
26.0658918633018
14.6577653823321
5.18420015948971
7.66851056209057
6.89735859043288
9.41646183278536
14.2387220257248
12.1907025394844
16.096816559813
24.1248020079052
31.0579185942851
49.8567850294937
21.1440460182852
27.5295421605905
12.9564717897356
6.79179739376258
7.80582317759928
7.58951607674515
10.7261358612448
11.0397466699929
32.1211950071551
28.0196972419987
28.1988279611975
23.3556312666459
13.8375880135136
13.2294189082116
42.9890705045996
8.11035162980168
6.35364156120602
3.2034428969054
10.9584173767248
13.3656784822767
24.104669459865
63.5289387885728
31.2846168643638
61.0469579536716
40.3755901261019
10.6981247564563
10.9774245191543
3.53956071480091
3.15884868672157
2.91107185953951
8.41154309426524
6.24121510528348
24.2296615957248
36.1342496739737
58.7586129755619
30.8061576683249
15.9150232499805
5.10787580099157
5.19623059670025
6.18518102988293
13.6779706360667
7.86423939900966
6.12586927854074
8.82399897253208
15.4328124371041
20.4078972065464
37.550080033998
20.4938791049913
22.843913701727
12.1616007816334
5.44917842853541
3.61130460020066
3.96737303220022
6.0129567158351
13.0257681432752
21.3495877805063
18.5795535372832
16.6437562715455
18.3404700837946
33.9673303587134
13.1719970799994
8.9323608783793
4.22935808621314
26.121230808943
10.7215528369902
7.36505603183212
7.29364146368536
19.0909937253539
26.2722338592787
28.3840696556875
33.2962318704282
54.0930661728081
19.5188171708801
13.3746704199126
11.9549164186589
21.4508830263753
11.1885281407635
5.57815405766512
12.0602807473687
21.9888807012152
15.1728440396083
22.7418386214845
20.3283878336318
30.6565637977692
22.178474355155
20.1631492155927
31.7471953733891
14.0732412621975
6.70646106885886
6.2755607776923
9.49544310761696
12.6676902790172
10.964133899456
10.4642941081891
31.66560428055
28.5012298573462
29.229801787737
13.0015621457142
14.2661222566911
5.56239403634284
16.5937756218325
28.0012436455161
27.1605635054872
31.3842872076722
21.3039956551124
19.6873251331003
34.2166456515609
49.0087017909119
29.5150802749015
15.9292529095664
8.08355342968803
2.90603038206323
4.37930402198211
31.5454271878674
23.0736907959604
24.6335592936771
54.9367144206327
54.1718154108049
57.7988309960529
47.327672710042
24.7444198161992
10.6320420225948
41.1609578727023
8.22967200907208
5.14154829199081
7.12409008891039
8.45994592872579
13.3606029459874
30.9263348819296
36.6406592636211
36.435879537124
19.7333010491961
19.9669422493296
19.6103748878543
9.36541059585026
4.62681540342858
3.77511745907951
17.0015444941959
24.2308417957526
30.4588233868072
22.8796428014964
25.7216405371054
93.2004310410001
32.8643680449097
19.2142572345811
11.0764993744283
15.9042530585812
9.03395442934119
9.9270792651307
13.562931205628
16.7002363616889
62.8414188860375
32.3674106408545
21.4019516438577
34.6736320288848
26.8557932231611
29.6746841248926
28.0852206895091
7.95564750065307
5.9226026941612
4.14717669100257
3.04387900703065
6.20066319080258
7.24756942093575
