2000 1 21.7450353740063
2000 2 13.2364690923697
2000 3 13.1760429368471
2000 4 27.0070106683276
2001 1 34.915379413721
2001 2 14.4643370351255
2001 3 11.2278912232893
2001 4 24.8652116828365
2002 1 21.1699152246961
2002 2 11.697898296205
2002 3 21.080203379493
2002 4 39.1387036686742
2003 1 23.0664231703684
2003 2 13.1397127255642
2003 3 11.4539595426968
2003 4 22.546082846161
2004 1 16.7734717599981
2004 2 6.71509416074265
2004 3 8.82673946853689
2004 4 36.974860895679
2005 1 25.1488567275019
2005 2 9.46484366207948
2005 3 25.7739690258476
2005 4 28.0082191473283
2006 1 36.4607142460665
2006 2 16.7971830582207
2006 3 7.8395110529525
2006 4 28.6529951565894
2007 1 45.9554770459445
2007 2 13.8711474433493
2007 3 4.75038751869646
2007 4 22.03361675458
2008 1 30.3379737231744
2008 2 22.6468081447757
2008 3 26.1812210964104
2008 4 22.2268912720444
2009 1 23.7776587669005
2009 2 6.84042065202162
2009 3 11.3881628894643
2009 4 29.7274578931002
2010 1 25.543936817094
2010 2 7.00227227624398
2010 3 9.76921626850354
2010 4 35.1535132935385
2011 1 32.3456896931424
2011 2 32.6864073712217
2011 3 19.2804220500508
2011 4 20.2624156497817
2012 1 31.701426707309
2012 2 7.73581838374494
2012 3 2.36810122673788
2012 4 22.3400335108632
2013 1 24.8175187890824
2013 2 12.1582236324478
2013 3 11.7692685085039
2013 4 21.9631422397711
2014 1 17.2580712390043
2014 2 25.9385263997424
2014 3 16.6240092023792
2014 4 21.8393420436064
2015 1 19.0993883257761
2015 2 12.8448131934684
2015 3 8.63013782732856
2015 4 21.0449323922334
2016 1 30.8038502539635
2016 2 8.71222595662254
2016 3 40.9463508119116
2016 4 23.2878715404297
2017 1 30.5147340470819
2017 2 6.78302437076804
2017 3 12.1088724401479
2017 4 36.5168746278317
2018 1 25.9265227437108
2018 2 9.00203155544295
2018 3 10.635247000839
2018 4 28.6942388138544
2019 1 27.7151894490632
2019 2 26.2229828660056
2019 3 12.7689346157391
2019 4 31.1635681609053
2020 1 15.0855674435912
2020 2 8.53507243202644
2020 3 10.6754203415528
2020 4 23.5300203816951
2021 1 34.6863506295209
2021 2 12.4726990121579
2021 3 10.3617830262934
2021 4 18.4563835918388
2022 1 27.1228740034631
2022 2 6.40160179070815
2022 3 7.88670146066698
2022 4 28.5737964272961
2023 1 17.6728808556141
2023 2 12.3216582576597
2023 3 7.40469802550145
2023 4 19.6436615467324
2024 1 31.9527195894758
2024 2 11.541062694136
2024 3 17.0449448953959
2024 4 22.0231900631025
2025 1 36.3712326227548
2025 2 16.5218516828412
2025 3 7.20022399416161
2025 4 29.6518101577784
2026 1 24.118265629822
2026 2 9.16260720102792
2026 3 6.725175281725
2026 4 19.1355046956643
2027 1 17.4610468856586
2027 2 9.82931287948523
2027 3 18.9918196203372
2027 4 23.311856260472
2028 1 16.8562971201456
2028 2 9.46003478722663
2028 3 7.33535125741114
2028 4 36.6666267300735
2029 1 26.9300778785056
2029 2 8.05541846154395
2029 3 8.31927442024446
2029 4 23.2766719558842
2030 1 27.4033014369775
2030 2 15.1864655612404
2030 3 12.5051925530295
2030 4 24.6052259133823
2031 1 26.297820594704
2031 2 18.0100040153723
2031 3 12.2566537884871
2031 4 26.8069257979896
2032 1 31.6982862864497
2032 2 4.77576484231581
2032 3 13.1194475844124
2032 4 19.3164042861895
2033 1 38.8219128535264
2033 2 7.34404621216612
2033 3 7.45626308792121
2033 4 29.8876001690779
2034 1 18.853057892662
2034 2 3.66613953874248
2034 3 2.11265728198859
2034 4 35.2505846089076
2035 1 43.9271852774825
2035 2 7.93258459956331
2035 3 11.1925120052238
2035 4 24.7929139612294
2036 1 17.271449709886
2036 2 8.142694095013
2036 3 9.4729959189635
2036 4 28.7351218288646
2037 1 33.6162985475129
2037 2 27.4246562258562
2037 3 9.64025682132702
2037 4 28.6597182923383
2038 1 23.6411229188054
2038 2 8.03691168966725
2038 3 12.3769655573974
2038 4 28.2157447260412
2039 1 9.87457067129396
2039 2 9.27097806902915
2039 3 10.5614412012765
2039 4 26.8655143655019
2040 1 20.7152501354743
2040 2 15.8175989250409
2040 3 18.218595167085
2040 4 29.6681395096957
2041 1 32.4214398905487
2041 2 15.3255446012171
2041 3 4.69632150952251
2041 4 24.9220792826927
2042 1 30.3890736098114
2042 2 5.8985681541331
2042 3 6.81657303793818
2042 4 14.1221398163849
2043 1 21.9249849198661
2043 2 13.4784924870354
2043 3 15.3197950414424
2043 4 18.317126290522
2044 1 34.242606506222
2044 2 10.2145333125976
2044 3 8.79788921583102
2044 4 45.5238805747149
2045 1 17.8084457424272
2045 2 15.6310391973069
2045 3 32.2607781558423
2045 4 24.6602603497502
2046 1 27.6531003408616
2046 2 7.63763620245304
2046 3 4.1806816261175
2046 4 35.1350316914587
2047 1 36.2681449568636
2047 2 10.7578852887379
2047 3 19.504483332414
2047 4 27.0504905641783
2048 1 29.1780645580498
2048 2 8.1240829339711
2048 3 8.65190759358561
2048 4 14.2362502339028
2049 1 23.4657520597164
2049 2 13.8184144581503
2049 3 27.0536145989746
2049 4 32.899845987333
2050 1 28.0266087768394
2050 2 17.0326168308069
2050 3 13.6631071274902
2050 4 22.32082092154
2051 1 25.5732490996112
2051 2 12.5811725014484
2051 3 11.5292744766017
2051 4 34.7448673063913
2052 1 28.8736633902645
2052 2 4.67539763354514
2052 3 4.63196011780383
2052 4 34.0953742357032
2053 1 25.8611354251353
2053 2 12.1590214856984
2053 3 5.63457104114134
2053 4 32.9876560655577
2054 1 21.6434219279105
2054 2 7.73848712161421
2054 3 4.31408018323062
2054 4 21.899647794651
2055 1 40.9403734451902
2055 2 7.2585037614791
2055 3 4.92259761491345
2055 4 22.0821589326835
2056 1 36.6654431567507
2056 2 15.4681917037872
2056 3 11.3497227960922
2056 4 25.2088830992716
2057 1 31.4766699567842
2057 2 9.85745581048822
2057 3 9.29923808293291
2057 4 21.4361122217567
2058 1 14.2010596800059
2058 2 8.38969452828433
2058 3 9.52348994943244
2058 4 22.5917187909022
2059 1 25.7130943273258
2059 2 12.408202095822
2059 3 10.2978760855117
2059 4 20.347272258837
2060 1 23.1888321712617
2060 2 6.41666699757392
2060 3 14.766959839215
2060 4 32.543942352916
2061 1 26.8859292995419
2061 2 16.5902783446595
2061 3 4.3531565791119
2061 4 24.6145529522266
2062 1 20.8753530905065
2062 2 17.0269122896681
2062 3 7.1783518577324
2062 4 24.9737065523535
2063 1 21.7697482973407
2063 2 19.4262381738012
2063 3 13.941875709908
2063 4 19.6111507174747
2064 1 23.4692918997715
2064 2 8.84329293904796
2064 3 13.8923623581857
2064 4 20.6784531845711
2065 1 42.8542162229661
2065 2 7.91226600103225
2065 3 14.9442730417357
2065 4 24.3143777255717
2066 1 38.8209376724243
2066 2 13.3390196800238
2066 3 2.48596597044985
2066 4 25.6044470952915
2067 1 26.6711194768402
2067 2 9.3955553276267
2067 3 8.36804461236751
2067 4 27.1596704870893
2068 1 16.3578046377036
2068 2 8.75677755408404
2068 3 20.0912782952197
2068 4 24.7051682141554
2069 1 43.0633755199436
2069 2 8.02089125625516
2069 3 13.0812210910606
2069 4 32.1745148117605
2070 1 20.558577359978
2070 2 9.77088523450394
2070 3 18.2448394078492
2070 4 25.7951290904391
2071 1 18.6991433446655
2071 2 3.64526572608332
2071 3 8.43020789430176
2071 4 37.7415617722964
2072 1 26.6785061825243
2072 2 9.9263917792744
2072 3 11.7178997405056
2072 4 22.0312840114316
2073 1 20.7739766729432
2073 2 9.46574251252265
2073 3 15.3755373238167
2073 4 31.8283841063238
2074 1 35.8231522403226
2074 2 18.4449661594609
2074 3 17.7789845398084
2074 4 25.7953882567845
2075 1 31.8456859102297
2075 2 16.7522158329786
2075 3 12.1739894144762
2075 4 20.8547841860129
2076 1 18.8862337169702
2076 2 9.25173885677527
2076 3 15.0644318470353
2076 4 23.4562705702315
2077 1 29.2149091541815
2077 2 9.92252229012617
2077 3 3.90198668782555
2077 4 19.5345512975992
2078 1 34.6037167067814
2078 2 14.0740768090192
2078 3 8.13763616617509
2078 4 15.6221795185723
2079 1 19.5264454065232
2079 2 9.76988081389906
2079 3 23.4483220149672
2079 4 23.1309107987838
2080 1 36.555349540351
2080 2 16.9154867082594
2080 3 14.8163253320269
2080 4 17.796358251178
