0
23.5256269206657
30.8172708450886
28.0709141071316
14.7687680965879
13.9159491136989
5.06942442211509
3.62925394262753
3.00126359048768
5.99098375082019
8.54826406081106
13.358975884366
30.207652666006
26.9640255343563
33.8728338554261
61.0412697013658
30.4674435782059
8.23377078443767
7.27289449193842
3.81549508962377
5.97154806834167
5.31336156629556
21.0530070126546
18.9066023311195
24.6615474002784
36.6266420823755
58.4960273027426
31.3658091710944
16.3010676510677
9.10250370331399
6.46035780056658
5.08723341509311
5.01532415312565
19.0495054460763
22.9371261045555
14.7049862475159
33.1026222582586
36.2602335238362
54.3078023648097
18.4312059559926
18.835328892589
7.68865646154035
6.05720988304885
5.12000961845592
18.8519886069452
13.6228283477407
40.788269942043
27.3806653179949
34.0503931029783
32.3150605796018
64.1514803234494
36.131671916266
36.0650558779424
11.9531796403917
8.93351567061334
3.65446356919522
2.32944518852077
2.72571145079119
7.09363629286188
16.835237354439
20.8949894091794
34.4993959020103
47.3609842266667
20.6906805824178
10.4907045923761
38.4347338247246
16.0245048605215
6.35846454911328
4.10866766475396
21.4598073331368
18.4190973073905
13.1941622533892
15.2297223855756
17.1179048077133
46.5357132017601
65.1592290017983
20.4544075634341
15.3708915217921
3.85227982230319
3.6268063557952
15.1983951912476
13.2697694059579
11.7745117876136
10.3062706703622
25.9952554366353
24.7105649333446
84.5645599525702
61.644730458173
41.9400277467663
22.1980393418581
19.292256520126
6.36417224600337
4.52649207146351
9.5801090309163
36.9553189637967
29.5494369040311
25.4881738141664
32.1346498438589
68.3786145125568
32.7808117141064
30.9936461312279
11.0070137822219
6.33157149366494
10.2699831745158
6.98160929248775
5.6079819541761
7.93109540105813
5.51660619147442
13.0796012795136
14.789669115478
30.4164257409994
27.7351450483217
16.4395925919492
8.47185443721667
7.83532202065124
8.52423489778216
5.88740775662708
9.69348942644487
21.131804223118
25.2688791618111
16.3257393637676
24.240970868065
16.3355994116367
58.9526614615639
15.5857084610456
17.2223216683441
18.1378917058209
5.47054144755136
8.27897755245772
5.98649292491301
26.2346989611247
28.0555254000588
30.723301982678
32.8292420360925
48.901751085121
76.3076868562895
23.6100735311626
13.1681338534033
20.6207884492265
7.35305161457239
5.10910299839292
4.25744896293748
3.20183520498726
3.13194974523959
5.79036419596978
11.9234746449567
17.0895615664916
22.3206598487555
12.0253133440812
8.38580275234533
5.74226947681743
6.43021999544034
12.4757529912539
7.78541567748269
7.53021255026518
6.45167836344148
9.07926834294335
14.2927384110601
42.1247744455037
30.4288265759689
26.6850644194487
7.4276038606903
7.46706977706909
5.23170110485977
8.50847464226495
7.04648728568699
15.9564945859473
22.0547752622287
28.2320615740876
33.6890649709184
62.0481367713533
25.5690978082022
17.4304075239426
24.9608301063575
9.2491289254036
4.78395335287604
5.29304438373866
5.20446724048696
8.70169330914516
9.00545849903725
12.3794550046877
15.979131417808
22.0479813932031
24.1339549603472
13.2260910385348
7.71477425364604
4.7116187934772
3.08549678058136
4.20136517648885
10.185659407673
18.6337055704412
10.2228262025281
16.0315802720455
16.267499050835
23.2395286762887
15.3255630310334
11.506148236332
26.9087025276186
5.36981493341345
2.58909015516687
5.7719954275606
3.71550800082918
56.7865030953765
20.7990573881277
22.1260127493066
23.4467799853867
42.3617411842264
33.9070348656174
16.1705840800012
9.03807138571761
10.5698633419228
25.6321917207442
8.1854180977638
18.2444039472643
16.6660032032926
13.5644383871856
16.092976273291
20.1857601185152
40.1818781240838
42.4534864451605
25.0829986219588
45.4058007040593
7.72438709722528
4.99674274976015
2.14204743162282
1.32883644873857
11.5957264081353
17.3535333662816
21.2177647676067
20.4940500089278
27.1827218705005
29.9172440799815
21.7212105286795
19.9865850109917
19.6730632892502
20.5080297959437
9.84681533245362
12.2321970633648
15.2925996634376
23.1657552654857
17.8548786232172
26.512430100386
50.7093134611945
19.9764179604995
15.6991019328703
11.5663335742043
6.42711073495634
3.27123451621903
2.97321879307872
6.72447117920563
9.82828096786002
16.6264020345337
23.226355006039
28.603894712343
32.3000615104519
32.0699017414963
27.3161492597381
9.17460332664387
3.85970038069658
13.5982600145067
11.3938048421389
10.0223450176892
33.1489937005997
19.4005605771011
21.8398401654092
18.7032154650722
37.4079410518065
25.3450257044874
14.9627679430488
27.9019111065191
15.8816451202424
10.3099203422489
11.151174947896
15.3961009025363
22.2441290192725
19.758075803646
18.2319871306957
21.3702989420281
57.4874172772388
33.4746092198558
19.0497717910337
18.8354152881093
8.57342923392796
4.79864024129863
2.99308037413794
11.9391238614967
14.6427544917506
16.1631594562567
16.1134434512132
19.447629054044
45.920023927783
47.4316628558931
40.9895168190118
17.0454158320204
9.32539911656049
6.79748272436575
7.8733468833575
8.24546635482004
8.45339096253175
23.0235103284461
23.1727296684464
22.6336173855599
50.4262069322096
23.5666716858626
10.3741332790457
13.2620067704579
8.06791477882868
10.3008028700651
4.57916321946545
2.5731727744611
5.91185339190191
45.6883309201014
27.8915006414518
37.1387440461529
30.1895094956497
33.4565329257685
17.1317031367522
12.4727588587554
10.9092984192122
8.12803675657472
23.3366549691884
29.2495426336203
19.6023333477412
24.3944820242338
22.1972483062161
23.8842044622235
42.590433973906
35.0147297127649
15.393170511227
31.7664278646921
14.4827387380755
3.36210073765253
5.9085551332324
5.52818356599041
13.3424653495625
27.075625576323
21.7262969426402
28.1779423990553
38.7927561544417
53.1224269540857
12.0103386595542
11.8507701496231
5.20158364592732
5.48013401824944
3.76160146737822
9.50882383533834
13.5987706377397
12.66786761729
16.4999995706029
23.1816791350219
62.554671933827
38.1644806125042
12.0944812234075
10.7098753689929
10.373831073715
10.0469858886998
15.9123933915142
4.44556878055103
7.05984382017637
5.10764888886696
7.35511959880227
30.3518086063918
33.818102576857
32.7188916699865
32.3435994136074
13.6954463693052
7.60686489661201
5.86062830972827
8.70995328239607
5.87197965774279
8.95553986244638
23.1189877215653
22.8909020045302
24.69070572779
55.2433831206626
64.8962712230702
40.0300524728711
12.6597141696473
9.53369600134571
6.12922418714357
7.65047106173791
7.78141288986284
17.0988840999099
19.5645494378732
32.0151836563351
26.1375662915262
32.6746925676072
33.6839724073074
10.7079092253022
11.3336979844852
4.1121568462951
1.33863016589479
2.62247899141119
15.0031915686803
9.13422825223117
13.7907427152535
11.6117718062334
28.2253938592046
27.323636085069
28.6720925444192
18.0549245382608
49.3029431072212
12.9021558673609
11.6695780042852
15.2431750133246
7.43647141022208
14.9390253414008
16.9847704874376
18.8286503792646
28.5871483195812
70.6554263905113
36.0844047856168
12.6763211462067
16.6196129708251
10.1492547368609
5.29346993925536
14.0602501885649
18.248225882386
21.3172135827247
30.7056009319476
25.7372621857269
24.1855288430523
37.0320112962892
24.495418160035
27.8615047683775
17.4453292138948
7.93150361264253
13.6128822891454
3.42346475855193
2.60367956498013
6.50144867204683
15.8023796753919
39.4627898908087
28.8987201471792
45.6725104814095
34.2684058641523
15.0972066632866
9.02720306359857
3.8260091158107
3.23660213787942
5.13457048600854
4.88115809345126
4.01879015777701
8.43848027144179
12.3313228429632
27.7490520618396
28.8887617360578
36.5474753344189
18.470193631227
10.1958029709985
10.0642879196425
3.64937196825177
6.68476292427662
6.916158075226
13.4465632082787
7.40178088832889
19.966103928645
25.6123057789466
62.7841813282275
23.3323771075834
21.9997027064879
12.7208177392898
22.7481414837134
5.58672533859624
39.6945397798322
16.2016427000843
14.8293449811143
8.58925606008455
18.9372204977916
23.032716558341
35.5034303436692
19.1679773052538
22.9164518345157
34.3002364229839
9.84296243343938
11.5558663394293
6.32220691326935
4.57234740422002
11.5336052451196
9.29111738651406
11.0230616748258
11.5094452967366
32.9688894355811
16.621095178013
18.1241001156161
15.4654097940312
8.28165688502695
4.5424005771771
6.06592273357867
3.53303141986144
10.7288576250446
7.91051569145135
13.289294021047
12.4180849112098
31.7043879655544
30.6337410136833
19.1055640237771
10.4869838160391
5.11718299598073
9.08817291355294
5.32050267729585
8.17389429581925
8.37449995227385
13.4820337472378
12.7028733978007
13.8567675970269
27.5236290355486
49.2145865780435
21.5065094274368
11.5170473105901
20.708759943255
5.63956610258644
1.90552593810876
3.11830824125302
10.2997019937534
12.2991763863913
12.41431145715
31.8723909377025
93.1300161427053
30.1211441158206
25.0835775805806
23.0205884715262
9.49989235385537
11.9053269955562
4.17262209483907
21.7007162428835
32.3533529083942
37.1019456120634
36.9027032384369
48.4552177922044
47.5795607318911
49.9341297264026
16.3551290247562
8.13808874018333
3.8663334893098
10.4888000084943
29.5136788881906
10.1201944979239
9.4919686290348
17.3205422350104
19.2979453647633
17.4091433608109
26.2390697903599
25.2374270228288
41.0877103525672
22.6009384756747
5.31035826300817
9.16416548568035
5.90404692593751
5.64008064500156
8.93868165499927
11.0729996198462
9.75979616490464
14.450508720242
35.1470994681144
67.3348102943795
30.2404572879958
8.28673196931515
7.76381004620918
3.97008185764903
3.59714851766871
10.9214647355232
13.1315322743429
32.4485203285373
38.7162723908269
38.1414975287825
44.0951729135435
19.6572208227655
13.3684063896577
8.98104854703575
38.5400143213746
17.8658318070538
29.9506380053697
13.8573591331822
9.60887430036653
22.2438558275403
16.478187893259
32.5410362863891
64.9350582676889
28.0376363206439
24.9181615404073
7.30650371103133
4.74575212074892
7.50519254844014
62.6326078753255
28.3045463592896
19.4943909437978
37.4529628142331
38.8112080078318
27.7125903427702
41.5329688901889
47.0889403857472
21.1646198184926
8.90018474988494
10.8846879888019
4.76732068903905
7.01974079974714
4.251420468657
9.89686244908218
8.69674992875841
10.0186840084196
12.4752563256401
32.0721458594618
23.847501880246
22.1431813838684
21.5625574438984
7.97284162566008
2.85994531914052
7.01820845173705
55.9324327033919
29.241358328316
20.8739171211824
17.1278079761561
22.9274653350042
57.1314509956294
53.1484453728145
22.0836680396789
8.59364054961313
14.4191079889084
4.5721339604605
9.41070504498251
6.67582208766206
15.4063169712227
12.0596847349032
13.9607738442324
23.9061907436556
21.0699378749727
35.9435367621274
37.3835994852647
14.8082989982401
6.13666694921102
7.40352292807529
8.4177545067202
13.2526251486155
15.2179751830329
27.6109145325448
23.2775198564208
29.962874529418
41.24992714923
18.0712641713732
10.4336407662015
14.4665323538665
6.19316225290547
8.37795036789769
5.91585979749455
9.25230572085541
12.9657064189431
9.75935234734435
8.60858817408297
15.4210228494736
16.4947215909129
34.4119260000712
29.798595533497
11.4556984618297
6.57793401250904
3.40803913848856
10.0981084276416
23.3091201931498
13.2692431487327
34.9162170196551
38.0451760519854
40.8253938333621
65.486557521156
33.61732325009
9.19904256824318
4.40605442717621
1.75183314696391
5.90986411268316
4.58324635514609
5.4614800349321
6.64953370173245
12.7729458163816
15.7537713017386
30.0845188850294
47.9984306903844
17.4938011554997
11.4439393870156
8.51862089684258
4.40475808160589
3.8400478102104
7.26380243095993
15.5449844615458
10.1464770515279
27.6186112280804
26.4180759929816
22.6350951798385
28.7469537207991
65.528954556672
27.2332967336822
10.6568311875273
5.25117719750016
4.01999366765125
2.80043166834875
6.73409996984391
12.1967098274858
15.9023731577911
21.5523451153004
45.5810904009031
38.6640919141325
31.0160385279577
16.8059642257386
6.21000669342024
3.38963048523918
16.4203041768342
22.6442099505645
11.3778646304432
11.8066926034478
23.9552731711916
29.564688140542
30.5768263475366
28.5768636767283
64.7554360333331
24.3811994273484
24.1252360680425
6.67802346204146
5.63735370244585
15.8759021922895
8.50282429387909
13.7035521998819
21.6098511019095
37.6671728211921
33.7094737161665
35.0700402924096
24.2387668149866
15.3030427370055
5.35179267321988
4.12539592819558
1.59577055673252
2.79583925313165
10.4416613056526
8.67429322898014
16.0822602170577
21.0003621176494
16.0446797422275
42.3820923175465
30.686949394862
26.2629566415794
19.1745919315963
12.3833294481765
7.77529233182214
3.67171413654228
3.08484178827758
3.74017909481944
15.0588619677063
28.111146360105
36.1634357063199
29.6271196118477
20.8037827791304
17.0275175975161
24.8020560957474
15.4313617170755
7.84742508106353
62.1777795816048
11.9440316884633
14.3642761629185
19.676683742061
17.7420068264883
23.9726040410706
22.6388684475158
41.9555768242249
28.3433019381912
11.9892282124513
6.02259233342994
3.53506321221021
6.55400024292179
4.08835374496989
3.13166686069685
19.4161885418489
25.805257043273
30.6456958870048
57.9641925380628
55.6090240812522
40.8962587304307
23.5174801892968
19.5560583143343
4.36501829703311
4.03420993163656
3.23534884853783
9.21204017213984
19.1955813004522
13.7533661845118
14.2057028714665
19.0057781187381
48.5732524787777
21.2689653265116
13.20341761202
19.7397413527594
4.7489329212586
6.10512376088866
5.27265984183588
11.8049126404751
17.8047910483941
24.6687627574722
36.1083340862995
52.3616582054686
40.0750443069464
25.9548437762441
11.7872607655551
9.97714634245914
9.96598630336153
7.76399282840204
7.36707456056565
17.7381933822882
16.2389362817632
16.1873570995499
19.4879707433837
42.9565601426607
46.5351104503183
35.6077158637004
23.1855087605004
12.0319871243234
2.88607868010026
2.45243110849277
11.4854154096088
30.5541655479408
19.3095929066826
21.5089126214517
23.6574667704811
43.1802898135916
17.2880131690517
14.2385689350205
6.89392594838586
2.77922870081656
3.00696627773266
3.09709263339205
6.48587703330557
8.8479300173231
11.9985075981757
16.4707579081552
24.4137457728291
32.1353761736977
24.0246580791135
17.1486448888776
6.88907066236878
4.54193045235678
3.93789546439629
10.768229798354
8.30913528540939
19.2168302461717
12.9053619766121
15.7533831219385
20.5842814873941
58.7861105176304
38.9210880951932
19.6174456371109
24.5340725053238
8.30836863297091
4.4877377827312
6.75459931323847
3.88567813699068
21.4733178847111
12.2564139021119
15.1598746839308
32.2797733994419
28.3326056000063
35.7862108819487
19.2134079839934
7.87980541452759
6.04560374049605
7.04190744698313
28.0360776345721
34.4687747205641
26.0532193925484
29.0067857396034
27.4636716477482
24.4688497115438
44.1246305130913
29.0627099750574
21.4516997850918
10.1811177918729
7.27070700334215
8.73717562802906
6.44946864257819
9.20489702805514
10.7438873990624
17.4899468246855
37.6790421456095
25.0588313579222
20.2941970870244
32.8868892341567
16.2069363054201
29.4621257756408
7.94767438386815
3.8659728390479
2.1016694694033
5.74389643930381
5.16631171387768
6.99289064878348
17.991632825522
22.4881516931167
24.6331163336848
28.4606791748561
14.1691974124468
5.8634530184295
4.07472678270495
1.99384298014771
2.53280996873234
6.78443894155633
10.8911053673564
15.087385205277
13.836118588717
19.6444900341239
45.786130393664
32.4216209588946
20.6703855530251
15.2381254662424
8.72813402313517
2.27494004178651
7.90246837908173
2.97853938118942
8.84741009635837
8.16320941551846
14.7895552417936
19.7162327248534
27.7195187616803
24.636198570407
13.7740316290284
13.2586119819305
7.91852063739389
3.21236365603623
5.00518899397988
8.33500401726216
7.15771559958067
5.73201273571139
6.76951355188172
10.0241385537015
24.7325185490553
12.9966113303604
15.244665427133
20.1132444966378
18.457264377104
11.4866471053182
4.29667965515157
4.10988050253295
9.46430681339439
18.0590510584237
39.9608447905242
28.6095848270206
30.7924400933482
32.3486615024652
14.3263340200797
10.1493778350419
12.5843411779897
15.5041837049049
5.28422244935124
8.02357850363146
13.0979405258606
16.4699111780211
12.6501032756459
19.6325532497353
54.5820978956926
52.6443652437198
51.7951523292796
13.6558373734123
16.2310818289609
15.8881976013805
6.13195806897811
4.88461044160754
6.131086532665
11.2979385643394
11.8274402715514
28.1025475078406
64.8351896945221
26.8890982518314
30.9691938487271
11.3268334601524
15.6811614957912
7.637677564251
39.9842928657631
25.4644094502342
12.4403950088697
30.445602636707
