YEAR MONTH PRCP TMAX TMIN TAVG ET DIF
2000 1 101.21 -1.52 -12.74 -7.13 12.81 11.22
2000 2 51.59 -0.21 -12.42 -6.31 16.94 12.21
2000 3 65.65 4.38 -6.76 -1.19 36.08 11.13
2000 4 75.02 13.93 -0.17 6.88 79.8 14.1
2000 5 90.35 19.51 6.92 13.21 119.36 12.6
2000 6 67.39 23.5 10.12 16.81 147.04 13.39
2000 7 27.17 27.44 12.87 20.15 175.66 14.57
2000 8 102.59 26.84 12.22 19.53 160.37 14.62
2000 9 101.42 22.58 8.21 15.39 114.92 14.36
2000 10 113.57 18.6 4.39 11.49 79.44 14.21
2000 11 44.79 10.45 -2.23 4.11 37.96 12.68
2000 12 105.14 1.26 -9.21 -3.98 16.71 10.47
2001 1 104.31 -0.42 -11.33 -5.88 14.11 10.9
2001 2 150.41 1.55 -9.35 -3.9 19.37 10.9
2001 3 79.38 4.49 -6.48 -1 36.24 10.97
2001 4 151.11 13.61 0.92 7.27 76.91 12.7
2001 5 116.08 18.02 5.3 11.66 113.97 12.72
2001 6 15.05 25.39 10.92 18.16 158.82 14.47
2001 7 68.76 27.93 13.45 20.69 177.6 14.48
2001 8 34.29 25.85 12.12 18.99 153.12 13.73
2001 9 102.56 22.26 9.27 15.77 110.53 12.99
2001 10 178.42 16.21 3.98 10.09 70.19 12.23
2001 11 96.8 8.96 -1.53 3.72 33.89 10.49
2001 12 50.86 1.59 -9.05 -3.73 17.15 10.64
2002 1 20.09 0.35 -10.98 -5.31 15.07 11.33
2002 2 166.71 1.1 -8.7 -3.8 18.49 9.8
2002 3 74.88 4.95 -6.31 -0.68 37.41 11.26
2002 4 114.79 13.72 0.89 7.3 77.43 12.83
2002 5 86.52 20.24 5.95 13.09 126.64 14.29
2002 6 88.13 24.02 9.81 16.92 151.98 14.22
2002 7 127.4 27.69 14.63 21.16 170.72 13.06
2002 8 36.84 26.76 12.46 19.61 158.97 14.31
2002 9 70.98 23.65 9.67 16.66 117.68 13.97
2002 10 47.52 16.11 2.62 9.36 71.77 13.49
2002 11 175.11 10.83 -0.64 5.1 37.72 11.47
2002 12 169.61 2.13 -7.17 -2.52 17.4 9.3
2003 1 65.9 0.38 -9.97 -4.8 15 10.35
2003 2 104.29 1.2 -9.96 -4.38 19.59 11.15
2003 3 125.11 5.82 -4.47 0.67 39.04 10.29
2003 4 103.86 14.05 1.17 7.61 79.19 12.88
2003 5 113.96 21.65 6.46 14.06 135.31 15.19
2003 6 151.16 24.75 11.98 18.37 150.34 12.77
2003 7 155.2 27.91 15.77 21.84 167.27 12.14
2003 8 106.46 27.13 14.36 20.74 154.11 12.77
2003 9 132.49 24.39 9.81 17.1 120.83 14.58
2003 10 117.75 17.27 2.57 9.92 75.65 14.7
2003 11 127.43 9.51 -0.42 4.54 33.84 9.93
2003 12 93.16 2.15 -7.38 -2.62 17.39 9.53
2004 1 145.71 -1.01 -11.69 -6.35 13.41 10.69
2004 2 66.19 2.47 -9.22 -3.37 20.81 11.68
2004 3 154.66 6.46 -4.63 0.91 40.59 11.09
2004 4 116.2 14.69 1.43 8.06 81.09 13.26
2004 5 143.75 20.18 7.08 13.63 123.4 13.11
2004 6 78.24 24.55 10.9 17.72 152.39 13.65
2004 7 79.69 27.82 14.2 21.01 173.66 13.62
2004 8 159 27.72 15.11 21.42 156.5 12.62
2004 9 112.61 21.07 8.47 14.77 105.58 12.59
2004 10 169.31 16.25 3.89 10.07 70.49 12.36
2004 11 104.55 8.36 -0.95 3.71 31.92 9.31
2004 12 76.05 3.32 -7.04 -1.86 19.17 10.36
2005 1 100.69 0.65 -10.38 -4.87 15.4 11.03
2005 2 121.59 1.88 -8.81 -3.46 19.78 10.69
2005 3 100.41 5.75 -4.87 0.44 38.71 10.62
2005 4 172.76 13.96 1.23 7.6 78.03 12.73
2005 5 56.62 19.97 5.14 12.55 126.78 14.83
2005 6 163.65 25.37 12.05 18.71 154.69 13.32
2005 7 56.19 27.46 14.67 21.07 168.52 12.79
2005 8 93 25.67 13.17 19.42 147.85 12.5
2005 9 91.75 21.8 8.49 15.14 109.79 13.31
2005 10 64.44 17.89 3.2 10.55 78.14 14.68
2005 11 29.21 8.36 -3.55 2.41 33.92 11.91
2005 12 40.9 2.37 -7.33 -2.48 17.83 9.7
2006 1 12.97 -1.28 -13.01 -7.15 13.08 11.73
2006 2 11.35 0.5 -12.11 -5.81 17.97 12.6
2006 3 141.71 4.74 -5.63 -0.44 36.4 10.37
2006 4 113.95 13.53 0.02 6.77 77.78 13.51
2006 5 112.63 19.32 6.2 12.76 120.05 13.12
2006 6 76.44 24.35 11.53 17.94 148.57 12.82
2006 7 33.87 28.18 14.28 21.23 176.47 13.9
2006 8 173.4 26.17 14.52 20.35 146.29 11.65
2006 9 127.64 23.89 9.77 16.83 118.88 14.12
2006 10 109.13 14.85 2.74 8.8 66.59 12.11
2006 11 82.67 10.51 -1.09 4.71 37.29 11.6
2006 12 134.23 0.01 -10.14 -5.06 15.16 10.15
2007 1 62.94 1.08 -10.05 -4.48 15.92 11.13
2007 2 80.46 1.84 -9.74 -3.95 20.6 11.59
2007 3 144.77 6.99 -5.28 0.86 43.05 12.27
2007 4 85.78 12.54 1.2 6.87 72.14 11.34
2007 5 88.64 21.01 5.95 13.48 132.27 15.06
2007 6 89.7 25.95 11.8 18.88 160.45 14.15
2007 7 48.79 28.36 15.15 21.76 174.14 13.21
2007 8 279.27 25.71 13.4 19.56 146.65 12.31
2007 9 43.6 23.3 8.43 15.87 117.74 14.88
2007 10 55.01 16.92 3.55 10.23 72.97 13.37
2007 11 110.65 8.76 -0.55 4.11 32.14 9.31
2007 12 83.8 1.38 -8.5 -3.56 16.61 9.87
2008 1 85.73 0.74 -10.46 -4.86 15.52 11.2
2008 2 50.67 1.52 -9.58 -4.03 19.36 11.1
2008 3 110.29 4.63 -7.1 -1.24 36.94 11.73
2008 4 44.17 13.82 -0.72 6.55 79.95 14.54
2008 5 60.86 20.56 5.34 12.95 130.12 15.23
2008 6 168.23 24.74 12.06 18.4 149.66 12.68
2008 7 101.55 26.98 13.3 20.14 170.15 13.68
2008 8 26.33 27.76 12.66 20.21 165.92 15.1
2008 9 20.97 22 7.78 14.89 112.6 14.22
2008 10 21.84 17.29 2.7 9.99 76.39 14.6
2008 11 116.47 9.26 -0.99 4.14 34.17 10.25
2008 12 69.16 0.74 -7.85 -3.55 15.59 8.59
2009 1 86.31 0.61 -11.29 -5.34 15.4 11.89
2009 2 19.48 1.31 -11.34 -5.02 19.19 12.65
2009 3 49.9 6 -4.97 0.51 39.49 10.96
2009 4 52.07 13.68 0.83 7.26 77.34 12.85
2009 5 90.81 19.51 5.4 12.45 123.21 14.1
2009 6 68.23 24.24 11.93 18.08 146.19 12.31
2009 7 97.21 26.37 13.7 20.03 163.32 12.67
2009 8 79.12 26.48 12.93 19.7 155.08 13.54
2009 9 127.62 23.31 10.3 16.8 114.01 13.01
2009 10 88.49 17.96 3.25 10.6 78.38 14.71
2009 11 37.4 9.71 -1.12 4.29 35.37 10.83
2009 12 106.53 1.76 -8.96 -3.6 17.37 10.72
2010 1 86.55 0.11 -11.5 -5.7 14.78 11.61
2010 2 25.28 0.13 -11.73 -5.8 17.44 11.86
2010 3 72.23 7.17 -4.56 1.3 42.61 11.73
2010 4 184.35 14.15 1.46 7.81 78.57 12.7
2010 5 100.75 19.19 5.13 12.16 121.84 14.06
2010 6 84.81 27.66 13.52 20.59 167.66 14.15
2010 7 63.82 26.25 13.73 19.99 162.1 12.51
2010 8 97.45 26.72 12.59 19.65 158.17 14.13
2010 9 139.94 22.78 9.96 16.37 111.74 12.82
2010 10 37.59 18.35 2.83 10.59 80.47 15.52
2010 11 164.94 9.55 -1.04 4.26 34.91 10.59
2010 12 88.39 2.49 -7.23 -2.37 17.97 9.72
2011 1 96.12 -0.46 -11.37 -5.91 14.07 10.9
2011 2 65.5 -0.04 -11.71 -5.88 17.81 11.68
2011 3 194.34 6.04 -3.25 1.4 38.54 9.29
2011 4 67.28 13.81 -0.26 6.77 80.02 14.07
2011 5 65.72 18.99 5.18 12.09 121.03 13.81
2011 6 80.34 24.26 10.7 17.48 151.06 13.55
2011 7 75.29 27.55 14.12 20.83 171.52 13.43
2011 8 125.15 25.11 12.71 18.91 144.7 12.41
2011 9 64.57 24.38 11.39 17.88 116.61 12.99
2011 10 12.21 17.86 3.73 10.79 76.5 14.13
2011 11 74.63 10.27 -0.62 4.83 35.9 10.89
2011 12 13.41 0.95 -8.25 -3.65 15.93 9.21
2012 1 121.27 1.53 -9.82 -4.14 16.49 11.35
2012 2 68.25 0.91 -10.19 -4.64 18.5 11.09
2012 3 40.59 5.57 -5.76 -0.1 38.8 11.32
2012 4 125.41 10.69 -0.09 5.3 65.29 10.77
2012 5 76.76 19.91 5.87 12.89 124.69 14.03
2012 6 93.06 26.45 12.83 19.64 160.46 13.62
2012 7 64.07 28.01 13.95 20.98 176.26 14.05
2012 8 57.54 26.61 11.92 19.26 159.58 14.68
2012 9 99.42 23.27 10.01 16.64 114.57 13.26
2012 10 109.9 17.99 4.54 11.26 76.68 13.45
2012 11 120.76 8.01 -2.42 2.79 32.35 10.43
2012 12 142.47 1.57 -8.89 -3.66 17.08 10.46
2013 1 118.51 -0.43 -12.18 -6.31 14.12 11.75
2013 2 68.39 2.13 -9.4 -3.64 20.29 11.53
2013 3 65.25 8.03 -3.19 2.42 44.11 11.22
2013 4 110.2 14.49 1.28 7.88 80.41 13.22
2013 5 96.54 18.69 4.79 11.74 119.46 13.9
2013 6 100.29 26.73 12.78 19.76 162.88 13.95
2013 7 209.14 26.38 14.81 20.6 158.33 11.57
2013 8 158.64 26.22 12.61 19.41 154.22 13.61
2013 9 35.3 23.72 9.86 16.79 117.65 13.86
2013 10 38.77 16.59 2.53 9.56 73.81 14.06
2013 11 74.2 10.8 -0.73 5.04 37.72 11.53
2013 12 259.67 1.09 -7.41 -3.16 15.94 8.5
2014 1 169.06 0.29 -10.98 -5.35 14.98 11.27
2014 2 120.8 1.61 -7.96 -3.17 19.09 9.57
2014 3 109.68 6.37 -4.59 0.89 40.31 10.97
2014 4 77.06 12.56 0.06 6.31 73.42 12.51
2014 5 109.64 18.31 5.24 11.77 115.94 13.07
2014 6 84.21 24.89 11.58 18.24 152.62 13.31
2014 7 99.76 27.25 13.69 20.47 170.88 13.56
2014 8 98.34 25.98 12.69 19.33 152.06 13.28
2014 9 47.11 22.92 9.85 16.39 112.91 13.07
2014 10 31.11 16.9 2.19 9.55 75.46 14.71
2014 11 125.44 8 -2.42 2.79 32.32 10.41
2014 12 69.72 0.75 -9.25 -4.25 16 10
2015 1 93.74 1.19 -10.17 -4.49 16.08 11.36
2015 2 89.18 0.02 -12.6 -6.29 17.88 12.62
2015 3 77.16 5.41 -5.78 -0.19 38.8 11.18
2015 4 96.51 14.35 0.53 7.44 81.47 13.82
2015 5 69.55 20.74 6.88 13.81 128.24 13.86
2015 6 130.45 23.76 11.37 17.57 144.83 12.4
2015 7 31.36 27.65 14.15 20.9 172.25 13.5
2015 8 69.82 26.37 12.61 19.49 154.78 13.76
2015 9 98.49 24.01 9.6 16.81 119.14 14.41
2015 10 69.97 16.31 3.62 9.97 70.42 12.7
2015 11 91.95 10.03 -0.14 4.95 34.88 10.18
2015 12 193.14 2.01 -8.46 -3.23 17.5 10.47
2016 1 102.45 -0.73 -11.78 -6.26 13.75 11.04
2016 2 88.99 1.12 -10.34 -4.61 18.84 11.46
2016 3 67.74 5.89 -6.39 -0.26 40.04 12.28
2016 4 67.74 12.57 -0.92 5.82 74.71 13.49
2016 5 46.2 20.56 4.91 12.74 130.98 15.65
2016 6 56.64 25.24 10.51 17.87 159.01 14.74
2016 7 115.6 28.26 13.2 20.73 181.25 15.05
2016 8 70.81 27.8 13.85 20.82 162.04 13.94
2016 9 140.14 23.97 11.18 17.58 115.57 12.79
2016 10 19.16 17.33 2.61 9.97 76.64 14.72
2016 11 82.57 8.55 -1.25 3.65 32.66 9.8
2016 12 26.42 0.42 -9.78 -4.68 15.65 10.2
2017 1 76.89 0.3 -11.46 -5.58 15.02 11.77
2017 2 32.17 0.99 -11.69 -5.35 18.71 12.68
2017 3 70.92 4.46 -6.21 -0.88 36 10.67
2017 4 110.33 10.59 0.02 5.3 64.67 10.57
2017 5 141.05 18.9 6.06 12.48 117.68 12.84
2017 6 72.43 25.44 11.98 18.71 155.58 13.47
2017 7 83.82 27.25 12.96 20.1 173.7 14.28
2017 8 24.37 26.94 11.92 19.43 162.14 15.02
2017 9 95.7 23.07 10.29 16.68 112.61 12.78
2017 10 47.61 17.28 3.45 10.37 75.36 13.83
2017 11 37.8 10.29 -1.29 4.5 36.9 11.58
2017 12 99.55 3.05 -7.14 -2.04 18.79 10.19
2018 1 64.1 0.02 -9.95 -4.97 14.53 9.97
2018 2 47.47 1.08 -11.01 -4.97 18.83 12.09
2018 3 76.92 4.74 -5.41 -0.34 36.23 10.15
2018 4 96.7 15.11 2.19 8.65 81.84 12.91
2018 5 80.53 21.49 6.17 13.83 134.26 15.32
2018 6 55.81 24.78 11.29 18.04 152.83 13.49
2018 7 145.67 26.6 13.92 20.26 164.36 12.68
2018 8 56.25 26.1 13.03 19.56 151.77 13.07
2018 9 30.53 23.92 8.88 16.4 121.15 15.04
2018 10 133.24 17.54 3.72 10.63 76.01 13.82
2018 11 94.05 9.99 -1.9 4.05 36.65 11.89
2018 12 37.1 0.62 -10.28 -4.83 16 10.9
2019 1 38.99 1.18 -10.83 -4.83 16.12 12.01
2019 2 56.52 1.32 -10.44 -4.56 19.85 11.76
2019 3 75.36 4.31 -6.32 -1 36.07 10.63
2019 4 41.22 13.85 1.07 7.46 78.41 12.78
2019 5 173.59 19.95 6.63 13.29 123.62 13.31
2019 6 48.74 23.76 11.61 17.69 143.85 12.15
2019 7 48.93 27.46 13.35 20.4 173.84 14.11
2019 8 129.63 26.29 13.81 20.05 149.66 12.49
2019 9 126.76 21.38 9.02 15.2 105.17 12.35
2019 10 86.79 17.66 3.97 10.81 75.37 13.69
2019 11 220.53 10.24 -0.41 4.91 35.63 10.65
2019 12 113.27 3.43 -7.13 -1.85 19.23 10.56
2020 1 116.33 1.11 -8.61 -3.75 15.69 9.71
2020 2 97.93 1.21 -11.16 -4.98 19.03 12.37
2020 3 111.34 5.98 -5.41 0.29 39.74 11.38
2020 4 118.13 13.35 0.63 6.99 76.11 12.71
2020 5 68.8 17.58 5.19 11.39 111.42 12.39
2020 6 94.35 25.63 12.05 18.84 156.72 13.57
2020 7 35.47 28.49 14 21.24 180.26 14.5
2020 8 78.36 27.27 12.81 20.04 161.64 14.45
2020 9 43.71 20.82 6.56 13.69 108.62 14.26
2020 10 23.89 15.47 1.95 8.71 70.12 13.52
2020 11 64.82 9.6 -2.7 3.45 36.25 12.3
2020 12 86.78 2.44 -7.94 -2.75 18.11 10.38
2021 1 87.89 -0.12 -11.45 -5.79 14.5 11.34
2021 2 42.32 0.69 -11.79 -5.55 18.26 12.48
2021 3 248.76 6.07 -2.99 1.54 37.92 9.06
2021 4 129.03 13.56 -0.45 6.56 78.51 14.01
2021 5 150.6 17.76 4.92 11.34 113.26 12.84
2021 6 14.81 25.69 9.78 17.73 164.56 15.91
2021 7 94.23 26.92 13.39 20.16 169.33 13.54
2021 8 66.12 25.77 11.37 18.57 155.06 14.4
2021 9 22.95 22.17 7.76 14.96 113.59 14.4
2021 10 60.1 17.24 2.65 9.95 76.24 14.59
2021 11 122.42 9.56 -0.61 4.47 34.55 10.17
2021 12 160.81 2.1 -8.46 -3.18 17.75 10.56
2022 1 126.75 0.96 -8.76 -3.9 15.53 9.72
2022 2 54.92 0.24 -11.11 -5.43 17.58 11.35
2022 3 113.87 4.37 -6.58 -1.11 35.98 10.96
2022 4 70.13 13.16 -0.79 6.19 77.16 13.96
2022 5 125.26 20.15 6.01 13.08 125.94 14.14
2022 6 39.55 25.6 11.24 18.42 159.35 14.36
2022 7 93.49 28.05 14.74 21.39 173.42 13.32
2022 8 71.73 25.82 12.26 19.04 152.39 13.55
2022 9 36.93 22.67 8.23 15.45 115.41 14.44
2022 10 29.14 18.44 2.31 10.38 81.43 16.14
2022 11 132.03 7.74 -2.24 2.75 31.57 9.97
2022 12 114.94 2.25 -7.37 -2.56 17.66 9.62
2023 1 171.63 1.15 -9.75 -4.3 15.98 10.9
2023 2 199.8 2.19 -8.78 -3.3 20.99 10.97
2023 3 100.17 7.62 -4.37 1.62 44.3 11.99
2023 4 120.78 12.75 -0.12 6.31 75.13 12.88
2023 5 116.79 21.02 6.31 13.67 131.52 14.71
2023 6 167.71 26.27 13.39 19.83 157.03 12.87
2023 7 66.32 28.94 15.67 22.3 176.98 13.27
2023 8 63.57 26.5 12.51 19.5 156.18 14
2023 9 123.33 22.02 8.24 15.13 110.86 13.78
2023 10 30.76 18.06 4.31 11.19 76.48 13.74
2023 11 48.09 10.62 -1.95 4.34 37.73 12.57
2023 12 86.47 0.66 -9.4 -4.37 15.81 10.06
2024 1 72.22 0.24 -11.4 -5.58 14.94 11.64
2024 2 51.9 2.35 -8.61 -3.13 20.5 10.96
2024 3 39.95 6.79 -4.32 1.23 41.3 11.11
2024 4 137.59 13.27 0.11 6.69 76.49 13.16
2024 5 129.26 18.8 5.95 12.38 117.31 12.85
2024 6 119.29 24.34 12.4 18.37 145.07 11.93
2024 7 127.8 27.34 14.68 21.01 167.46 12.66
2024 8 91.21 26.94 13.83 20.39 155.37 13.11
2024 9 35.08 21.37 8.01 14.69 108.47 13.36
2024 10 145.48 16.99 4.28 10.64 72.94 12.71
2024 11 68.41 9.61 -1.71 3.95 35.6 11.32
2024 12 46.77 2.07 -8.65 -3.29 17.75 10.72
2025 1 62.26 -1.54 -13.06 -7.3 12.78 11.53
2025 2 65.95 2.17 -9.57 -3.7 20.38 11.74
2025 3 153.24 5.31 -4.4 0.45 37.04 9.71
2025 4 77.05 13.24 0.84 7.04 75.31 12.4
2025 5 109.07 19.27 5.78 12.52 120.76 13.49
2025 6 126.41 25.24 11.61 18.43 155.32 13.64
2025 7 36.95 27.38 13.85 20.61 171.32 13.53
2025 8 94.12 26.32 13.03 19.67 153.46 13.29
2025 9 66.02 21.98 9.44 15.71 108.41 12.54
2025 10 182.67 18 4.68 11.34 76.52 13.33
2025 11 97.08 9.6 -0.28 4.66 34.34 9.88
2025 12 112.44 1.98 -8.66 -3.34 17.62 10.64
2026 1 63.78 0.79 -11.69 -5.45 15.64 12.48
2026 2 65.77 1.92 -9.36 -3.72 19.95 11.28
2026 3 60.99 5.6 -5.31 0.15 38.61 10.91
2026 4 48.35 15.11 1.11 8.11 83.49 14
2026 5 99.21 19.8 5.55 12.67 124.8 14.26
2026 6 60.76 24.82 11.86 18.34 151.1 12.97
2026 7 79.84 28.26 14.34 21.3 176.89 13.92
2026 8 58.09 26.9 12.6 19.75 159.55 14.3
2026 9 134.52 23.21 10.21 16.71 113.68 13
2026 10 100.27 17.09 1.57 9.33 76.89 15.52
2026 11 128.46 9.39 -0.79 4.3 34.3 10.18
2026 12 187.57 2.46 -7.03 -2.28 17.86 9.49
2027 1 76.79 1.37 -8.49 -3.56 16.03 9.86
2027 2 50.26 1.65 -9.71 -4.03 20.28 11.36
2027 3 49.87 3.91 -7.91 -2 35.78 11.81
2027 4 123.02 12.43 -0.87 5.78 74.68 13.3
2027 5 103.59 19.91 5.54 12.72 126.1 14.37
2027 6 92.93 26.43 12.76 19.6 160.82 13.67
2027 7 75.89 27.88 14.53 21.21 172.66 13.36
2027 8 146.5 26.89 13.34 20.11 156.21 13.56
2027 9 165.18 23.36 11.24 17.3 110.83 12.12
2027 10 64.93 16.48 2.61 9.55 72.48 13.87
2027 11 25.48 9.8 -1.91 3.94 35.78 11.71
2027 12 62 2.88 -6.86 -1.99 18.31 9.73
2028 1 90.78 0.4 -9.68 -4.64 14.98 10.09
2028 2 47.93 0.1 -11.45 -5.68 17.38 11.54
2028 3 108.64 5.6 -5.03 0.29 38.4 10.63
2028 4 61.61 13.57 0.56 7.06 77.22 13.01
2028 5 77.51 20.88 5.92 13.4 130.85 14.95
2028 6 74.14 24.86 10.72 17.79 155.39 14.14
2028 7 145.36 27.32 13.83 20.57 170.87 13.49
2028 8 92.64 25.09 13.76 19.42 140.81 11.34
2028 9 32.52 24.55 11.03 17.79 119.53 13.52
2028 10 83.75 17.09 3.36 10.22 74.7 13.73
2028 11 63.9 9.65 -3.82 2.92 36.99 13.47
2028 12 48.89 -0.75 -11.3 -6.02 14.29 10.55
2029 1 97.31 1.27 -8.91 -3.82 15.99 10.18
2029 2 75.37 1.43 -10.91 -4.74 19.36 12.34
2029 3 21.34 4.83 -7.36 -1.26 37.6 12.19
2029 4 152.12 12.67 -0.06 6.3 74.07 12.73
2029 5 26.52 20.82 4.87 12.84 132.71 15.95
2029 6 64.96 23.53 10.17 16.85 147.06 13.36
2029 7 86.24 27.32 14.44 20.88 168.35 12.88
2029 8 152.31 25.53 13.08 19.3 147.15 12.46
2029 9 205.59 22.47 10.29 16.38 108.95 12.18
2029 10 131.33 16.23 2.72 9.47 72.11 13.51
2029 11 6.77 10.38 -1.49 4.45 37.27 11.87
2029 12 192.62 2.97 -7.55 -2.29 18.79 10.52
2030 1 91.38 0.2 -9.96 -4.88 14.76 10.17
2030 2 83.23 -0.4 -12.26 -6.33 16.67 11.86
2030 3 78.86 6.71 -4.47 1.12 41.18 11.18
2030 4 58.63 15.22 0.18 7.7 85.15 15.04
2030 5 89.91 19.97 5.15 12.56 126.74 14.82
2030 6 109.58 25.11 12.03 18.57 152.7 13.08
2030 7 188.21 26.75 13.88 20.32 165.8 12.87
2030 8 76.98 26.81 13.36 20.09 156.13 13.45
2030 9 73.13 22.65 8.85 15.74 113.84 13.8
2030 10 159.6 16.33 4.74 10.53 69.39 11.59
2030 11 81.5 9.92 -1.56 4.18 36.23 11.48
2030 12 47.79 1.99 -7.67 -2.84 17.37 9.66
2031 1 86.88 1.8 -9.17 -3.69 16.75 10.97
2031 2 111.49 2.12 -8 -2.94 20.66 10.12
2031 3 120.13 5.55 -5.68 -0.07 39.14 11.23
2031 4 169.42 12 0.11 6.06 71.44 11.89
2031 5 93.3 20.09 6.89 13.49 123.85 13.19
2031 6 58.62 24.75 11.23 17.99 153.11 13.53
2031 7 40.62 27.85 13.96 20.9 174.77 13.9
2031 8 84.14 26.54 13.95 20.25 151.08 12.59
2031 9 114.36 23.34 9.42 16.38 115.64 13.92
2031 10 23.93 15.88 1.94 8.91 70.97 13.94
2031 11 83.95 11.12 -0.93 5.09 38.21 12.05
2031 12 112.71 1.97 -8.34 -3.18 17.42 10.31
2032 1 109.13 0.65 -8.99 -4.17 15.17 9.64
2032 2 118.69 0.1 -11.6 -5.75 17.39 11.7
2032 3 170.05 6.55 -3.68 1.44 40.05 10.23
2032 4 74.49 14.21 1.05 7.63 79.44 13.16
2032 5 110.74 19.27 5.52 12.4 121.45 13.75
2032 6 76.51 25.53 11.9 18.72 156.51 13.63
2032 7 136.45 27.92 14.2 21.06 174.56 13.72
2032 8 75.52 25.79 12.67 19.23 150.7 13.12
2032 9 92.21 23.57 8.8 16.19 119.32 14.77
2032 10 96.58 16.06 2.21 9.14 72.09 13.84
2032 11 81.57 9.65 -0.63 4.51 34.81 10.28
2032 12 121.12 2.96 -7.63 -2.33 18.8 10.59
2033 1 107.81 -1.05 -12.53 -6.79 13.38 11.48
2033 2 35.81 -0.67 -13.15 -6.92 16.23 12.48
2033 3 79.6 3.64 -6.54 -1.45 33.97 10.18
2033 4 74.19 14.11 0.51 7.31 79.77 13.61
2033 5 72.79 20.61 6.1 13.35 128.67 14.51
2033 6 86.09 22.56 9.89 16.22 140.63 12.67
2033 7 56.65 27.45 13.08 20.26 175 14.38
2033 8 100.18 25.58 11.78 18.68 152.26 13.8
2033 9 60.42 22.83 8.85 15.84 114.9 13.98
2033 10 30.24 17.65 1.64 9.64 79 16.01
2033 11 53.09 9.12 -1.5 3.81 34.26 10.62
2033 12 70.96 0.88 -9.03 -4.08 16.14 9.92
2034 1 73.88 0.83 -10.44 -4.81 15.64 11.27
2034 2 70.66 1.14 -10.62 -4.74 18.89 11.76
2034 3 57.09 5.25 -5.62 -0.18 37.83 10.88
2034 4 62.39 14.23 0.62 7.42 80.15 13.62
2034 5 79.16 20.21 5.57 12.89 127.34 14.64
2034 6 75.08 24.44 10.04 17.24 154.4 14.4
2034 7 109.33 27.61 14.28 20.94 171.54 13.33
2034 8 64.23 26.78 12.2 19.49 159.96 14.58
2034 9 68.49 23.12 9.23 16.18 115.63 13.88
2034 10 101.18 15.58 1.56 8.57 71.04 14.02
2034 11 109.51 9.52 -2.3 3.61 35.8 11.82
2034 12 125.01 1.52 -7.67 -3.07 16.68 9.19
2035 1 103.96 1.62 -8.16 -3.27 16.29 9.78
2035 2 57.64 0.96 -11.34 -5.19 19.33 12.3
2035 3 41.46 7.13 -4.86 1.14 43.19 11.99
2035 4 79.05 13.82 0.31 7.06 79.34 13.51
2035 5 75.26 20.14 5.68 12.91 127.25 14.46
2035 6 93.2 25.26 11.52 18.39 156.02 13.74
2035 7 83.58 28.01 13.49 20.75 177.96 14.52
2035 8 64.64 25.66 12.32 18.99 150.4 13.34
2035 9 87.44 22.7 8.94 15.82 113.05 13.75
2035 10 106.19 15.02 2.74 8.88 66.55 12.28
2035 11 51.34 8.92 -2.99 2.96 34.45 11.91
2035 12 106.87 2.73 -7.2 -2.23 18.2 9.93
2036 1 31.25 0.33 -11.29 -5.48 15.06 11.62
2036 2 83.41 -0.19 -12.06 -6.13 16.97 11.87
2036 3 55.03 5.7 -7.13 -0.71 39.85 12.83
2036 4 77.93 12.83 -0.08 6.38 74.79 12.91
2036 5 91.37 19.95 6.52 13.24 123.37 13.43
2036 6 65.17 26.01 11.77 18.89 160.75 14.24
2036 7 58.97 28.54 13.43 20.99 182.78 15.1
2036 8 9.51 26.33 10.58 18.46 161.63 15.74
2036 9 102.19 22.02 8.82 15.42 110.26 13.2
2036 10 114.85 17.38 2.72 10.05 76.72 14.66
2036 11 187.54 10.25 -0.96 4.64 36.56 11.21
2036 12 118.88 3.6 -6.96 -1.68 19.57 10.56
2037 1 84.4 -0.07 -10.82 -5.45 14.51 10.74
2037 2 61.18 2.81 -8.04 -2.62 21.1 10.84
2037 3 62.51 5.8 -5.29 0.26 39.15 11.09
2037 4 115.27 13.76 0.8 7.28 77.74 12.96
2037 5 111.84 18.27 4.9 11.58 116.51 13.37
2037 6 106.15 24.96 11.72 18.34 152.66 13.24
2037 7 45.03 27.18 13.38 20.28 171.53 13.8
2037 8 92.44 27.64 13.82 20.73 160.91 13.82
2037 9 120.78 24.64 9.75 17.2 123.35 14.89
2037 10 37.63 15.16 2.74 8.95 67.84 12.42
2037 11 128.33 9.06 -2.33 3.37 34.73 11.38
2037 12 65.91 2.54 -8.23 -2.84 18.33 10.76
2038 1 58.02 1.32 -8.52 -3.6 15.97 9.85
2038 2 27 0.98 -11.04 -5.03 18.68 12.02
2038 3 49.56 4.95 -7.5 -1.27 37.98 12.46
2038 4 53.49 14.33 -0.14 7.09 81.53 14.47
2038 5 130.68 20.65 6.44 13.54 128.12 14.21
2038 6 75.28 24.41 11.46 17.94 149.33 12.95
2038 7 211.83 26.2 14.28 20.24 159.25 11.92
2038 8 204.21 25.77 13.17 19.47 148.66 12.6
2038 9 72.69 23.02 9.09 16.06 115.43 13.93
2038 10 16.26 17.19 2.5 9.85 76.24 14.69
2038 11 84.48 7.69 -1.7 2.99 30.99 9.39
2038 12 52.32 0.24 -8.73 -4.24 15.17 8.97
2039 1 106.88 0.83 -9.35 -4.26 15.48 10.18
2039 2 79.75 0.04 -10.63 -5.3 17.85 10.67
2039 3 70.11 5.5 -5.58 -0.04 38.94 11.08
2039 4 51.47 13.81 1.18 7.5 78.05 12.63
2039 5 76.34 19.12 4.75 11.94 122.83 14.37
2039 6 18.14 24.99 10 17.5 158.94 14.99
2039 7 37.06 27.37 14.44 20.91 168.62 12.94
2039 8 93.56 25.6 13.38 19.49 145.89 12.22
2039 9 97.72 21.73 9.5 15.62 105.97 12.23
2039 10 85.02 17.04 2.96 10 74.26 14.08
2039 11 101.75 10.62 -0.32 5.15 36.49 10.94
2039 12 85.85 1.18 -8.95 -3.88 16.44 10.13
2040 1 277.52 1.71 -10.03 -4.16 16.76 11.75
2040 2 121.41 1.37 -9.91 -4.27 19.17 11.28
2040 3 74.67 5.38 -5.37 0 38 10.74
2040 4 58.57 13.98 0.15 7.07 79.64 13.83
2040 5 101.71 21.21 5.29 13.25 134.37 15.93
2040 6 65.49 24.97 10.27 17.62 157.64 14.69
2040 7 58.39 27.74 14.26 21 172.73 13.48
2040 8 101.21 25.86 14.31 20.09 144.69 11.55
2040 9 70.08 22.38 8.54 15.46 113.02 13.84
2040 10 100.54 18.64 4.04 11.34 80.11 14.6
2040 11 115.17 8.95 -2.04 3.45 34.28 10.99
2040 12 39.27 0.38 -9.01 -4.31 15.44 9.39
2041 1 108.66 0.44 -9.1 -4.33 14.91 9.54
2041 2 107.99 1.2 -9.44 -4.12 18.84 10.64
2041 3 56.1 5.51 -5.02 0.25 38.12 10.53
2041 4 67.41 12.75 -0.21 6.27 74.61 12.96
2041 5 73.35 18.76 4.1 11.43 121.4 14.66
2041 6 54.4 24.71 10.63 17.67 154.53 14.08
2041 7 82.28 27.88 14.78 21.33 171.78 13.11
2041 8 146.41 26.56 12.83 19.7 156.13 13.74
2041 9 70.46 23.29 9.87 16.58 115.04 13.42
2041 10 98.59 17.87 4.74 11.31 75.87 13.13
2041 11 67.57 9.46 -0.89 4.28 34.56 10.35
2041 12 30.71 2.95 -6.95 -2 18.57 9.9
2042 1 199.04 1.24 -8.9 -3.83 15.94 10.14
2042 2 45.5 1.99 -8.82 -3.41 19.96 10.81
2042 3 84.74 5.77 -4.8 0.48 38.72 10.57
2042 4 69.04 15.25 1.29 8.27 83.89 13.96
2042 5 57.6 20.03 5.41 12.72 126.59 14.63
2042 6 95.19 25.18 10.37 17.78 159.01 14.82
2042 7 57.16 27.75 13.59 20.67 175.55 14.16
2042 8 53.51 26.32 12.27 19.3 156.21 14.05
2042 9 82.43 22.08 8.5 15.29 111.37 13.57
2042 10 86.33 15.63 3.16 9.4 69.09 12.47
2042 11 91.37 9.06 -2.6 3.23 34.94 11.66
2042 12 88.44 2.08 -7.83 -2.88 17.55 9.91
2043 1 75.13 0.2 -11.28 -5.54 14.89 11.49
2043 2 96.08 2 -8.36 -3.18 20.57 10.36
2043 3 67.88 4.74 -6.12 -0.69 37.15 10.86
2043 4 85.66 13.27 0.06 6.66 77.2 13.21
2043 5 93.87 17.75 5.09 11.42 113.29 12.66
2043 6 107.55 24.05 12.01 18.03 144.63 12.05
2043 7 70.63 26.43 14.14 20.29 161.69 12.28
2043 8 181.48 25.71 12.93 19.32 148.46 12.77
2043 9 66.5 22.21 8.25 15.23 111.93 13.96
2043 10 143.06 17.1 2.98 10.04 74.46 14.12
2043 11 185.77 8.56 -1.5 3.53 32.52 10.06
2043 12 87.62 2.63 -8.37 -2.87 18.37 11
2044 1 74.68 -0.28 -11.1 -5.69 14.28 10.83
2044 2 31.72 0.31 -10.58 -5.13 17.64 10.89
2044 3 83.24 5.64 -5.14 0.25 38.58 10.77
2044 4 78.46 11.37 -0.44 5.47 68.83 11.8
2044 5 59.05 20.86 5.88 13.37 130.85 14.99
2044 6 139.07 24.32 11.05 17.69 150.08 13.27
2044 7 63.69 27.85 13.91 20.88 175.11 13.94
2044 8 83.78 25.9 12.99 19.45 150.34 12.91
2044 9 22.46 21.67 7.75 14.71 110.82 13.93
2044 10 79.46 17.35 3.47 10.41 75.61 13.88
2044 11 60.9 10.76 -0.27 5.24 37.23 11.03
2044 12 77.73 3.05 -6.41 -1.68 18.51 9.45
2045 1 34.65 -0.85 -12.33 -6.59 13.61 11.48
2045 2 84.81 2.19 -8.21 -3.01 20.14 10.4
2045 3 147.03 6.1 -5.24 0.43 39.98 11.34
2045 4 66.24 13.43 0.04 6.73 77.28 13.38
2045 5 110.08 18.76 5.08 11.92 119.17 13.67
2045 6 80.49 24.25 11.19 17.72 149.02 13.06
2045 7 79.25 28.05 14.37 21.21 174.93 13.68
2045 8 115.5 25.91 13.02 19.47 150.33 12.89
2045 9 86.25 21.52 7.73 14.62 109.98 13.79
2045 10 82.62 17.66 4.01 10.83 76.1 13.65
2045 11 65.88 8.83 -1.42 3.71 33.48 10.24
2045 12 57.96 2.28 -7.7 -2.71 17.81 9.98
2046 1 84.58 0.93 -8.42 -3.75 15.4 9.35
2046 2 70.45 1.37 -10.42 -4.52 19.24 11.79
2046 3 190.61 5.62 -3.93 0.84 37.52 9.55
2046 4 64.26 12.14 -0.88 5.63 72.8 13.02
2046 5 124.1 17.56 6.52 12.04 107.52 11.04
2046 6 64.78 23.6 10.83 17.21 145.29 12.77
2046 7 133.28 27.89 15.42 21.66 168.98 12.47
2046 8 173.14 26.65 13.74 20.19 153.43 12.92
2046 9 95.6 21.57 8.65 15.11 108.09 12.93
2046 10 208.83 16.57 4.25 10.41 71.22 12.32
2046 11 96.09 9.68 -1.24 4.22 35.4 10.92
2046 12 97.14 1.47 -9.76 -4.15 17.09 11.23
2047 1 72.03 0.42 -10.44 -5.01 15.1 10.86
2047 2 98.79 2.76 -8.59 -2.92 21.92 11.35
2047 3 119.88 5.16 -6.38 -0.61 38.48 11.55
2047 4 39.48 12.27 -0.61 5.83 73.65 12.89
2047 5 119.37 20.85 6.02 13.43 131.04 14.83
2047 6 105.42 23.94 12.05 18 143.57 11.89
2047 7 80.4 27.36 13.94 20.65 170.58 13.42
2047 8 98.14 26.14 12.87 19.51 152.05 13.27
2047 9 43.93 22.81 8.96 15.89 113.69 13.85
2047 10 52.59 18.09 4.68 11.39 76.08 13.41
2047 11 108.01 9.7 -1.61 4.05 35.33 11.31
2047 12 183.32 1.91 -7.64 -2.86 17.13 9.54
2048 1 17.26 -1.25 -12.83 -7.04 13.12 11.58
2048 2 64.17 0.17 -11.69 -5.76 17.5 11.86
2048 3 76.52 4.47 -6.9 -1.21 36.42 11.37
2048 4 113.79 14.43 1.39 7.91 79.95 13.04
2048 5 69.71 21 5.86 13.43 131.79 15.14
2048 6 78.8 24.42 10.89 17.65 151.4 13.53
2048 7 103.25 25.78 13.63 19.7 158.5 12.15
2048 8 155.2 25.57 13.95 19.76 143.88 11.62
2048 9 82.89 21.54 9.8 15.67 104.76 11.74
2048 10 138.41 17.72 5.19 11.46 74.51 12.53
2048 11 198.77 9.64 -0.53 4.55 34.67 10.17
2048 12 119.97 1.7 -7.93 -3.11 17.02 9.63
2049 1 58.33 -0.54 -11.16 -5.85 13.95 10.62
2049 2 76.25 2.12 -9.66 -3.77 20.32 11.77
2049 3 30.47 6.28 -6.69 -0.21 41.26 12.97
2049 4 75.8 13.55 0.58 7.06 77.11 12.97
2049 5 87.98 20.21 5.61 12.91 127.28 14.6
2049 6 83.1 23.3 10.44 16.87 144.36 12.86
2049 7 94.33 27.92 14.35 21.14 173.88 13.57
2049 8 64.67 26.43 13 19.71 154.45 13.43
2049 9 62.92 21.46 7.05 14.26 111.17 14.41
2049 10 41.3 17.13 3.81 10.47 74.23 13.32
2049 11 23.34 10.85 -0.97 4.94 38.04 11.82
2049 12 47.64 3.55 -7.24 -1.84 19.58 10.79
2050 1 59.44 0.5 -11.3 -5.4 15.27 11.8
2050 2 44.21 1.15 -10.98 -4.92 18.94 12.13
2050 3 72.6 4.51 -6.01 -0.75 36.01 10.52
2050 4 78.54 13.83 0.23 7.03 78.87 13.6
2050 5 62.06 18.34 4.55 11.44 117.75 13.79
2050 6 91.47 25.4 11.99 18.69 155.15 13.41
2050 7 70.87 27.34 13.29 20.31 173.25 14.05
2050 8 44.71 25.48 12.46 18.97 149.08 13.02
2050 9 75.5 22.17 9.63 15.9 108.99 12.54
2050 10 37.46 17.28 2.55 9.91 76.52 14.73
2050 11 50.42 11.19 -0.21 5.49 38.25 11.4
2050 12 63.01 2.42 -7.86 -2.72 18.06 10.28
2051 1 54.11 0.05 -11.69 -5.82 14.72 11.74
2051 2 52.42 0.08 -10.6 -5.26 17.91 10.68
2051 3 44.8 5.35 -6.17 -0.41 38.87 11.52
2051 4 56.38 13.01 -0.62 6.2 76.9 13.62
2051 5 83.17 19.36 5.64 12.5 122.28 13.72
2051 6 68.14 24.69 11.81 18.25 150.47 12.88
2051 7 159.31 27.4 13.85 20.62 171.29 13.55
2051 8 36.1 27.6 12.09 19.85 165.9 15.51
2051 9 60.05 23.3 10.08 16.69 113.7 13.22
2051 10 119.11 17.46 3.84 10.65 74.74 13.62
2051 11 118.13 8.17 -2.25 2.96 32.21 10.42
2051 12 137.49 2.69 -8.31 -2.81 18.45 11
2052 1 125.71 0.72 -11.3 -5.29 15.54 12.02
2052 2 37.35 0.93 -10.7 -4.88 18.58 11.62
2052 3 185.96 6.55 -4.72 0.91 40.91 11.27
2052 4 113.53 12.54 0.83 6.69 72.14 11.71
2052 5 89.66 20.52 4.85 12.69 130.88 15.67
2052 6 141.59 24.13 11.93 18.03 145.33 12.2
2052 7 206.28 26.95 14.19 20.57 166.17 12.76
2052 8 4.38 27.75 12.17 19.96 167.49 15.58
2052 9 46.73 23.71 10.1 16.9 116.98 13.61
2052 10 128.45 17.14 4.89 11.02 72.56 12.25
2052 11 69.53 8.18 -1.65 3.27 32.13 9.83
2052 12 97.21 1.9 -8.52 -3.31 17.47 10.42
2053 1 145.8 2.66 -8 -2.67 17.7 10.66
2053 2 32.99 2.45 -9.53 -3.54 20.83 11.98
2053 3 98.24 5.66 -4.33 0.66 38 9.99
2053 4 66.75 12.74 -0.06 6.34 74.38 12.8
2053 5 46.62 21.11 5.37 13.24 133.55 15.74
2053 6 139.01 25.05 12.24 18.64 151.44 12.81
2053 7 98.41 28.12 14.87 21.5 173.42 13.25
2053 8 50.89 26.6 11.68 19.14 160.36 14.93
2053 9 91.07 21.75 7.94 14.84 110.82 13.81
2053 10 127.28 16.43 3.12 9.77 72.36 13.31
2053 11 73.33 8.31 -3.6 2.35 33.83 11.91
2053 12 67.84 2.08 -6.73 -2.32 17.16 8.81
2054 1 112.85 1.12 -8.28 -3.58 15.63 9.4
2054 2 120.04 0.26 -11.26 -5.5 17.62 11.52
2054 3 51.83 5.75 -5.13 0.31 38.9 10.88
2054 4 77.25 15.06 1.6 8.33 82.53 13.45
2054 5 149.85 18.13 6.53 12.33 111.31 11.61
2054 6 48.33 24.14 10.52 17.33 150.55 13.62
2054 7 39.84 27.97 14.55 21.26 173.5 13.42
2054 8 34.35 27.3 13.43 20.37 159.69 13.87
2054 9 45.21 22.58 8.95 15.76 113.19 13.63
2054 10 50.42 16.58 2.75 9.66 73.47 13.83
2054 11 62.4 9.24 -1.89 3.68 34.85 11.13
2054 12 104.11 2.39 -6.99 -2.3 17.74 9.38
2055 1 118.48 0.08 -10.82 -5.37 14.71 10.9
2055 2 68.41 0.33 -12.01 -5.84 18.37 12.34
2055 3 110.1 5.54 -4.89 0.32 38.55 10.43
2055 4 146.16 15.28 2.14 8.71 83.43 13.14
2055 5 53.34 19.26 5.94 12.6 120.89 13.32
2055 6 80.54 24.79 11.69 18.24 151.69 13.1
2055 7 35.52 28.02 12.43 20.22 181.82 15.59
2055 8 93.67 26.94 13.59 20.27 155.63 13.35
2055 9 23.34 22.7 7.97 15.33 115.31 14.73
2055 10 84.16 16.86 3.23 10.05 73.16 13.63
2055 11 27.64 9.4 -1.24 4.08 34.31 10.63
2055 12 166.08 3.67 -6.81 -1.57 19.5 10.48
2056 1 113.75 1.24 -9.24 -4 16.01 10.48
2056 2 74.15 0.28 -12.45 -6.08 17.64 12.73
2056 3 238.05 5.91 -5.2 0.36 39.4 11.11
2056 4 95.63 13.25 0.18 6.72 76.31 13.07
2056 5 110.87 18.42 5.9 12.16 114.97 12.52
2056 6 38.34 26.7 12.43 19.56 163.89 14.27
2056 7 74.14 27.24 14.04 20.64 169.35 13.2
2056 8 131.3 26.07 12.52 19.29 153.36 13.54
2056 9 106.62 23.73 10.68 17.2 115.52 13.05
2056 10 18.87 17.36 1.92 9.64 77.55 15.43
2056 11 157.56 9.1 -2.06 3.52 34.64 11.16
2056 12 102.3 1.91 -8.21 -3.15 17.41 10.12
2057 1 49.87 0.33 -9.81 -4.74 14.9 10.14
2057 2 31.69 1.12 -10.29 -4.58 18.84 11.42
2057 3 96.04 6.36 -5.04 0.66 40.57 11.4
2057 4 172.38 12.5 -0.06 6.22 73.3 12.56
2057 5 67.82 19.88 6.24 13.06 123.6 13.64
2057 6 48.29 22.75 9.31 16.03 143.99 13.44
2057 7 126.66 26.36 13.1 19.73 165.68 13.25
2057 8 170.72 25.6 13.14 19.37 147.38 12.46
2057 9 60.28 22.13 7.38 14.76 114.22 14.75
2057 10 34.82 17.13 3.22 10.18 75.07 13.91
2057 11 80.75 8.08 -2.21 2.93 32.35 10.29
2057 12 83.3 3.02 -7.43 -2.2 18.84 10.45
2058 1 152.06 0.36 -10.13 -4.88 14.99 10.49
2058 2 91.51 2.31 -11.28 -4.49 20.71 13.59
2058 3 67.83 4.36 -5.08 -0.36 34.91 9.45
2058 4 61.09 14.66 0.16 7.41 82.66 14.5
2058 5 147.97 21.28 6.19 13.73 132.84 15.09
2058 6 66.55 24.28 11.24 17.76 149.07 13.04
2058 7 227.6 28.61 14.42 21.52 179.62 14.2
2058 8 61.84 26.03 11.59 18.81 156.29 14.44
2058 9 80.32 22.59 9.18 15.88 112.66 13.41
2058 10 182.28 16.82 3.16 9.99 73.88 13.66
2058 11 65.9 10.47 0.64 5.56 35.62 9.83
2058 12 118.95 2.37 -8.06 -2.84 18.04 10.43
2059 1 83.74 -0.95 -13.34 -7.15 13.44 12.39
2059 2 55.49 3.57 -8.04 -2.23 23.18 11.61
2059 3 66.32 5.42 -5.88 -0.23 38.91 11.3
2059 4 67.19 14 0.07 7.04 80.5 13.94
2059 5 138.48 18.95 4.72 11.83 121.8 14.23
2059 6 84.05 24.53 10.75 17.64 153.04 13.79
2059 7 11.59 26.82 12.46 19.64 171.88 14.36
2059 8 38.13 26.19 12.51 19.35 153.81 13.69
2059 9 111.58 22.37 8.39 15.38 112.51 13.98
2059 10 94.4 17.4 3.39 10.4 75.13 14.01
2059 11 138.96 10.55 0.96 5.75 35.07 9.59
2059 12 87.35 2.27 -7.56 -2.65 17.64 9.84
2060 1 151.35 -0.64 -11.31 -5.97 13.84 10.67
2060 2 70.08 1.63 -10.29 -4.33 19.63 11.92
2060 3 43.41 6.77 -6.06 0.35 42.35 12.83
2060 4 150.62 12.28 0.26 6.27 71.87 12.02
2060 5 94.42 18.17 4.38 11.27 117.09 13.79
2060 6 64.21 24.82 10.55 17.68 155.6 14.26
2060 7 63.54 27.44 12.79 20.12 175.95 14.65
2060 8 41.24 26.33 12.98 19.66 153.76 13.35
2060 9 65.48 22.22 10.08 16.15 108.06 12.14
2060 10 15.64 18.05 2.85 10.45 79.23 15.2
2060 11 121.95 9.29 -1.49 3.9 34.66 10.79
2060 12 39.34 0.63 -10.07 -4.72 15.98 10.7
2061 1 93.64 -0.06 -9.61 -4.84 14.36 9.55
2061 2 29.53 0.34 -10.78 -5.22 17.7 11.12
2061 3 57.89 4.65 -6.18 -0.77 36.5 10.82
2061 4 84.7 12.63 1.24 6.93 71.88 11.39
2061 5 58.29 19.04 5.06 12.05 121.04 13.98
2061 6 31.54 23.76 9.66 16.71 150.44 14.09
2061 7 93.33 26.57 13.64 20.1 165.24 12.93
2061 8 86.32 25.2 12.65 18.92 146.19 12.55
2061 9 130.25 21.33 8.52 14.92 107.01 12.81
2061 10 83.63 15.48 3.21 9.34 68.39 12.27
2061 11 138.37 9.91 -1.23 4.34 35.96 11.14
2061 12 175.77 1.61 -8.05 -3.22 16.94 9.67
2062 1 69.59 0.18 -10.47 -5.15 14.8 10.65
2062 2 62.24 0.78 -10.77 -4.99 18.36 11.55
2062 3 107.99 4.32 -6.3 -0.99 35.68 10.62
2062 4 34.27 14.31 0.78 7.54 80.29 13.54
2062 5 88.1 18.94 5.5 12.22 119.33 13.44
2062 6 26.64 24.04 10.55 17.3 149.69 13.49
2062 7 70.37 27.3 13.54 20.42 171.89 13.76
2062 8 43 26.47 13.65 20.06 152.3 12.82
2062 9 98.57 24.28 10.22 17.25 120.04 14.06
2062 10 90.75 16.49 4.21 10.35 70.98 12.28
2062 11 46.49 9.62 -1.74 3.94 35.65 11.36
2062 12 58.38 1.48 -7.81 -3.17 16.67 9.3
2063 1 58.93 1.53 -10.1 -4.28 16.52 11.63
2063 2 96.9 0.05 -10.87 -5.41 17.9 10.92
2063 3 49.19 6.02 -6.38 -0.18 40.86 12.4
2063 4 63.03 13.91 0.51 7.21 79.5 13.4
2063 5 37.58 20.51 5.45 12.98 130.18 15.06
2063 6 100.59 24.69 12.37 18.53 148.32 12.32
2063 7 116.97 26.44 13.71 20.08 163.71 12.73
2063 8 29.44 26.91 12.03 19.47 160.9 14.88
2063 9 198.25 21.23 8.55 14.89 105.55 12.68
2063 10 88.11 17.97 4.85 11.41 75.31 13.12
2063 11 178.19 11.54 1.02 6.28 37.54 10.52
2063 12 84.82 4.3 -6.19 -0.94 20.26 10.48
2064 1 63.36 0.91 -10.72 -4.9 15.76 11.63
2064 2 91.72 1.29 -11.33 -5.02 19.16 12.63
2064 3 86.8 4.56 -5.9 -0.67 36.08 10.46
2064 4 28.29 13.72 0.22 6.97 78.39 13.5
2064 5 174.89 18.27 6.24 12.26 113.05 12.03
2064 6 71.16 24.94 11.06 18 154.88 13.88
2064 7 32.33 28.78 13.59 21.18 184.26 15.2
2064 8 90.15 27.65 12.65 20.15 165.15 15
2064 9 16.57 22.36 7.77 15.07 114.69 14.59
2064 10 63.8 17.14 4.33 10.73 73.48 12.81
2064 11 85.54 9.78 0.22 5 34.28 9.55
2064 12 94.63 1.58 -7.58 -3 16.74 9.16
2065 1 68.6 -0.19 -11.3 -5.74 14.4 11.1
2065 2 69.76 2.04 -8.83 -3.4 20.04 10.86
2065 3 80.39 4.85 -6.03 -0.59 36.97 10.88
2065 4 109.67 13.27 0.62 6.95 75.78 12.65
2065 5 122.25 20.34 7.54 13.94 123.17 12.8
2065 6 95.51 24.03 10.44 17.23 149.91 13.58
2065 7 105.96 27.16 13.41 20.29 171.22 13.75
2065 8 88.87 25.45 13.4 19.42 145.14 12.04
2065 9 91.91 22.49 8.56 15.53 113.64 13.93
2065 10 66.39 17.27 4.29 10.78 74.08 12.98
2065 11 165.82 11.27 0.02 5.64 38.25 11.25
2065 12 52.55 1.46 -9.14 -3.84 16.97 10.6
2066 1 120.59 0.29 -10.94 -5.33 14.98 11.23
2066 2 42.04 0.55 -11.36 -5.41 18.05 11.9
2066 3 113.62 5.91 -3.87 1.02 38.32 9.78
2066 4 41.72 13.66 -0.41 6.62 78.87 14.06
2066 5 92.8 18.77 6.03 12.4 116.88 12.74
2066 6 79.99 25.55 12.5 19.02 154.43 13.05
2066 7 64.04 27.93 14.24 21.09 174.47 13.69
2066 8 75.29 25.63 12.54 19.08 149.91 13.09
2066 9 38.52 24.29 8.69 16.49 123.71 15.6
2066 10 79.42 18.02 4.07 11.04 77.49 13.95
2066 11 98.8 8.83 -1.67 3.58 33.71 10.5
2066 12 63.25 2.02 -8.89 -3.43 17.73 10.91
2067 1 86.52 0.81 -11.74 -5.46 15.66 12.55
2067 2 131.61 2.91 -8.63 -2.86 22.18 11.54
2067 3 134.7 5.99 -4.87 0.56 39.86 10.86
2067 4 66.14 13.04 0.62 6.83 75.39 12.42
2067 5 45.96 20.2 6.15 13.18 126.56 14.06
2067 6 83.82 24.51 10.7 17.61 153 13.81
2067 7 69.72 26.93 13.8 20.36 167.49 13.13
2067 8 158.39 26.76 13.78 20.27 153.46 12.98
2067 9 182.25 23.99 9.95 16.97 118.11 14.03
2067 10 134.18 17.43 5.24 11.33 72.43 12.2
2067 11 154.43 10.15 0.05 5.1 34.98 10.1
2067 12 47.77 2.32 -7.31 -2.49 17.63 9.63
2068 1 125.45 0.75 -7.98 -3.62 15.02 8.73
2068 2 19.66 2.62 -9.72 -3.55 21.13 12.34
2068 3 62.55 3.89 -7.09 -1.6 34.95 10.98
2068 4 103.97 15.64 2.07 8.86 84.54 13.57
2068 5 50.59 19.67 5.65 12.66 123.69 14.02
2068 6 56.77 24.52 10.65 17.59 153.05 13.88
2068 7 149.1 26.91 13.98 20.44 166.75 12.93
2068 8 26.16 26.94 12.31 19.62 160.86 14.64
2068 9 48.23 22.88 9.7 16.29 113.04 13.18
2068 10 83.08 17.3 2.84 10.07 76.25 14.46
2068 11 140.68 10.26 0.09 5.17 35.63 10.17
2068 12 34.94 1.19 -8.58 -3.7 16.46 9.77
2069 1 42.8 -0.08 -10.4 -5.24 14.46 10.32
2069 2 82.25 -0.48 -11.96 -6.22 16.56 11.49
2069 3 122.71 6.41 -4.88 0.76 40.62 11.29
2069 4 190.1 12.98 0.5 6.74 74.64 12.48
2069 5 65.3 20.19 6.3 13.25 125.48 13.89
2069 6 30.21 25.08 10.89 17.98 156.53 14.19
2069 7 63.89 27.3 12.37 19.83 176.3 14.93
2069 8 26.08 26.93 13 19.97 158.35 13.93
2069 9 92.38 22.62 8.92 15.77 113.51 13.7
2069 10 105.31 16.98 4.55 10.77 72.46 12.43
2069 11 58.17 9.29 -1.79 3.75 34.9 11.09
2069 12 37.68 1.91 -7.54 -2.81 17.21 9.45
2070 1 90.28 0.81 -10.04 -4.62 15.57 10.86
2070 2 149.84 1.9 -8.96 -3.53 19.84 10.86
2070 3 49.06 5.29 -5.61 -0.16 37.91 10.9
2070 4 222.72 14.12 0.76 7.44 79.46 13.36
2070 5 96.42 17.76 5.7 11.73 111.22 12.06
2070 6 60.99 26.09 11.47 18.78 162.43 14.63
2070 7 97.44 27.29 14.8 21.05 166.42 12.48
2070 8 55.28 26.66 13.53 20.1 154.3 13.13
2070 9 20.36 21.65 6.83 14.24 112.69 14.82
2070 10 94.53 15.59 2.67 9.13 69.64 12.92
2070 11 92.34 8.33 -1.86 3.24 32.66 10.19
2070 12 102.11 1.99 -7.93 -2.97 17.45 9.92
2071 1 37.14 -0.23 -11.61 -5.92 14.36 11.38
2071 2 73.5 1.7 -10.99 -4.64 20.49 12.69
2071 3 146.32 4.96 -4.93 0.01 36.89 9.88
2071 4 57.73 14.01 0.29 7.15 80.26 13.72
2071 5 53.2 19.17 5.81 12.49 120.65 13.36
2071 6 62.11 23.84 10.42 17.13 148.81 13.42
2071 7 19.9 28.07 13.28 20.68 179.21 14.79
2071 8 43.95 25.91 13.27 19.59 148.76 12.64
2071 9 75.26 23.49 8.69 16.09 118.24 14.81
2071 10 137.84 16.72 2.76 9.74 73.26 13.97
2071 11 99.61 10.56 0 5.28 36.06 10.56
2071 12 133.03 1.39 -8.3 -3.45 16.57 9.69
2072 1 48.88 0.93 -9.81 -4.44 15.69 10.74
2072 2 28.53 1.37 -9.81 -4.22 19.16 11.18
2072 3 30.66 3.9 -8.35 -2.23 35.49 12.25
2072 4 126.59 14.59 1.84 8.21 79.99 12.75
2072 5 66.01 18.65 5.42 12.04 117.71 13.23
2072 6 79.21 26.06 11.21 18.63 163 14.85
2072 7 64.45 28.48 14.4 21.44 178.52 14.08
2072 8 89.17 26.45 12.44 19.45 156.65 14.01
2072 9 101.07 23.13 9.3 16.21 115.56 13.83
2072 10 111.58 17.12 3.88 10.5 74.1 13.25
2072 11 96.59 7.94 -1.98 2.98 31.83 9.92
2072 12 81.07 2.69 -6.6 -1.96 18.04 9.29
2073 1 108.81 1.11 -10.17 -4.53 15.98 11.28
2073 2 47.29 0.26 -11.6 -5.67 17.63 11.86
2073 3 93.59 5.6 -4.53 0.53 38.02 10.14
2073 4 30.93 12.59 -1.04 5.78 74.95 13.63
2073 5 46.18 19.89 5.52 12.7 125.41 14.37
2073 6 35.76 26.19 12.06 19.12 161.13 14.13
2073 7 71.82 27.92 14.33 21.13 173.96 13.58
2073 8 22.59 27.31 13.13 20.22 160.81 14.17
2073 9 10.76 21.84 6.71 14.28 113.98 15.13
2073 10 51.38 18.01 2.89 10.45 79.01 15.12
2073 11 28.72 8.9 -3 2.95 34.82 11.9
2073 12 138.47 2.73 -5.94 -1.6 17.82 8.67
2074 1 74.51 -0.96 -11.15 -6.05 13.44 10.19
2074 2 79.46 1.06 -9.26 -4.1 18.57 10.32
2074 3 150.32 4.77 -5.36 -0.29 36.29 10.13
2074 4 149.72 12.31 0.66 6.49 71.38 11.65
2074 5 62.22 19.88 5.42 12.65 125.59 14.46
2074 6 88.52 24.99 12.53 18.76 149.8 12.45
2074 7 38.53 27.09 13.66 20.37 169.63 13.43
2074 8 77.77 25.53 12.94 19.24 147.63 12.59
2074 9 259.68 21.54 10.4 15.97 103 11.15
2074 10 35.07 17.25 3 10.13 75.85 14.25
2074 11 46.34 9.51 -2.46 3.52 35.88 11.97
2074 12 16.28 2.38 -8.43 -3.03 18.15 10.81
2075 1 27.2 -0.31 -11.1 -5.71 14.23 10.79
2075 2 108.97 1.63 -8.06 -3.22 19.84 9.69
2075 3 56.26 6.27 -6.94 -0.33 41.83 13.22
2075 4 108.68 12.08 2.49 7.28 67.46 9.59
2075 5 80.78 19.63 7.14 13.38 120.07 12.49
2075 6 36 24.52 10.05 17.28 155.22 14.47
2075 7 19.83 27.63 13.46 20.55 174.9 14.18
2075 8 151.68 26.84 12.49 19.66 158.83 14.35
2075 9 156.6 22.5 8.84 15.67 112.18 13.66
2075 10 98.89 16.36 2.68 9.52 71.93 13.68
2075 11 20.94 9.17 -1.29 3.94 33.81 10.46
2075 12 68.35 2.8 -6.58 -1.89 18.09 9.38
2076 1 145.78 0.18 -11.04 -5.43 14.85 11.22
2076 2 113.67 1.92 -9.17 -3.63 19.92 11.09
2076 3 96.18 6.79 -4.39 1.2 41.37 11.18
2076 4 68 11.83 0.27 6.05 69.83 11.56
2076 5 23.88 19.35 5.23 12.29 122.62 14.12
2076 6 100.75 23.99 11.89 17.94 144.38 12.1
2076 7 42.24 27.42 13.63 20.53 172.52 13.78
2076 8 45.1 26.55 12.25 19.4 158.06 14.3
2076 9 300.01 20.55 8.4 14.48 102.77 12.15
2076 10 80.73 17.09 3.24 10.17 74.87 13.85
2076 11 125.52 9.35 -1.3 4.03 34.63 10.64
2076 12 112.27 3.98 -5.38 -0.7 19.54 9.36
2077 1 44.09 -1.92 -14.7 -8.31 12.16 12.78
2077 2 103.81 0.46 -10.07 -4.8 17.8 10.53
2077 3 58.29 4.94 -5.5 -0.28 36.87 10.45
2077 4 35.55 13.66 0.63 7.14 77.52 13.02
2077 5 79.27 20.1 5.71 12.91 126.29 14.38
2077 6 66.28 25.46 12.47 18.97 153.85 12.99
2077 7 255.52 26.44 14.26 20.35 161.46 12.18
2077 8 203.34 25.06 10.88 17.97 151.36 14.18
2077 9 300.88 21.98 8.65 15.31 110.43 13.33
2077 10 56.88 17.81 4.29 11.05 76.31 13.52
2077 11 82.27 9.64 -2.04 3.8 35.9 11.68
2077 12 11.42 0.9 -10.14 -4.62 16.36 11.04
2078 1 53.72 -2.02 -13.8 -7.91 12.17 11.78
2078 2 78.07 -0.45 -11.46 -5.96 16.59 11.01
2078 3 61.01 6.13 -4.65 0.75 39.65 10.78
2078 4 81.81 11.94 -1.08 5.43 72.19 13.02
2078 5 89.66 18.88 4.92 11.9 120.34 13.96
2078 6 57.45 25.57 11.03 18.3 159.8 14.53
2078 7 68.84 27.85 15.15 21.5 169.77 12.69
2078 8 38.89 26.47 12.43 19.45 156.77 14.03
2078 9 65.26 24.19 10.86 17.52 117.81 13.33
2078 10 103.69 18.35 4.68 11.51 77.99 13.68
2078 11 86.91 8.05 -1.57 3.24 31.74 9.62
2078 12 54.99 4.23 -6.89 -1.33 20.51 11.12
2079 1 42.63 -0.53 -9.73 -5.13 13.77 9.2
2079 2 140.28 1.59 -9.55 -3.98 20.16 11.14
2079 3 129.99 6.32 -5.16 0.58 41.02 11.48
2079 4 80.45 12.71 1.29 7 72.77 11.42
2079 5 136.93 20.53 7.56 14.04 124.97 12.97
2079 6 45.69 25.25 12.15 18.7 153.6 13.1
2079 7 54.56 27.71 14.13 20.92 172.77 13.57
2079 8 46.74 26.27 12.72 19.49 153.64 13.55
2079 9 76.81 21.51 8.25 14.88 107.91 13.26
2079 10 53.34 17.35 4.05 10.7 73.97 13.3
2079 11 106.02 9.17 -1.54 3.82 34.01 10.71
2079 12 59.66 0.94 -9.1 -4.08 16.13 10.03
2080 1 146.64 0.22 -10.94 -5.36 14.9 11.16
2080 2 83.64 1.46 -9.93 -4.24 19.31 11.38
2080 3 52.23 5.31 -5.75 -0.22 38.07 11.06
2080 4 58.37 12.82 -0.53 6.15 75.33 13.35
2080 5 54.49 18.47 4.21 11.34 119.32 14.26
2080 6 108.91 23.54 10.55 17.05 145.77 12.98
2080 7 59.21 27.12 14.72 20.92 165.32 12.4
2080 8 90.99 26.07 13.82 19.95 148.44 12.25
2080 9 51.9 24.07 11.26 17.66 115.94 12.81
2080 10 61.33 16 2.34 9.17 71.7 13.65
2080 11 67.84 10.1 -0.92 4.59 36.15 11.02
2080 12 125.02 2.56 -6.52 -1.98 17.81 9.08
