YEAR MONTH PRCP TMAX TMIN TAVG ET DIF
2000 1 62.09 0.31 -11.18 -5.44 15.02 11.49
2000 2 139.5 2.05 -10.02 -3.99 20.25 12.07
2000 3 126.78 6.25 -4.64 0.81 39.99 10.89
2000 4 90.9 12.92 0.96 6.94 73.67 11.96
2000 5 132.19 19.55 5.46 12.5 123.35 14.09
2000 6 110.14 24.86 11.26 18.06 153.58 13.6
2000 7 9.19 27.48 13.68 20.58 172.85 13.8
2000 8 75.13 26.37 11.87 19.12 157.98 14.5
2000 9 123.37 22.83 8.74 15.79 115.19 14.1
2000 10 38.34 17.85 2.66 10.26 78.65 15.18
2000 11 125.45 8.04 -2.75 2.65 32.68 10.79
2000 12 74.76 2.58 -7.82 -2.62 18.29 10.4
2001 1 40.84 -0.48 -10.98 -5.73 14.01 10.5
2001 2 66.05 0.31 -11.56 -5.62 17.7 11.87
2001 3 41.57 5.33 -6.98 -0.82 38.79 12.31
2001 4 31.31 13.5 -0.18 6.66 77.92 13.68
2001 5 122.63 20.09 5.77 12.93 126.12 14.32
2001 6 63.65 24.95 11.26 18.11 154.29 13.7
2001 7 116.23 27.63 14.68 21.16 169.97 12.95
2001 8 66.98 25.98 12.73 19.35 152 13.26
2001 9 71.37 23.24 8.75 16 117.51 14.49
2001 10 65.68 18.03 3.03 10.53 78.96 15.01
2001 11 29.22 8.19 -2.43 2.88 32.79 10.62
2001 12 107.1 2.72 -7.16 -2.22 18.29 9.88
2002 1 45.83 -0.25 -11.32 -5.78 14.32 11.06
2002 2 34.86 -0.24 -13.04 -6.64 16.84 12.79
2002 3 65.43 5.92 -5.95 -0.01 39.91 11.88
2002 4 81.1 12.33 -0.95 5.69 73.71 13.28
2002 5 222.85 18.87 7.08 12.97 114.62 11.8
2002 6 52.62 24.53 10.02 17.27 155.15 14.51
2002 7 48.57 28.23 13.59 20.91 179.58 14.64
2002 8 220.91 25.62 12.72 19.17 149.18 12.9
2002 9 140.02 21.75 9.39 15.57 107.16 12.36
2002 10 153.46 16.87 3.55 10.21 73.52 13.31
2002 11 88.63 10.06 -1.34 4.36 36.4 11.4
2002 12 41.99 1.54 -8.1 -3.28 16.84 9.64
2003 1 114.62 1.26 -10.87 -4.81 16.22 12.13
2003 2 95.76 1.49 -10.25 -4.38 20.09 11.74
2003 3 45.04 5.88 -6.56 -0.34 40.56 12.44
2003 4 106.86 12.3 0.92 6.61 71.51 11.38
2003 5 74.49 20.08 6.79 13.43 124.06 13.29
2003 6 78.95 25.74 11.06 18.4 161.32 14.68
2003 7 58.4 28.06 14.21 21.14 175.54 13.86
2003 8 77.43 26.46 12.81 19.64 154.77 13.65
2003 9 208.96 20.52 8.33 14.42 102.03 12.19
2003 10 192.3 17.48 3.33 10.4 75.49 14.14
2003 11 85.87 10.79 -1.33 4.73 37.72 12.13
2003 12 121.01 1.08 -9.37 -4.14 16.38 10.45
2004 1 99.75 1.4 -9.56 -4.08 16.28 10.95
2004 2 48.93 1.11 -12.46 -5.67 18.85 13.57
2004 3 58.31 6.34 -5.68 0.33 40.93 12.02
2004 4 114.94 11.59 -0.24 5.68 69.52 11.83
2004 5 89.75 18.38 5.19 11.79 116.54 13.19
2004 6 208.25 25.28 12.51 18.89 152.28 12.77
2004 7 103.77 27.97 14.1 21.03 175.33 13.86
2004 8 24.24 26.52 11.99 19.25 158.7 14.53
2004 9 73.19 22.21 8.94 15.58 111.08 13.27
2004 10 52.07 19.05 4.03 11.54 81.82 15.02
2004 11 55.3 9.62 -2.3 3.66 36.04 11.92
2004 12 101.03 2.17 -8.47 -3.15 17.85 10.65
2005 1 78.85 1.29 -9.68 -4.2 16.15 10.97
2005 2 61.92 1.73 -11.82 -5.04 19.82 13.55
2005 3 73.39 6.54 -5.94 0.3 41.63 12.48
2005 4 89.28 12.83 -0.47 6.18 75.31 13.3
2005 5 86.32 20.49 5.64 13.06 128.96 14.85
2005 6 90.26 24.98 11.34 18.16 154.17 13.63
2005 7 34.8 28.93 14.72 21.82 181.16 14.22
2005 8 29.38 26.83 12.59 19.71 159.04 14.24
2005 9 103.69 21.58 8.82 15.2 107.69 12.76
2005 10 85.04 17.68 4.17 10.93 75.98 13.52
2005 11 102.06 8.55 -2.31 3.12 33.53 10.86
2005 12 181.32 1.07 -9.7 -4.31 16.54 10.77
2006 1 104.25 1.8 -8.4 -3.3 16.6 10.2
2006 2 15.21 1.52 -10.6 -4.54 19.47 12.12
2006 3 85.76 6.15 -6.11 0.02 40.64 12.26
2006 4 65.4 14.91 0.48 7.7 83.38 14.42
2006 5 84.06 20.54 5.58 13.06 129.47 14.97
2006 6 60.9 24.29 10.65 17.47 151.21 13.63
2006 7 55.94 27.02 13.66 20.34 169.07 13.37
2006 8 63.44 25.79 12.1 18.94 152.72 13.68
2006 9 102.75 22.74 9.81 16.28 111.94 12.93
2006 10 201.98 15.79 3.58 9.68 69.08 12.21
2006 11 133.9 8.35 -1.94 3.21 32.79 10.3
2006 12 75.84 1.91 -7.32 -2.7 17.14 9.23
2007 1 81.23 1.67 -8.63 -3.48 16.48 10.31
2007 2 36.13 1.73 -10.74 -4.5 20.52 12.47
2007 3 112.75 5.68 -5.28 0.2 39.25 10.96
2007 4 112.19 13.9 0.75 7.32 79.13 13.16
2007 5 117.52 19.36 4.67 12.01 124.54 14.7
2007 6 74.76 24.72 11.76 18.24 150.89 12.96
2007 7 83.25 27.65 13.51 20.58 174.82 14.14
2007 8 343.8 26.15 14.52 20.33 145.54 11.63
2007 9 68.45 22.07 8.52 15.29 110.44 13.55
2007 10 138.84 17.21 4.11 10.66 73.32 13.1
2007 11 44.54 11.47 -0.66 5.41 38.86 12.13
2007 12 173.8 3.49 -6.03 -1.28 18.92 9.52
2008 1 75.93 -1.17 -12.05 -6.61 13.22 10.88
2008 2 110.28 0.98 -9.7 -4.36 18.54 10.68
2008 3 99.99 6.32 -4.92 0.7 40.4 11.24
2008 4 116.25 13.04 0.01 6.52 75.6 13.03
2008 5 105.55 19.13 5.6 12.37 120.37 13.54
2008 6 146.35 23.77 11.05 17.41 145.78 12.71
2008 7 72.69 27.93 13.91 20.92 175.77 14.02
2008 8 57.93 25.63 12.71 19.17 149.33 12.92
2008 9 88.73 24.42 9.68 17.05 122.22 14.74
2008 10 106.61 17.5 3.85 10.67 75.7 13.66
2008 11 142.07 8.14 -2.52 2.81 32.73 10.65
2008 12 84.86 1.8 -7.7 -2.95 17.1 9.5
2009 1 58.28 1.16 -9.83 -4.34 16 10.99
2009 2 52.43 1.28 -10.14 -4.43 19.06 11.42
2009 3 135.58 6.38 -4.8 0.79 40.49 11.19
2009 4 167.46 12.02 -0.47 5.78 71.73 12.48
2009 5 77.43 20.72 5.67 13.2 130.4 15.05
2009 6 116.9 24.67 11.24 17.96 152.13 13.43
2009 7 38.79 28.32 13.98 21.15 178.83 14.34
2009 8 78.65 26.63 13.64 20.14 153.65 12.99
2009 9 77.64 23.97 9.49 16.73 120.05 14.48
2009 10 98.12 18.38 4.5 11.44 78.36 13.88
2009 11 84.43 9.21 -1.71 3.75 34.64 10.92
2009 12 89.76 1.82 -7.47 -2.83 17.06 9.3
2010 1 72.64 -0.01 -9.97 -4.99 14.49 9.97
2010 2 113.97 0.53 -10.68 -5.08 17.97 11.2
2010 3 85.19 6.07 -6.11 -0.02 40.4 12.18
2010 4 70.24 12.58 0.45 6.52 72.9 12.12
2010 5 130.61 18.36 6.48 12.42 112.99 11.89
2010 6 46.14 25.98 10.27 18.13 165.33 15.71
2010 7 65.95 26.97 13.54 20.25 169.08 13.43
2010 8 105.51 26.79 13.32 20.06 156.08 13.47
2010 9 120.11 22 7.92 14.96 112.28 14.08
2010 10 193.32 15.83 3.83 9.83 68.86 12
2010 11 71.65 9.34 -2.2 3.57 35.32 11.55
2010 12 221 0.59 -10.04 -4.72 15.93 10.63
2011 1 85.14 0.76 -9.43 -4.34 15.4 10.19
2011 2 103.34 1.51 -10.33 -4.41 20.14 11.84
2011 3 98.4 4.9 -5.4 -0.25 37.1 10.3
2011 4 129.46 13.42 1.27 7.34 76.12 12.16
2011 5 99.63 20.59 5.24 12.92 131.15 15.35
2011 6 57.35 25.26 10.27 17.76 160.14 14.99
2011 7 111.85 27.98 13.99 20.99 175.73 13.99
2011 8 133.53 26.52 12.34 19.43 156.89 14.18
2011 9 211.03 21.95 8.55 15.25 109.69 13.4
2011 10 144.47 16.84 3.47 10.16 72.77 13.37
2011 11 105.47 9.38 -0.64 4.37 33.74 10.02
2011 12 70.62 2.31 -7.63 -2.66 17.72 9.94
2012 1 75.81 -1.24 -11.85 -6.55 13.14 10.61
2012 2 22.11 0.46 -13.6 -6.57 17.77 14.07
2012 3 91.23 6.17 -5.82 0.18 40.53 11.99
2012 4 64.18 12.6 0.14 6.37 73.46 12.46
2012 5 128.98 21.22 7.78 14.5 128.41 13.44
2012 6 150.73 24.27 12.95 18.61 142.21 11.31
2012 7 237.88 27.09 14.35 20.72 166.67 12.74
2012 8 65.06 27.53 13.95 20.74 159.59 13.58
2012 9 35.35 22.47 8.27 15.37 114.16 14.19
2012 10 82.6 16.29 2.01 9.15 73.27 14.28
2012 11 135.61 8.77 -2.25 3.26 34 11.01
2012 12 145.2 2.15 -7.47 -2.66 17.54 9.62
2013 1 199.37 1.01 -10.35 -4.67 15.86 11.35
2013 2 56.09 1.98 -9.92 -3.97 20.12 11.89
2013 3 92.33 7.04 -4.6 1.22 42.26 11.64
2013 4 56.83 13.74 -0.43 6.65 79.25 14.17
2013 5 75.65 19.47 5.28 12.38 123.26 14.19
2013 6 51.62 25.97 12.04 19.01 159.49 13.93
2013 7 89.68 27.6 14.12 20.86 172.08 13.48
2013 8 93.69 26.37 13.17 19.77 153.34 13.19
2013 9 121.46 21.19 9.74 15.47 102.83 11.45
2013 10 98.65 16.77 3.11 9.94 73.77 13.67
2013 11 113.9 8.62 -2.02 3.3 33.48 10.64
2013 12 116.54 3.11 -7.05 -1.97 18.85 10.16
2014 1 73.67 0.16 -9.64 -4.74 14.65 9.79
2014 2 62.65 1.74 -10.08 -4.17 19.78 11.82
2014 3 124.33 5.98 -4.92 0.53 39.42 10.9
2014 4 72.11 14.94 -0.58 7.18 84.75 15.52
2014 5 92.51 19.87 5.6 12.73 125.08 14.27
2014 6 84.66 24.64 11.5 18.07 151.02 13.15
2014 7 62.64 27.62 13.35 20.49 175.32 14.26
2014 8 30.3 27.3 12.2 19.75 163.91 15.1
2014 9 121.92 22.27 9.41 15.84 110.2 12.86
2014 10 94.53 16.91 4.39 10.65 72.43 12.52
2014 11 73.83 9.88 -1.22 4.33 35.87 11.1
2014 12 61.4 5.12 -4.71 0.21 21.09 9.83
2015 1 107.24 0.23 -9.98 -4.88 14.8 10.21
2015 2 102.09 2.78 -9.09 -3.16 22.05 11.87
2015 3 71.59 4.46 -5.3 -0.42 35.76 9.76
2015 4 132.39 13.44 0.01 6.73 78.06 13.44
2015 5 107.55 17.33 5.32 11.33 109.99 12.01
2015 6 59.66 26.44 12.45 19.45 162.05 13.99
2015 7 40.36 27.5 13.76 20.63 172.53 13.74
2015 8 57.79 25.98 12.82 19.4 150.97 13.15
2015 9 114.23 19.89 8.51 14.2 97.91 11.38
2015 10 120.45 17.06 3.61 10.34 73.45 13.45
2015 11 112.68 11.08 -1.54 4.77 38.54 12.61
2015 12 145.39 1.96 -8.63 -3.33 17.47 10.59
2016 1 55.26 -0.05 -11.49 -5.77 14.58 11.44
2016 2 131.22 2.66 -7.17 -2.26 20.56 9.83
2016 3 91.62 4.86 -7.19 -1.17 37.59 12.04
2016 4 92.95 13.42 0.37 6.9 76.8 13.04
2016 5 112.9 18.61 5.46 12.03 117.32 13.15
2016 6 69.34 24.62 10.9 17.76 152.98 13.73
2016 7 84.15 27.68 14.42 21.05 171.54 13.26
2016 8 129.28 26.09 12.8 19.44 152.56 13.29
2016 9 97.75 22.35 7.85 15.1 114.46 14.5
2016 10 55.57 18.17 5.14 11.66 76.48 13.03
2016 11 44.55 10.88 -1.69 4.59 38.63 12.58
2016 12 81.12 2.61 -8.58 -2.98 18.52 11.19
2017 1 44.34 -0.48 -11.85 -6.17 14.06 11.37
2017 2 23.92 1.02 -10.13 -4.56 18.66 11.15
2017 3 18.15 5.83 -6.93 -0.55 40.13 12.76
2017 4 23.67 13.17 -1.09 6.04 77.53 14.26
2017 5 43.06 21.1 5.2 13.15 133.85 15.9
2017 6 47.57 25.72 11.37 18.54 159.82 14.34
2017 7 133.25 27.18 15.36 21.27 162.84 11.82
2017 8 90.75 26.32 13.03 19.67 153.48 13.29
2017 9 149.27 23.3 10.04 16.67 114.68 13.26
2017 10 271.95 15.37 3.15 9.26 68.04 12.22
2017 11 40.4 9.12 -3.07 3.03 35.37 12.19
2017 12 170.29 0.15 -9.25 -4.55 15.18 9.41
2018 1 90.75 0.25 -10.98 -5.37 14.93 11.23
2018 2 127.91 2.07 -10.36 -4.15 20.32 12.44
2018 3 95.52 6.13 -4.25 0.94 39.32 10.38
2018 4 48 13.8 0.58 7.19 78.23 13.22
2018 5 70.41 20.55 4.94 12.74 130.9 15.62
2018 6 108.8 24.54 12.17 18.35 147.6 12.36
2018 7 88.25 27.39 14.39 20.89 169.15 13
2018 8 117.24 26.15 11.85 19 156.35 14.3
2018 9 36.51 23.11 9.23 16.17 115.58 13.87
2018 10 203.53 16.05 3.15 9.6 70.78 12.89
2018 11 46.77 9.59 -2.49 3.55 36.09 12.08
2018 12 116.77 2.36 -8.3 -2.97 18.08 10.66
2019 1 31.11 0.02 -11.26 -5.62 14.66 11.28
2019 2 185.16 1.87 -8.27 -3.2 20.33 10.14
2019 3 81.55 4.37 -6.66 -1.15 36.43 11.03
2019 4 32.85 16.29 1.01 8.65 89.8 15.29
2019 5 60.42 19.26 5 12.13 123.15 14.25
2019 6 50.48 25.31 9.84 17.57 161.82 15.47
2019 7 115.16 28.36 13.86 21.11 179.47 14.5
2019 8 106.5 26.05 13.05 19.55 150.71 13
2019 9 113.16 22.27 7.64 14.96 113.63 14.63
2019 10 197.99 15.6 4.54 10.06 65.96 11.06
2019 11 204.58 10.91 0.5 5.7 36.44 10.4
2019 12 125.83 1.64 -9.05 -3.7 17.11 10.69
2020 1 71.08 -1.25 -11.11 -6.18 13.07 9.85
2020 2 75.9 2.1 -9.01 -3.45 20.18 11.11
2020 3 138.1 4.86 -5.73 -0.44 36.81 10.6
2020 4 81.1 12.02 -0.58 5.72 71.91 12.61
2020 5 130.45 19.82 5.44 12.63 125.15 14.38
2020 6 98.4 25.29 11.61 18.45 155.69 13.68
2020 7 64.06 27.81 14.32 21.06 173.08 13.49
2020 8 176.33 26.07 13.37 19.72 150.19 12.69
2020 9 161.22 22.24 10.5 16.37 106.96 11.74
2020 10 45.48 17.4 3 10.2 76.45 14.4
2020 11 33.64 8.52 -3.31 2.6 34.13 11.83
2020 12 44.19 1.77 -7.94 -3.08 17.13 9.71
2021 1 51.78 1.49 -9.61 -4.06 16.4 11.09
2021 2 52.58 0.62 -10.97 -5.18 18.13 11.58
2021 3 98.27 5.84 -5.21 0.32 39.23 11.05
2021 4 138.01 12.82 -0.09 6.36 74.77 12.91
2021 5 177.23 20.41 7.25 13.83 124.47 13.17
2021 6 173.38 24.8 11.8 18.3 151.14 13
2021 7 58.42 27.6 13.89 20.75 173.07 13.71
2021 8 195.37 26.48 12.96 19.72 155 13.52
2021 9 63.22 23.21 8.93 16.07 116.89 14.27
2021 10 149.08 16.03 4.05 10.04 69.31 11.97
2021 11 115.76 8.7 -1.9 3.4 33.59 10.61
2021 12 61.45 3 -7.29 -2.15 18.76 10.29
2022 1 26.43 -0.62 -12.23 -6.42 13.9 11.62
2022 2 44.96 2.1 -11.31 -4.6 20.39 13.41
2022 3 137.41 5.94 -4.72 0.61 39.14 10.66
2022 4 165.46 12.29 0.88 6.59 70.92 11.41
2022 5 34.42 20.18 4.93 12.56 128.56 15.25
2022 6 68.18 24.48 11.26 17.87 150.57 13.22
2022 7 74.91 27.26 14.17 20.72 168.96 13.09
2022 8 37.67 25.89 11.67 18.78 154.94 14.21
2022 9 93.31 22.13 9.03 15.58 110.38 13.11
2022 10 135.83 16.69 3.39 10.04 73.04 13.3
2022 11 276.73 9.33 -0.74 4.3 34.12 10.08
2022 12 105.73 1.9 -7.48 -2.79 17.18 9.38
2023 1 74.57 0.96 -10.57 -4.8 15.82 11.54
2023 2 46.94 -0.05 -12.52 -6.29 17.77 12.47
2023 3 78.43 5.01 -5.97 -0.48 37.8 10.98
2023 4 54.03 13.35 0.6 6.97 76.8 12.75
2023 5 51.7 20.67 5.95 13.31 130.07 14.72
2023 6 160.69 24.4 12.16 18.28 146.81 12.24
2023 7 83.92 26.15 13.14 19.65 163.64 13.02
2023 8 77.15 26.05 13.26 19.65 149.87 12.79
2023 9 156.23 22.14 10.03 16.08 106.88 12.1
2023 10 93.82 16.43 3.22 9.82 71.45 13.21
2023 11 80.61 8.37 -2.94 2.72 33.16 11.3
2023 12 148.57 2.79 -6.7 -1.95 18.12 9.5
2024 1 59.65 1.32 -9.37 -4.03 16.14 10.69
2024 2 71.15 1.6 -9.89 -4.14 19.53 11.49
2024 3 98.73 5.9 -3.66 1.12 38.1 9.56
2024 4 78.5 14.6 0.68 7.64 81.73 13.92
2024 5 115.21 20.08 5.21 12.65 127.34 14.87
2024 6 56.04 25.64 12.31 18.97 155.87 13.33
2024 7 87.25 27.37 12.96 20.17 174.76 14.41
2024 8 8.24 26.66 11.72 19.19 160.61 14.93
2024 9 69.16 22.78 9.22 16 113.67 13.55
2024 10 214.77 16.34 3.79 10.06 71.02 12.55
2024 11 134.26 9.72 -1.11 4.3 35.38 10.83
2024 12 42.2 0.61 -9.64 -4.52 15.88 10.25
2025 1 63.99 -0.52 -12.16 -6.34 14.01 11.64
2025 2 106.51 3.61 -7.18 -1.78 22.21 10.8
2025 3 78.6 4.08 -6.76 -1.34 35.29 10.84
2025 4 110.44 12.2 0.33 6.27 71.41 11.87
2025 5 123.52 20.18 6.29 13.24 125.43 13.89
2025 6 126.35 24.95 11.72 18.34 152.61 13.23
2025 7 160.72 27.05 14.43 20.74 166 12.62
2025 8 309.51 25.76 15.01 20.39 140.67 10.75
2025 9 54.05 22.23 7.22 14.72 115.12 15.01
2025 10 172.89 17.69 4.88 11.28 74.87 12.8
2025 11 131.93 8.39 -2.63 2.88 33.38 11.01
2025 12 218.94 3.53 -6.75 -1.61 19.39 10.28
2026 1 90.8 0.52 -9.62 -4.55 15.12 10.14
2026 2 95.25 1.73 -9.89 -4.08 19.74 11.63
2026 3 75.35 6.74 -4.92 0.91 41.6 11.66
2026 4 62.85 12.79 -0.67 6.06 75.38 13.46
2026 5 68.48 21.42 7.41 14.41 130.74 14
2026 6 41.06 24.73 11.06 17.9 153.27 13.68
2026 7 153.78 26.18 14.72 20.45 157.03 11.46
2026 8 63.09 27.14 12.9 20.02 160.34 14.24
2026 9 137.93 22.18 8.43 15.3 112.14 13.75
2026 10 42.7 16.69 2.81 9.75 73.82 13.88
2026 11 96.37 10.3 -1.31 4.49 36.95 11.61
2026 12 210.71 2.56 -7.08 -2.26 18.03 9.64
2027 1 89.12 -0.17 -12.06 -6.11 14.45 11.9
2027 2 82.51 1.12 -10.45 -4.66 19.54 11.58
2027 3 81.98 4.86 -6.78 -0.96 37.84 11.64
2027 4 73.45 15.8 1.21 8.5 87.23 14.59
2027 5 123.87 20.96 5.58 13.27 132.79 15.38
2027 6 83.05 25.64 11.75 18.7 158.17 13.88
2027 7 48.11 28.05 13.24 20.65 179.18 14.8
2027 8 53.79 27.12 12.2 19.66 161.94 14.92
2027 9 99.53 23.01 8.84 15.93 115.11 14.17
2027 10 76.48 18.3 4.48 11.39 77.25 13.83
2027 11 243.34 9.99 0.8 5.39 33.79 9.19
2027 12 95.58 2.8 -7.77 -2.48 18.48 10.57
2028 1 26.33 0.77 -9.65 -4.44 15.46 10.42
2028 2 106.71 2.49 -9.32 -3.41 20.87 11.81
2028 3 68.29 4.99 -6.78 -0.89 37.77 11.77
2028 4 174.32 11.75 0.74 6.25 68.69 11.01
2028 5 103.55 19.93 5.01 12.47 126.79 14.92
2028 6 74.46 24.48 11.47 17.97 149.8 13.01
2028 7 137.9 27.06 13.36 20.21 170.58 13.7
2028 8 53.7 25.98 12.09 19.04 154.23 13.89
2028 9 149.78 22.3 8.35 15.32 113.01 13.95
2028 10 41.24 16.43 2.67 9.55 72.97 13.75
2028 11 84.86 9.37 -2.18 3.6 35.36 11.54
2028 12 155.93 1.3 -7.74 -3.22 16.38 9.04
2029 1 96.2 0.27 -10.56 -5.15 14.92 10.83
2029 2 128.79 1.53 -8.46 -3.46 19.13 9.99
2029 3 136.24 7.52 -3.37 2.08 42.72 10.89
2029 4 33.24 15.29 -0.12 7.59 85.81 15.41
2029 5 64.29 22.1 7.36 14.73 135.41 14.74
2029 6 74.99 24.3 11.23 17.76 149.27 13.07
2029 7 107.98 27.25 14.46 20.86 167.66 12.79
2029 8 92.69 26.31 13.65 19.98 151.06 12.66
2029 9 105.87 22.97 9.17 16.07 114.96 13.81
2029 10 194.99 16.47 4.03 10.25 71.17 12.44
2029 11 129.16 9.47 -0.66 4.4 34.38 10.13
2029 12 139.09 2.82 -7.08 -2.13 18.42 9.9
2030 1 120.59 1.3 -9.72 -4.21 16.17 11.02
2030 2 30.29 0.91 -11.34 -5.21 18.59 12.25
2030 3 150.31 5.48 -5.58 -0.05 38.44 11.06
2030 4 38.67 15.14 0.15 7.64 84.84 14.99
2030 5 44.76 21.27 5.27 13.27 134.77 16
2030 6 131.43 25.08 11.36 18.22 154.89 13.72
2030 7 44.42 27.64 13.59 20.62 174.63 14.05
2030 8 50.47 26.66 12.08 19.37 159.46 14.58
2030 9 84.01 22.77 9.56 16.17 112.8 13.21
2030 10 103.8 17.59 4.69 11.14 74.77 12.9
2030 11 43.63 7.93 -3.01 2.46 32.6 10.94
2030 12 64.24 1.32 -9.08 -3.88 16.77 10.4
2031 1 127.16 0.94 -9.42 -4.24 15.64 10.36
2031 2 116.18 2.39 -10.23 -3.92 21.55 12.63
2031 3 152.48 8.37 -3.39 2.49 45.84 11.76
2031 4 41.87 13.02 0.34 6.68 75.68 12.68
2031 5 89.57 18.74 5.46 12.1 118.76 13.28
2031 6 37.6 25.19 10.88 18.04 157.68 14.31
2031 7 57.56 27.36 14.11 20.74 169.92 13.25
2031 8 20 27.15 12.94 20.04 159.61 14.21
2031 9 66.51 24.61 10.15 17.38 121.31 14.46
2031 10 136.7 17.11 3.41 10.26 73.94 13.71
2031 11 148.47 11.17 0.1 5.63 37.48 11.07
2031 12 81.56 2.2 -8.74 -3.27 17.84 10.94
2032 1 77.3 0.79 -10.25 -4.73 15.57 11.05
2032 2 81.92 2.48 -7.52 -2.52 20.39 10
2032 3 64.07 4.83 -5.96 -0.57 36.87 10.79
2032 4 79.76 12.89 0.07 6.48 74.87 12.82
2032 5 88.42 20.59 6.08 13.34 128.61 14.51
2032 6 56.78 24.55 11.59 18.07 149.91 12.95
2032 7 52.18 26.68 13.56 20.12 166.55 13.12
2032 8 68.44 26.42 13.68 20.05 151.76 12.73
2032 9 112.01 22.53 8.38 15.46 114.3 14.15
2032 10 18.77 17.81 3.48 10.65 77.48 14.34
2032 11 92.05 9.12 -2.03 3.54 34.67 11.15
2032 12 62.04 2.1 -8.06 -2.98 17.65 10.16
2033 1 71.41 1.27 -9.92 -4.32 16.16 11.19
2033 2 89.8 1.2 -10.94 -4.87 19.01 12.14
2033 3 59.53 6.98 -5.61 0.68 42.71 12.59
2033 4 48.62 12.39 -0.36 6.02 73.22 12.75
2033 5 46.28 19.11 4.67 11.89 122.34 14.44
2033 6 34.69 24.44 10.24 17.34 153.77 14.2
2033 7 146.81 26.63 14.74 20.68 160.93 11.89
2033 8 119.69 25.61 13.05 19.33 147.84 12.56
2033 9 78.47 23.25 9.22 16.24 116.46 14.03
2033 10 25.41 17.31 3.08 10.19 75.98 14.23
2033 11 164.7 8.27 -1.72 3.28 32.41 9.99
2033 12 94.94 1.51 -8.65 -3.57 16.95 10.16
2034 1 109.33 -0.68 -11.43 -6.05 13.8 10.75
2034 2 79.1 2.02 -10.62 -4.3 20.25 12.63
2034 3 121.29 5.02 -4.99 0.01 36.7 10.01
2034 4 108.35 14.56 1.84 8.2 79.86 12.72
2034 5 90.72 20.71 5.57 13.14 130.55 15.14
2034 6 153.11 25.15 11.85 18.5 153.67 13.29
2034 7 93.41 27.7 13.98 20.84 173.57 13.72
2034 8 41.01 26.8 12.94 19.87 157.57 13.86
2034 9 243.37 22.32 10.13 16.23 108.55 12.2
2034 10 39.24 17.8 2.73 10.27 78.37 15.06
2034 11 113.61 9.18 -4.07 2.55 36.03 13.24
2034 12 86.3 0.47 -9 -4.27 15.56 9.47
2035 1 46.02 1.14 -9.53 -4.19 15.93 10.67
2035 2 82.2 2.16 -8.7 -3.27 20.93 10.86
2035 3 56.6 4.94 -6.02 -0.54 37.64 10.96
2035 4 53.29 13.91 -0.14 6.88 80.35 14.05
2035 5 99.74 18.11 6.41 12.26 112.07 11.7
2035 6 32.61 26.02 10.81 18.41 164.23 15.2
2035 7 98.55 28.36 15.12 21.74 174.26 13.24
2035 8 36.2 26.29 12.73 19.51 153.78 13.57
2035 9 117.18 21.83 8.46 15.15 109.25 13.37
2035 10 72.85 18.74 5.23 11.98 77.93 13.51
2035 11 140.75 11.54 -1.41 5.06 39.54 12.94
2035 12 52.22 1.92 -9.78 -3.93 17.6 11.69
2036 1 176.06 1.32 -9.88 -4.28 16.22 11.2
2036 2 27.28 0.3 -10.49 -5.1 17.61 10.79
2036 3 110.01 7.16 -4.45 1.36 42.51 11.61
2036 4 46.23 13.8 0.16 6.98 78.83 13.65
2036 5 74.28 20.2 5.16 12.68 128.2 15.04
2036 6 92.46 24.07 11.11 17.59 147.96 12.96
2036 7 181.32 26.6 14.81 20.71 160.33 11.79
2036 8 79.82 27.8 13.56 20.68 163.11 14.24
2036 9 87.26 23.9 10.26 17.08 117.66 13.64
2036 10 90.09 18.12 2.77 10.45 79.61 15.35
2036 11 86.3 8.64 -2.05 3.3 33.56 10.69
2036 12 46.9 3.02 -7.22 -2.1 18.76 10.23
2037 1 63.27 0.85 -9.78 -4.47 15.58 10.62
2037 2 64.53 1.21 -9.79 -4.29 18.91 11
2037 3 35.26 6.86 -5.58 0.64 42.36 12.44
2037 4 105.24 11.52 -0.97 5.27 70.21 12.48
2037 5 166.35 19.93 6.74 13.34 122.65 13.19
2037 6 74.62 24.76 11.25 18.01 152.86 13.52
2037 7 26.95 27.95 13.51 20.73 177.56 14.44
2037 8 86.5 26.73 12.46 19.6 158.7 14.27
2037 9 215.05 22.31 10.57 16.44 107.17 11.74
2037 10 74.41 16.79 3.1 9.95 73.86 13.69
2037 11 75.19 8.75 -2.07 3.34 33.83 10.82
2037 12 167.52 3.68 -6.81 -1.56 19.65 10.5
2038 1 104.09 -0.64 -9.67 -5.15 13.62 9.03
2038 2 29.23 0.71 -10.48 -4.89 18.23 11.19
2038 3 103.05 5.87 -5.19 0.34 39.3 11.06
2038 4 118.35 13.33 1.05 7.19 75.41 12.28
2038 5 49.86 20.16 4.17 12.16 129.93 15.99
2038 6 71.52 24.86 10.11 17.48 157.32 14.75
2038 7 108.26 26.46 13.2 19.83 166.19 13.27
2038 8 74.79 25.54 12.2 18.87 150.5 13.34
2038 9 129.1 23.81 10.41 17.11 116.74 13.4
2038 10 332.36 16.16 4.3 10.23 69.45 11.86
2038 11 227.44 8.76 -1.3 3.73 33.22 10.06
2038 12 209.35 3.06 -7.18 -2.06 18.81 10.24
2039 1 149.58 0.69 -9.5 -4.4 15.32 10.19
2039 2 27.45 1.26 -11.31 -5.03 19.8 12.57
2039 3 116.01 6.56 -5.11 0.72 41.68 11.66
2039 4 111.56 13.09 0.92 7 75.15 12.18
2039 5 146.33 18.9 6.62 12.76 116.69 12.28
2039 6 114.82 24.5 11.69 18.1 149.46 12.81
2039 7 42.92 27.56 13.6 20.58 173.74 13.97
2039 8 62.7 26.78 13.11 19.94 156.18 13.67
2039 9 70.19 22.6 9.11 15.86 112.1 13.49
2039 10 117.5 16.55 2.85 9.7 72.45 13.7
2039 11 186.75 10.09 -0.65 4.72 35.49 10.75
2039 12 59.1 1.89 -9.06 -3.58 17.45 10.94
2040 1 129.98 0.67 -10.36 -4.84 15.42 11.03
2040 2 104.09 0.21 -11.22 -5.5 17.54 11.43
2040 3 124.62 6.03 -4.37 0.83 39.12 10.39
2040 4 87.88 13.25 0.03 6.64 76.51 13.22
2040 5 131.18 20.95 7.35 14.15 127.76 13.6
2040 6 155.96 25.12 11.07 18.09 156.25 14.06
2040 7 61.04 28.02 13.07 20.54 179.74 14.95
2040 8 131.04 27.37 13.71 20.54 159.16 13.65
2040 9 42.46 23.78 8.15 15.97 121.95 15.63
2040 10 54.31 16.99 3.08 10.04 74.69 13.91
2040 11 157.26 7.57 -1.46 3.06 30.49 9.03
2040 12 51.46 0.63 -9.98 -4.68 15.97 10.61
2041 1 155.8 -0.01 -10.93 -5.46 14.61 10.92
2041 2 77.49 -0.9 -12.53 -6.72 15.95 11.63
2041 3 98.65 6.87 -3.8 1.54 41.12 10.66
2041 4 127.44 13.9 0.55 7.23 78.75 13.35
2041 5 132.74 19.53 6.74 13.13 119.97 12.79
2041 6 140.39 23.76 10.92 17.34 146.22 12.84
2041 7 98.83 27.16 14.13 20.64 168.26 13.03
2041 8 107.18 27.11 13.57 20.34 157.72 13.55
2041 9 52.28 22.53 10.81 16.67 107.83 11.73
2041 10 12.92 16.87 2.82 9.85 74.56 14.05
2041 11 122.15 9.71 -0.81 4.45 35.1 10.52
2041 12 41.64 0.81 -9.57 -4.38 16.15 10.38
2042 1 114.7 0.68 -9.27 -4.29 15.27 9.95
2042 2 85.32 0.4 -11.22 -5.41 17.82 11.62
2042 3 79.02 5.8 -5.83 -0.01 39.49 11.62
2042 4 169.16 11.72 0.5 6.11 68.97 11.22
2042 5 98.7 19.79 5.61 12.7 124.53 14.18
2042 6 99.05 25.44 11.16 18.3 158.39 14.28
2042 7 94.84 26.77 13.71 20.24 166.67 13.06
2042 8 71.86 27 13.73 20.37 156.23 13.27
2042 9 37.61 23.69 8.3 15.99 121.11 15.39
2042 10 191.75 19.53 4.42 11.98 83.29 15.12
2042 11 104.93 10.06 -1.64 4.21 36.63 11.7
2042 12 47.97 0.72 -9.74 -4.51 16.05 10.46
2043 1 84.47 1.2 -10.86 -4.83 16.14 12.06
2043 2 76.48 1.21 -11.03 -4.91 19.71 12.24
2043 3 147.71 4.58 -5.2 -0.31 36.02 9.78
2043 4 130.23 13.26 0.55 6.9 76.45 12.7
2043 5 95.25 20.38 5.55 12.96 129.08 14.83
2043 6 80.17 24.28 11 17.64 150.17 13.27
2043 7 114.87 27.22 14.68 20.95 166.19 12.54
2043 8 40.14 27.84 12.45 20.14 166.55 15.39
2043 9 211.44 21.3 9.88 15.59 102.29 11.42
2043 10 423.52 17.01 4.69 10.85 71.56 12.32
2043 11 77.67 8.38 -2.49 2.95 32.89 10.87
2043 12 107.44 2.76 -7.49 -2.36 18.35 10.26
2044 1 89.66 -1.09 -12.79 -6.94 13.32 11.7
2044 2 100.88 2.61 -9.87 -3.63 21.12 12.48
2044 3 86.81 5.15 -4.9 0.13 37.01 10.05
2044 4 46.57 13.18 0.03 6.6 76.2 13.15
2044 5 104.33 18.99 5.09 12.04 120.64 13.9
2044 6 57.04 25.04 11.25 18.15 154.96 13.78
2044 7 132.02 28 14.53 21.27 173.91 13.48
2044 8 117.94 25.93 12.63 19.28 151.96 13.3
2044 9 76.38 23.13 8.52 15.83 117.39 14.61
2044 10 103.67 18.48 3.41 10.95 80.28 15.07
2044 11 145.71 10.12 -0.6 4.76 35.94 10.72
2044 12 86.24 2.07 -6.32 -2.12 16.97 8.39
2045 1 17.64 -0.07 -10.21 -5.14 14.45 10.14
2045 2 27.64 1.45 -10.72 -4.63 19.39 12.17
2045 3 160.03 5.38 -5.97 -0.29 38.42 11.36
2045 4 77.31 12.73 -0.9 5.91 75.4 13.63
2045 5 59.4 20.45 3.74 12.1 132.54 16.71
2045 6 146.26 23.91 10.85 17.38 147.62 13.06
2045 7 127.49 26.47 13.86 20.17 163.47 12.61
2045 8 120.07 26.55 12.44 19.49 157.37 14.11
2045 9 52.91 22.92 8.41 15.66 116.48 14.52
2045 10 45.84 16.9 3.16 10.03 74.23 13.74
2045 11 71.12 9.74 -1.72 4.01 35.93 11.47
2045 12 63.16 2.78 -7.27 -2.25 18.42 10.05
2046 1 105.23 1.86 -10.13 -4.13 16.96 11.99
2046 2 31.67 1.47 -10.64 -4.59 19.4 12.1
2046 3 160.13 5.56 -4.88 0.34 38.16 10.44
2046 4 153.5 14.03 1.57 7.8 77.79 12.45
2046 5 108.97 17.99 5.19 11.59 114 12.79
2046 6 33.56 24.77 10.03 17.4 156.91 14.74
2046 7 135.41 26.31 14.1 20.2 160.98 12.2
2046 8 85.23 27.11 13.14 20.13 159.29 13.97
2046 9 32.48 24.42 10.08 17.25 121.24 14.34
2046 10 97.27 17.41 2.84 10.12 76.68 14.57
2046 11 110.09 8.07 -3.47 2.3 33.22 11.55
2046 12 118.96 1.15 -8.2 -3.53 16.3 9.35
2047 1 65.93 -1.86 -12.68 -7.27 12.41 10.82
2047 2 79.48 -0.57 -11.5 -6.03 17 10.93
2047 3 149.02 6.68 -5.49 0.6 42.29 12.17
2047 4 101.28 10.52 -1.01 4.75 66.49 11.53
2047 5 108.77 18.97 6.41 12.69 117.74 12.56
2047 6 96.95 25.42 12.16 18.79 154.92 13.25
2047 7 32.65 27.4 13 20.2 174.67 14.4
2047 8 78.93 27.01 12.84 19.92 158.9 14.17
2047 9 82.04 21.36 8.8 15.08 105.65 12.56
2047 10 72.05 16.84 3.71 10.28 72.39 13.12
2047 11 121.98 7.89 -2.83 2.53 32 10.72
2047 12 95.74 2.64 -7.39 -2.37 18.13 10.03
2048 1 31.59 -0.3 -11.81 -6.05 14.28 11.51
2048 2 100.82 0.03 -10.3 -5.14 17.17 10.32
2048 3 111.74 5.2 -5.38 -0.09 37.52 10.58
2048 4 8.32 13.81 -1.06 6.37 80.27 14.87
2048 5 138.96 19.71 5.53 12.62 124.21 14.18
2048 6 159.73 23.89 11.02 17.46 146.86 12.87
2048 7 123.87 27.16 14.29 20.72 167.61 12.88
2048 8 104.82 25.65 13.01 19.33 148.31 12.64
2048 9 77.54 24.27 10.26 17.27 119.9 14.01
2048 10 213.23 15.11 4.3 9.71 65.07 10.81
2048 11 40.61 9.49 -2.93 3.28 36.14 12.42
2048 12 60.28 2.04 -8.08 -3.02 17.56 10.11
2049 1 97.61 0.61 -10.28 -4.84 15.33 10.88
2049 2 96.54 2.35 -9.79 -3.72 20.7 12.14
2049 3 100.15 6.72 -4.44 1.14 41.19 11.16
2049 4 54.53 13.33 0.14 6.74 76.71 13.18
2049 5 136.98 18.13 4.82 11.47 115.82 13.31
2049 6 171.14 24.27 10.67 17.46 151 13.6
2049 7 93.6 27.31 14.53 20.92 167.84 12.78
2049 8 80.47 26.99 13.4 20.2 157.39 13.59
2049 9 83.46 23.55 8.33 15.94 120.23 15.22
2049 10 146.56 15.84 3.32 9.58 69.7 12.52
2049 11 138.64 7.79 -2.69 2.55 32.05 10.48
2049 12 132.66 2.49 -8.46 -2.99 18.32 10.96
2050 1 105.48 0.21 -10.32 -5.06 14.82 10.53
2050 2 80.57 1.54 -8.99 -3.72 19.28 10.53
2050 3 114.57 4.14 -8.34 -2.1 36.11 12.48
2050 4 82.54 12.46 -0.68 5.89 73.96 13.14
2050 5 59.87 20.62 6.2 13.41 128.55 14.42
2050 6 248.14 23.75 10.52 17.14 147.55 13.23
2050 7 127.23 27.42 12.98 20.2 175.1 14.44
2050 8 134.43 26.62 12.77 19.69 156.76 13.85
2050 9 40.66 22.78 9.11 15.95 113.98 13.67
2050 10 78.4 15.84 2.91 9.37 70.29 12.93
2050 11 145.78 10.24 -1.17 4.54 36.69 11.41
2050 12 132.53 2.27 -8.1 -2.91 17.91 10.38
2051 1 161.2 -0.24 -9.05 -4.64 14 8.81
2051 2 38 1.28 -10.52 -4.62 19.79 11.81
2051 3 129.3 4.72 -6.01 -0.64 37.02 10.73
2051 4 51.25 13.98 0.2 7.09 80.24 13.79
2051 5 105.16 19.66 5.97 12.82 123.46 13.69
2051 6 70.52 25.27 11.29 18.28 156.86 13.97
2051 7 69.61 27.05 14.27 20.66 166.56 12.78
2051 8 130.52 26.3 12.31 19.3 155.33 13.99
2051 9 171.45 22.5 9.65 16.08 110.11 12.85
2051 10 79.1 18.54 5.05 11.8 77.37 13.49
2051 11 98.4 9.62 -1.82 3.9 35.27 11.43
2051 12 36.22 2.63 -7.37 -2.37 18.11 10
2052 1 112.41 0.19 -10.96 -5.38 14.86 11.15
2052 2 56.23 2.14 -8.95 -3.4 20.24 11.09
2052 3 70.92 4.7 -6.88 -1.09 37.04 11.59
2052 4 186.02 13.37 0.76 7.06 76.02 12.61
2052 5 175.5 19.43 5.49 12.46 122.54 13.95
2052 6 43.94 25.11 11.61 18.36 154.3 13.5
2052 7 97.56 26.84 12.95 19.9 170.37 13.89
2052 8 111.7 25.84 13.46 19.65 148.05 12.38
2052 9 135 21.64 7.53 14.59 111.14 14.11
2052 10 93.48 18.08 3.9 10.99 78 14.18
2052 11 69.15 8.09 -1.76 3.16 32.01 9.85
2052 12 116.92 3.34 -7.23 -1.95 19.26 10.57
2053 1 202.96 -0.52 -12.39 -6.46 14 11.87
2053 2 89.64 1.63 -9.27 -3.82 19.48 10.9
2053 3 112.62 5.58 -5.93 -0.18 38.93 11.51
2053 4 45.42 14.18 1.04 7.61 79.31 13.14
2053 5 53.4 21.79 6.2 14 136.15 15.59
2053 6 114.36 24.35 11.7 18.02 147.92 12.65
2053 7 24.1 27.98 12.94 20.46 179.93 15.04
2053 8 42.38 26.74 12.45 19.59 158.85 14.3
2053 9 58.18 23.79 9.32 16.55 119.39 14.47
2053 10 39.69 17.06 3.18 10.12 74.81 13.87
2053 11 135.94 9.68 -1.56 4.06 35.64 11.24
2053 12 158.74 3.42 -6.95 -1.77 19.28 10.37
2054 1 77.95 -0.15 -11 -5.58 14.43 10.85
2054 2 73.86 0.46 -11.95 -5.74 17.93 12.41
2054 3 40.75 6.77 -5.26 0.75 41.91 12.03
2054 4 64.08 13.55 0.35 6.95 77.43 13.2
2054 5 69.71 21.78 6.9 14.34 134.46 14.88
2054 6 119.43 25.92 11.19 18.55 161.99 14.73
2054 7 83.65 28.12 14.18 21.15 176.34 13.94
2054 8 64.7 26.33 12.49 19.41 155.53 13.84
2054 9 43 22.53 8.21 15.37 114.68 14.32
2054 10 89.11 16.39 3.24 9.81 72.04 13.15
2054 11 79.19 10.46 -1.49 4.49 37.47 11.95
2054 12 93.09 1.66 -8.72 -3.53 17.18 10.38
2055 1 59.58 0.73 -10.17 -4.72 15.47 10.89
2055 2 49.71 0.38 -11.8 -5.71 18.44 12.18
2055 3 111.59 6.08 -5.09 0.49 40.27 11.16
2055 4 64.04 15.08 -0.8 7.14 86.27 15.87
2055 5 108.53 19.77 6.32 13.05 123.26 13.45
2055 6 94.96 26.41 11.45 18.93 165.2 14.96
2055 7 85.31 27.79 13.78 20.79 174.95 14.01
2055 8 98.56 26.98 13.25 20.11 157.25 13.74
2055 9 50.08 23.41 9.56 16.49 115.72 13.85
2055 10 47.9 17.61 3.73 10.67 75.49 13.88
2055 11 129.06 9.33 -1.23 4.05 34.13 10.55
2055 12 127.92 3.44 -7.63 -2.09 19.39 11.07
2056 1 95.23 0.13 -10.57 -5.22 14.75 10.7
2056 2 67.24 0.14 -10.91 -5.38 17.42 11.05
2056 3 97.78 6.08 -4.52 0.78 39.39 10.6
2056 4 73.77 13.45 0.14 6.79 77.26 13.31
2056 5 70.23 20.81 5.62 13.22 131.1 15.19
2056 6 100.34 23.57 9.75 16.66 148.77 13.82
2056 7 54.62 27.67 14.47 21.07 171.22 13.2
2056 8 49.11 27.07 13.29 20.18 158.42 13.78
2056 9 94.6 23.11 10.46 16.79 112.36 12.65
2056 10 333.15 16.76 5.06 10.91 70.64 11.7
2056 11 58.8 9.31 -2.17 3.58 35.23 11.48
2056 12 132.1 3.15 -6.86 -1.86 18.85 10.01
2057 1 162.88 0.57 -11.16 -5.3 15.35 11.73
2057 2 32.5 1.6 -10.43 -4.41 19.59 12.03
2057 3 81.27 5.48 -5.13 0.18 38.14 10.61
2057 4 88.37 11.7 -0.38 5.66 70.19 12.07
2057 5 61.31 19.35 5.11 12.23 122.88 14.24
2057 6 97.48 24.31 10.32 17.32 152.54 14
2057 7 54.64 28.14 13.32 20.73 179.84 14.82
2057 8 100.59 26.48 13.07 19.77 154.59 13.41
2057 9 80.72 21.21 8 14.61 107.58 13.21
2057 10 67.74 17.02 2.98 10 74.94 14.04
2057 11 110.54 8.47 -1.7 3.39 32.87 10.17
2057 12 29.71 1.73 -9.08 -3.67 17.35 10.82
2058 1 67.23 -1.53 -13.15 -7.34 12.78 11.62
2058 2 63.92 1.12 -11.03 -4.96 18.88 12.15
2058 3 153.27 4.99 -4.79 0.1 36.44 9.77
2058 4 137.28 13.1 0.82 6.96 74.69 12.27
2058 5 107.68 20.42 7.22 13.82 124.56 13.2
2058 6 140.57 25.99 12.13 19.06 159.31 13.86
2058 7 169.89 26.47 14 20.24 162.87 12.47
2058 8 114.56 27.23 13.56 20.39 158.63 13.66
2058 9 190.21 22.87 9.71 16.29 112.95 13.16
2058 10 162.14 18.47 4.68 11.57 78.49 13.79
2058 11 123.01 8.13 -2.16 2.98 32.43 10.29
2058 12 105.58 2.51 -7.16 -2.33 17.98 9.67
2059 1 116.86 -0.36 -11.4 -5.88 14.19 11.03
2059 2 56.37 2.71 -11.27 -4.28 22.09 13.98
2059 3 70.7 4.46 -5.93 -0.74 36.23 10.39
2059 4 74.45 13.71 0.24 6.97 78.93 13.46
2059 5 115.74 21.36 7.42 14.39 130.97 13.94
2059 6 35.1 25.46 11.78 18.62 156.69 13.68
2059 7 91.15 26.93 12.98 19.95 170.79 13.95
2059 8 164.02 26.58 13.45 20.01 153.37 13.14
2059 9 152.7 22.27 8.58 15.42 111.48 13.69
2059 10 179.01 16.21 3.71 9.96 69.84 12.49
2059 11 157.29 9.32 -1.63 3.84 34.43 10.95
2059 12 107.32 2.49 -7.52 -2.51 17.94 10.01
2060 1 104.7 0.23 -9.64 -4.7 14.75 9.87
2060 2 70.68 1.61 -9.4 -3.89 19.47 11.01
2060 3 37.48 6.39 -6.01 0.19 41.24 12.4
2060 4 120.11 13.5 -0.16 6.67 77.88 13.66
2060 5 139.3 19.47 5.45 12.46 122.89 14.02
2060 6 122.37 25.35 12.39 18.87 153.28 12.96
2060 7 82.77 27.9 15.17 21.54 170.13 12.72
2060 8 97.59 26.58 13.04 19.81 155.46 13.53
2060 9 134.86 22.96 9.96 16.46 112.84 13
2060 10 55.35 17.05 2.7 9.88 75.43 14.35
2060 11 151.71 8.75 -2.15 3.3 33.89 10.9
2060 12 75.89 2.18 -7.84 -2.83 17.71 10.02
2061 1 35.87 1.28 -10.69 -4.7 16.24 11.97
2061 2 28.56 1.53 -11.43 -4.95 19.52 12.96
2061 3 68.49 5.11 -5.77 -0.33 37.52 10.88
2061 4 56.36 12.51 -1.13 5.69 74.69 13.63
2061 5 116.68 18.4 4.46 11.43 118.35 13.94
2061 6 82.9 24.45 11.64 18.05 148.97 12.81
2061 7 92.68 27.84 14.29 21.07 173.45 13.55
2061 8 57.89 26.85 11.8 19.33 161.79 15.04
2061 9 77.76 22.59 8.73 15.66 113.81 13.87
2061 10 7 17.93 2.52 10.23 79.15 15.41
2061 11 75.5 9.17 -1.85 3.66 34.65 11.02
2061 12 106.5 2.71 -6.98 -2.14 18.22 9.7
2062 1 81.67 0.42 -10.14 -4.86 15.07 10.56
2062 2 57.35 0.97 -11.26 -5.15 18.68 12.23
2062 3 48.91 6.04 -5.88 0.08 40.19 11.91
2062 4 77.05 13.29 0.6 6.94 75.9 12.69
2062 5 38.73 20.28 4.23 12.26 130.6 16.05
2062 6 54.48 23.43 10.32 16.88 145.81 13.12
2062 7 113.16 28.21 13.9 21.05 178.2 14.31
2062 8 52.74 26.79 13.68 20.24 154.72 13.11
2062 9 121.8 22.39 9.12 15.76 111.68 13.27
2062 10 121.39 18.15 3.51 10.83 78.79 14.63
2062 11 148.14 10.75 -0.73 5.01 37.59 11.48
2062 12 60.49 2.39 -7.16 -2.38 17.8 9.55
2063 1 41.81 -0.56 -11.84 -6.2 13.96 11.28
2063 2 145.05 3.01 -7.81 -2.4 22.14 10.82
2063 3 124.01 6.3 -5.27 0.51 41.03 11.57
2063 4 70.02 13.96 1.12 7.54 78.84 12.84
2063 5 96.9 19.36 5.27 12.31 123.18 14.09
2063 6 122.39 24.91 12.19 18.55 150.81 12.72
2063 7 110.15 26.98 14.85 20.92 163.29 12.13
2063 8 28.81 26.73 12.64 19.68 157.44 14.09
2063 9 76.75 23.41 9.19 16.3 116.6 14.22
2063 10 66.25 15.89 2.06 8.97 70.86 13.83
2063 11 72.56 7.52 -4.23 1.65 32.05 11.75
2063 12 112.42 1.33 -8.24 -3.46 16.47 9.58
2064 1 116.83 -0.7 -10.9 -5.8 13.74 10.2
2064 2 90.34 1.21 -10.41 -4.6 18.99 11.62
2064 3 38.09 5.81 -6 -0.09 39.63 11.82
2064 4 112.94 13.51 0.84 7.17 76.54 12.67
2064 5 73.51 20.77 6.66 13.71 128.39 14.11
2064 6 97.77 24.28 11.83 18.06 146.87 12.45
2064 7 106.87 28.6 14.64 21.62 178.61 13.97
2064 8 57.9 27.16 13.36 20.26 158.83 13.8
2064 9 72.42 23.87 10.2 17.03 117.64 13.67
2064 10 113.15 16.8 2.9 9.85 74.17 13.9
2064 11 80.69 10.05 -0.81 4.62 35.93 10.86
2064 12 25.32 2.78 -7.66 -2.44 18.54 10.44
2065 1 63.9 0.85 -10.66 -4.9 15.68 11.51
2065 2 133.44 3.11 -7.7 -2.29 21.52 10.81
2065 3 87.53 7.79 -3.49 2.15 43.64 11.28
2065 4 132.83 12.13 -0.28 5.93 71.98 12.41
2065 5 164.51 20.75 7 13.88 127.39 13.75
2065 6 80.23 24.46 11.1 17.78 151 13.36
2065 7 94.03 27.36 13.26 20.31 173.52 14.1
2065 8 261.02 27.9 14.22 21.06 161.49 13.68
2065 9 170.22 22.48 9.57 16.02 111.01 12.91
2065 10 161.54 17.55 4.96 11.26 74.19 12.6
2065 11 35.34 9.61 -2.06 3.78 35.86 11.67
2065 12 37.04 0.78 -9.14 -4.18 16.02 9.91
2066 1 52.66 -0.28 -11.3 -5.79 14.29 11.02
2066 2 57.17 1.27 -10.04 -4.39 19.03 11.3
2066 3 89.84 6.87 -4.2 1.34 41.46 11.07
2066 4 40.56 14.01 0.15 7.08 79.73 13.85
2066 5 65.26 20.17 5.64 12.9 126.93 14.53
2066 6 116.91 24.2 12.2 18.2 144.78 12
2066 7 96.89 28.19 14.93 21.56 173.77 13.26
2066 8 57.67 27.15 12.56 19.86 161.61 14.59
2066 9 122.98 23.57 9.7 16.63 117.17 13.87
2066 10 82.24 16.66 2.05 9.36 74.69 14.62
2066 11 66.85 9.98 -2.55 3.72 37.04 12.52
2066 12 88.36 3.55 -6.54 -1.49 19.35 10.09
2067 1 92.9 0.08 -11.3 -5.61 14.73 11.38
2067 2 22.88 0.44 -11.36 -5.46 18.53 11.8
2067 3 210.98 4.63 -5.59 -0.48 36.47 10.22
2067 4 48.75 14.02 -0.75 6.63 81.55 14.78
2067 5 18.86 20.88 5.3 13.09 132.86 15.58
2067 6 112.86 24.91 11.36 18.13 153.81 13.55
2067 7 160.74 27.71 14.52 21.12 171.18 13.19
2067 8 256.5 25.57 12.78 19.17 147.99 12.79
2067 9 140.65 22.97 9.18 16.08 114.08 13.79
2067 10 78.85 17.01 2.75 9.88 74.39 14.26
2067 11 155.46 9.19 -1.5 3.85 34.03 10.69
2067 12 174.43 2.12 -9.38 -3.63 17.83 11.5
2068 1 95.86 0.91 -10.61 -4.85 15.76 11.52
2068 2 20.17 0.66 -12.35 -5.85 18.2 13.01
2068 3 176.75 6.12 -4.39 0.86 39.42 10.52
2068 4 103.54 12.23 0.05 6.14 71.93 12.17
2068 5 55.07 21.42 5.64 13.53 134.97 15.78
2068 6 54.02 24.32 11.4 17.86 148.84 12.92
2068 7 103.74 29.19 14.5 21.85 184.29 14.7
2068 8 253.15 26.88 13.69 20.28 155.38 13.19
2068 9 124.24 22.35 9.5 15.92 110.41 12.84
2068 10 146.85 15.77 2.81 9.29 70.16 12.96
2068 11 92.71 8.09 -3.25 2.42 33.14 11.35
2068 12 137.09 6.04 -4.44 0.8 22.49 10.48
2069 1 164.97 0.92 -9.84 -4.46 15.68 10.75
2069 2 36.2 2.29 -8.12 -2.92 20.26 10.41
2069 3 80.56 5.62 -5.75 -0.07 38.93 11.36
2069 4 145.69 13.97 0.81 7.39 78.69 13.16
2069 5 107.57 20.73 5.87 13.3 129.99 14.86
2069 6 87.26 25.04 12.11 18.58 151.92 12.94
2069 7 40.54 27.51 13.54 20.52 173.66 13.97
2069 8 111.73 26.4 12.96 19.68 154.37 13.44
2069 9 167.01 22.49 9.52 16.01 111.22 12.97
2069 10 109.39 16.81 3.05 9.93 74.01 13.76
2069 11 87.92 9.66 -2.63 3.51 36.36 12.3
2069 12 139.6 1.26 -8.12 -3.43 16.44 9.38
2070 1 66.88 1.62 -9.72 -4.05 16.6 11.34
2070 2 89.53 1.59 -9.47 -3.94 19.44 11.05
2070 3 121.39 5.84 -3.94 0.95 38.19 9.78
2070 4 44.85 12.68 -0.39 6.15 74.52 13.06
2070 5 198.17 18.86 5.93 12.39 117.76 12.93
2070 6 104.19 24.62 10.94 17.78 152.79 13.68
2070 7 50.53 27.38 14.21 20.8 169.88 13.18
2070 8 80.09 26.34 12.6 19.47 155.18 13.73
2070 9 111.24 23.3 10.24 16.77 114.11 13.06
2070 10 47.22 18.75 3.67 11.21 81.04 15.08
2070 11 94.51 9.12 -2.38 3.37 34.93 11.51
2070 12 114.23 3.9 -6.67 -1.39 19.93 10.57
2071 1 88.18 0.21 -9.92 -4.85 14.77 10.13
2071 2 111.66 1.06 -11.27 -5.11 19.48 12.33
2071 3 51.26 4.72 -6.73 -1.01 37.43 11.45
2071 4 42.52 14.02 0.35 7.19 80.19 13.66
2071 5 110.1 20.85 8.15 14.5 125.4 12.69
2071 6 84.22 25.66 10.6 18.13 162.16 15.06
2071 7 58.27 27.45 14.2 20.83 170.31 13.25
2071 8 25.34 25.92 11.07 18.49 156.48 14.84
2071 9 106.3 23.2 10.08 16.64 113.11 13.12
2071 10 22.66 17.45 1.69 9.57 77.36 15.77
2071 11 108.06 10.72 0.22 5.47 36.24 10.49
2071 12 77.68 1.88 -7.45 -2.79 17.02 9.33
2072 1 90.64 0.64 -9.51 -4.44 15.26 10.15
2072 2 93.93 1.46 -10.31 -4.42 19.37 11.77
2072 3 116.36 5.31 -5.12 0.09 37.64 10.44
2072 4 141.02 14.93 0.48 7.71 83.47 14.44
2072 5 13.05 20.03 4.83 12.43 127.8 15.2
2072 6 118.87 25.15 11.5 18.32 155 13.66
2072 7 226.2 27.73 15.2 21.47 168.56 12.53
2072 8 128.9 26.05 12.36 19.21 153.84 13.69
2072 9 112.16 23.51 11.07 17.29 113.05 12.44
2072 10 94.44 17.3 5.51 11.41 72.12 11.78
2072 11 141.94 8.57 -2.08 3.25 33.41 10.65
2072 12 119.9 4.81 -6.62 -0.91 21.33 11.43
2073 1 64.88 0.1 -11.24 -5.57 14.76 11.34
2073 2 133.48 1.69 -9.02 -3.66 19.53 10.71
2073 3 107.31 6.08 -4.22 0.93 39.14 10.29
2073 4 118.72 11.16 -0.76 5.2 68.4 11.93
2073 5 74 18.83 4.91 11.87 120.04 13.92
2073 6 96.08 24.47 11.6 18.03 149.25 12.87
2073 7 94.33 27.17 14.39 20.78 167.26 12.78
2073 8 82.23 26.47 11.83 19.15 158.84 14.64
2073 9 78.97 22.49 9.78 16.13 110.52 12.71
2073 10 45.13 16.5 1.4 8.95 74.79 15.1
2073 11 149.35 10.04 -0.24 4.9 35.41 10.28
2073 12 41.9 0.89 -9.75 -4.43 16.28 10.64
2074 1 107.27 1.24 -9.52 -4.14 16.05 10.76
2074 2 67.88 -0.25 -12.76 -6.51 16.86 12.51
2074 3 123.51 6.13 -3.77 1.18 38.89 9.9
2074 4 84.24 13.95 0.29 7.12 79.32 13.67
2074 5 103.18 18.47 5.11 11.79 117.32 13.37
2074 6 112.58 25.32 11.99 18.66 154.54 13.33
2074 7 87.16 27.54 14.29 20.92 170.91 13.25
2074 8 48.4 26.03 12.2 19.11 154.25 13.83
2074 9 170.82 22.35 10.21 16.28 108.45 12.14
2074 10 35.85 17.11 1.91 9.51 76.61 15.2
2074 11 125.07 10.03 -0.05 4.99 35.21 10.08
2074 12 83.29 0.68 -9.06 -4.19 15.87 9.74
2075 1 112.91 1.33 -9.9 -4.28 16.24 11.23
2075 2 132.26 3.33 -7.68 -2.18 22.66 11.01
2075 3 110.33 5.93 -3.88 1.03 38.85 9.81
2075 4 74.52 13.76 -0.1 6.83 79.6 13.86
2075 5 106.23 21.72 7.74 14.73 132.52 13.98
2075 6 73.15 24 9.97 16.98 151.52 14.03
2075 7 169.84 27.36 14.25 20.8 169.29 13.11
2075 8 55.78 28.01 13.64 20.82 163.81 14.36
2075 9 121.41 22.56 9.06 15.81 111.95 13.5
2075 10 28.36 16.55 1.4 8.97 74.18 15.15
2075 11 139.59 9.02 -0.67 4.17 32.88 9.69
2075 12 64.65 1.75 -7.51 -2.88 16.85 9.26
2076 1 85.27 1.95 -9.54 -3.8 17.01 11.49
2076 2 71.24 0.64 -10.17 -4.76 18.09 10.81
2076 3 49.74 4.32 -6.73 -1.21 35.94 11.06
2076 4 150.71 14.11 1.65 7.88 78.07 12.46
2076 5 143.81 19.79 5.64 12.71 124.48 14.15
2076 6 66.18 24.54 12.09 18.31 147.96 12.45
2076 7 51.68 27.71 14.1 20.91 173.13 13.61
2076 8 71.88 27.93 13.6 20.77 163.99 14.32
2076 9 102.33 23.69 9.75 16.72 117.71 13.93
2076 10 166.99 15.5 3.03 9.27 68.76 12.47
2076 11 40.39 9.76 -1.8 3.98 36.02 11.56
2076 12 113.58 0.82 -8.85 -4.01 16.02 9.67
2077 1 101.41 0.36 -9.68 -4.66 14.92 10.04
2077 2 119.72 1.75 -9.98 -4.12 19.77 11.73
2077 3 167.15 4.02 -7.06 -1.52 35.29 11.08
2077 4 167.06 11.95 0.26 6.1 70.35 11.68
2077 5 36.93 21.38 6.77 14.07 132.13 14.61
2077 6 53.24 26.31 11.55 18.93 163.82 14.75
2077 7 108.33 28.13 14.88 21.51 173.5 13.25
2077 8 10.92 27.13 11.73 19.43 164.14 15.4
2077 9 132.4 21.93 8.32 15.12 110.95 13.61
2077 10 105.74 16.39 2.8 9.6 72.63 13.58
2077 11 59.18 9.85 0.72 5.29 33.94 9.13
2077 12 212.95 1.75 -6.93 -2.59 16.74 8.68
2078 1 114.45 0.89 -10.08 -4.6 15.67 10.97
2078 2 47.53 -0.09 -12.9 -6.5 17.08 12.82
2078 3 53.64 6.9 -5.5 0.7 42.41 12.4
2078 4 104.92 13.47 0.2 6.83 77.29 13.28
2078 5 84.51 20.24 5.41 12.82 127.9 14.83
2078 6 68.85 24.96 11.01 17.98 155.22 13.96
2078 7 75.04 28.12 13.92 21.02 177.35 14.2
2078 8 214.24 25.86 13.26 19.56 148.99 12.6
2078 9 98.02 22.37 7.85 15.11 114.58 14.52
2078 10 48.72 16.68 3.35 10.02 73.06 13.33
2078 11 81.83 7.94 -2.02 2.96 31.87 9.96
2078 12 62.01 1.82 -7.95 -3.06 17.21 9.77
2079 1 60.22 -1.25 -12.4 -6.82 13.14 11.16
2079 2 71.09 3.18 -8.72 -2.77 22.65 11.89
2079 3 54.21 5.61 -6.31 -0.35 39.69 11.92
2079 4 32.72 12.63 -1.31 5.66 76.04 13.94
2079 5 68.54 19.96 6.78 13.37 123.33 13.18
2079 6 115.91 24.6 11.75 18.17 149.97 12.85
2079 7 69.22 28.06 13.73 20.9 177.43 14.33
2079 8 183.6 26.7 13.21 19.96 155.22 13.5
2079 9 121.82 21.52 7.43 14.48 109.87 14.09
2079 10 110.21 16.33 3.82 10.08 70.17 12.51
2079 11 90.33 9.85 -0.36 4.75 34.63 10.21
2079 12 107.72 1.61 -8.27 -3.33 16.88 9.88
2080 1 55.28 0.28 -11.27 -5.49 14.99 11.55
2080 2 48.28 0.63 -11.15 -5.26 18.15 11.78
2080 3 23.96 5.79 -7.04 -0.62 40.06 12.83
2080 4 124.64 12.07 -0.23 5.92 71.65 12.3
2080 5 166.77 20.09 7.61 13.85 121.22 12.47
2080 6 72.66 25.13 11.29 18.21 155.54 13.84
2080 7 83.4 28.2 14.33 21.26 176.4 13.87
2080 8 126.42 27.91 14.37 21.13 160.97 13.54
2080 9 110.1 23.23 8.71 15.97 117.54 14.52
2080 10 438.58 16.87 4.82 10.84 71.54 12.05
2080 11 152.37 9.18 -1.37 3.9 34.28 10.55
2080 12 91.54 1.13 -9.84 -4.36 16.64 10.97
