2000 1 22.0698182353546
2000 2 9.07741662347496
2000 3 14.0171460231906
2000 4 20.4858611369174
2001 1 19.7369495594502
2001 2 23.6934456961408
2001 3 14.106591226425
2001 4 23.4857535356878
2002 1 19.9835190733145
2002 2 7.887493332881
2002 3 7.27248659534242
2002 4 17.5718316415363
2003 1 49.1634953700615
2003 2 11.9762315107899
2003 3 19.3280625769284
2003 4 23.6795398904044
2004 1 30.9279883496052
2004 2 9.91333114602747
2004 3 11.0009507893955
2004 4 43.4106662211444
2005 1 20.2083011395397
2005 2 8.12851341764287
2005 3 10.5816761267256
2005 4 22.3257965058499
2006 1 28.9928662706463
2006 2 8.93223570406175
2006 3 4.7952135321348
2006 4 25.5730330155127
2007 1 22.7272740524093
2007 2 8.53657259479144
2007 3 11.4101881603372
2007 4 23.1620398666557
2008 1 31.2428952353232
2008 2 18.4037605249515
2008 3 24.2757671966255
2008 4 26.2382743416953
2009 1 43.6964999671599
2009 2 12.886077769197
2009 3 15.4705102032611
2009 4 28.7220931822578
2010 1 23.1924060269107
2010 2 12.0234850243038
2010 3 5.06090832378187
2010 4 26.3639408536387
2011 1 24.884117952712
2011 2 6.72122298791208
2011 3 9.28757563663323
2011 4 20.8493154389936
2012 1 16.6308555270625
2012 2 10.0894426429591
2012 3 22.9287285954877
2012 4 27.4022343065591
2013 1 16.5645722405701
2013 2 4.44721126324918
2013 3 6.31580394265614
2013 4 29.8112793919037
2014 1 12.1569026822984
2014 2 2.98020490926375
2014 3 5.19444305304449
2014 4 29.7947719302123
2015 1 31.4217114403978
2015 2 7.60288556901436
2015 3 8.49018036625174
2015 4 38.869022064345
2016 1 32.6502503491248
2016 2 8.99757966742045
2016 3 4.02584132877166
2016 4 23.5001820736202
2017 1 25.3108728629915
2017 2 13.6136212077047
2017 3 22.6678705456702
2017 4 30.1695195706233
2018 1 32.0879600152863
2018 2 7.51720924967487
2018 3 12.3687928760058
2018 4 26.7148872943868
2019 1 26.8991905941743
2019 2 15.3424034971162
2019 3 9.7900127200787
2019 4 21.8867558919403
2020 1 56.8586699334823
2020 2 31.7275023786673
2020 3 10.3418847796167
2020 4 19.6943312448313
2021 1 27.5530996617443
2021 2 12.2143339161367
2021 3 6.0783757000084
2021 4 23.6293119214096
2022 1 27.2973614662558
2022 2 15.1567167003477
2022 3 19.5287221552892
2022 4 26.4718699199928
2023 1 21.2973977291723
2023 2 8.87806351701705
2023 3 5.62230499148863
2023 4 25.9886681164287
2024 1 17.5215157949293
2024 2 18.6444983230397
2024 3 12.3964684584183
2024 4 25.9620263091578
2025 1 31.8760713039158
2025 2 8.19728300323937
2025 3 9.48527007810951
2025 4 28.4925244402514
2026 1 34.3868044091968
2026 2 10.6304287134259
2026 3 5.67306010058097
2026 4 24.0596036228765
2027 1 20.2615090117851
2027 2 6.48285811751654
2027 3 16.7377376821579
2027 4 30.5284774333649
2028 1 31.2989747537244
2028 2 7.36711488170675
2028 3 2.72437388700337
2028 4 28.8536363482393
2029 1 26.4263116649541
2029 2 8.65534715315261
2029 3 14.1508097499819
2029 4 22.9549236416013
2030 1 24.927181519253
2030 2 8.06887541892304
2030 3 12.7337447520366
2030 4 33.3914614536386
2031 1 24.56659054202
2031 2 14.7942049871449
2031 3 25.4790112898138
2031 4 32.6057724651862
2032 1 24.3176501823154
2032 2 7.10967570701687
2032 3 7.65321625118746
2032 4 24.4411223247847
2033 1 32.4573399188458
2033 2 4.97634515343651
2033 3 5.25108868835006
2033 4 20.8753731961067
2034 1 31.6139669548901
2034 2 8.73210251884696
2034 3 6.75989598750367
2034 4 22.301204706072
2035 1 28.9177022268681
2035 2 12.394162593157
2035 3 5.69526165995236
2035 4 22.9769655070559
2036 1 21.8259465625116
2036 2 3.72264171143473
2036 3 18.4376535670455
2036 4 30.3816770602414
2037 1 20.5198578782305
2037 2 9.60490267748825
2037 3 8.32270954679995
2037 4 24.2351261983558
2038 1 47.1691896233025
2038 2 15.2318022360607
2038 3 28.3413418486149
2038 4 33.2912897284716
2039 1 16.821201757424
2039 2 13.2105864525965
2039 3 12.8744971693687
2039 4 18.7601338495719
2040 1 52.9122366301459
2040 2 12.6011670544518
2040 3 6.16230171792494
2040 4 21.17659952957
2041 1 52.0916556830997
2041 2 8.22129570848907
2041 3 12.1803139992185
2041 4 32.1849569935768
2042 1 32.6011582388313
2042 2 6.77887223831185
2042 3 24.2365462535712
2042 4 17.0863236589517
2043 1 26.9128154142388
2043 2 6.8071271814391
2043 3 6.24342635152674
2043 4 35.7468544870429
2044 1 40.6690863397464
2044 2 24.4999876735061
2044 3 7.07421551605361
2044 4 19.896125972608
2045 1 29.1750701202335
2045 2 30.8700341570114
2045 3 23.6389565442527
2045 4 31.1850800986549
2046 1 26.4243257672421
2046 2 8.13064401688225
2046 3 23.1229016694229
2046 4 33.4471553597887
2047 1 36.0751606381375
2047 2 10.7891640007103
2047 3 13.3046999242338
2047 4 20.1002101937156
2048 1 35.2046006849235
2048 2 22.262297311896
2048 3 5.69452135363076
2048 4 23.5910229854875
2049 1 27.8391294360104
2049 2 3.95518357909459
2049 3 2.60694100145325
2049 4 26.8264402549766
2050 1 25.3891091793162
2050 2 12.3000398453085
2050 3 13.1527496327796
2050 4 29.4203408338711
2051 1 36.1703064009518
2051 2 14.3006261558827
2051 3 23.8984999599888
2051 4 25.307461191459
2052 1 19.0808896431115
2052 2 18.159024796917
2052 3 9.09652568613941
2052 4 33.7934445384161
2053 1 22.9400998725956
2053 2 9.43818937010176
2053 3 2.39034403535961
2053 4 22.5910704691862
2054 1 24.7396910640905
2054 2 6.90580282006844
2054 3 1.47722074838501
2054 4 45.1101105049508
2055 1 25.068997245081
2055 2 9.65577188589217
2055 3 16.2870893730188
2055 4 21.905393805152
2056 1 24.8213005882602
2056 2 9.99737524720297
2056 3 14.9640345390001
2056 4 25.2099776742579
2057 1 40.1472545311701
2057 2 9.08655363955893
2057 3 13.7635600668222
2057 4 23.3108251575999
2058 1 62.1617243574122
2058 2 7.27101414635145
2058 3 4.24818809113725
2058 4 18.7352768694498
2059 1 19.2937612649416
2059 2 11.4774889003711
2059 3 18.9572243589602
2059 4 16.3703343027406
2060 1 33.0088693996232
2060 2 7.25493374374238
2060 3 3.91125146507417
2060 4 21.0571050048259
2061 1 26.5798246330031
2061 2 8.41183855153575
2061 3 13.0789896840538
2061 4 22.7022451773707
2062 1 39.8905196991235
2062 2 15.2094224180855
2062 3 9.77454010488843
2062 4 20.9255430869374
2063 1 40.0767799137334
2063 2 11.8104515180272
2063 3 30.0049190433686
2063 4 29.7054132206387
2064 1 16.3872157480926
2064 2 8.43235124133768
2064 3 24.8687460379204
2064 4 26.7236620816198
2065 1 31.3323782125391
2065 2 8.98204010410949
2065 3 18.2607960824787
2065 4 28.8597200567496
2066 1 40.0114085064327
2066 2 10.3412958998676
2066 3 39.7196090927961
2066 4 29.4866273248225
2067 1 40.3632361935236
2067 2 9.1425534373852
2067 3 10.1801897106024
2067 4 29.6145910177082
2068 1 29.3399193952236
2068 2 3.51311944570942
2068 3 8.22955139565224
2068 4 23.7938184889652
2069 1 16.3646299640825
2069 2 12.4985233229056
2069 3 23.8234463728697
2069 4 33.8279416583908
2070 1 28.8084599570915
2070 2 12.7423538616795
2070 3 4.84144659266689
2070 4 26.757284743564
2071 1 19.9150319043775
2071 2 8.33258348703725
2071 3 6.50527680902815
2071 4 18.0461632086701
2072 1 19.9179068344239
2072 2 5.04268453531175
2072 3 7.54180532374907
2072 4 23.1521801481662
2073 1 13.4660586345469
2073 2 5.82209870516889
2073 3 15.5421890246664
2073 4 23.938171419591
2074 1 20.6506981548411
2074 2 8.38744947433963
2074 3 7.38879812619744
2074 4 26.1897102683433
2075 1 38.0183752215251
2075 2 10.3040197964911
2075 3 31.5431479228348
2075 4 24.3734781688817
2076 1 33.2797591849421
2076 2 16.1516457474104
2076 3 5.39580728265499
2076 4 27.1219105825567
2077 1 18.0049577357408
2077 2 8.04340902139699
2077 3 9.90758959211987
2077 4 12.9240324830228
2078 1 41.823457481513
2078 2 5.77951103373257
2078 3 4.50559172083696
2078 4 21.1231140378259
2079 1 14.7461480326485
2079 2 11.491942118952
2079 3 3.65269811640188
2079 4 12.992974365321
2080 1 23.9399158231606
2080 2 7.50042895938682
2080 3 13.9426476461625
2080 4 19.6284194399427
