0
21.2106646556041
36.3330510267081
25.0471198229362
19.092516647773
12.4704978981001
6.16743544320989
8.59431652911485
3.61340381634005
18.9928007183094
19.4452335349224
24.3997288653574
15.2422978144917
23.8008902003374
40.370414737546
29.8978764668208
9.57602265207969
9.07664333279802
32.3117654245801
29.6919283310443
12.5504247919262
6.57428836504327
23.1950605223054
14.529411390376
13.5190425349163
15.2542334091589
33.5797146241365
20.7960757779675
19.1709623686614
12.7923321078494
7.03701587345044
3.83313201734318
8.13471748675516
7.05830599056551
6.62443630870661
7.93433599793348
11.5359628296864
25.7183567807129
39.6658676977807
75.1946612682709
23.1323294718522
14.8009877312983
10.0054046927816
11.1223021082898
17.8171982865157
13.3508157538676
26.816173690402
17.7979722534377
24.5653041027405
37.8067024866745
101.081233392826
43.6710649335168
18.1849117656936
10.6012454271673
10.0168232353813
9.12192477553376
18.4191534765942
8.42929820934298
6.15440068224929
10.1894249023363
18.5104204984214
20.0720028466541
35.6884239619703
21.8761100467203
18.5404922323592
11.6191301131065
7.19941440094885
5.56699573887329
7.20989451959631
13.6470454570416
10.8880884035389
15.032338716354
22.7236394432926
28.9150336165786
44.0639519449969
30.4924119735921
27.4933205677006
11.4800025773627
9.77909225602309
5.53761227879949
5.75309736490966
4.54355987399798
4.08898335749675
6.58950705718277
8.3950088884299
18.6785951361465
38.6691190318669
24.8696498793023
20.5848982255164
6.75064021253123
12.0936273698984
6.76545020194474
11.2343434654867
9.52521752265205
13.4710034928727
26.9054364101795
17.8175953758573
22.3802036097692
54.1171305083828
36.9687073893296
25.5170830813168
21.9473912751283
26.9913399358674
6.27255036385882
22.7161545028167
28.5156834525926
21.5954636344671
10.6381678727718
15.4633707205639
24.5727237380596
56.65884375544
34.5716874047047
52.8213125296152
18.4845693186172
12.0530413664245
8.12062262254921
5.62622545083338
19.1836037400133
21.6017014189366
18.1934345149676
18.2291504927578
18.8686490056009
59.9814814525055
34.8365725755019
11.5482394783195
19.642617648573
12.245026161438
4.18281126290028
5.92909349194972
3.35015292259167
5.90347855680421
8.3764824636908
12.886109268549
18.5492852152575
38.2936188579128
30.5886789100964
19.1795569953275
9.29725015536884
7.70457840048553
3.16184040788188
5.38837632650363
9.15583307166449
13.3185175117316
13.668248414255
22.0266607831505
20.3004483775255
48.9825351836942
20.1211123741501
13.1405986799749
12.8899434458917
8.84754781808286
8.53083666490285
9.6479576780767
36.8876313803039
22.2505967280825
18.2992928818663
19.1059201534806
22.2339355114975
38.6730832585879
20.4852712749372
12.643873206203
5.95319231372688
5.53151754065036
1.85692393537031
4.74329696288111
3.09547248098935
11.108642384098
39.2321786440489
30.4300852190578
25.6490886987814
45.8832396156094
13.9085000382284
10.4053053263683
5.28592479022265
1.96264422317593
1.69204571439269
2.75717122587998
4.83490389664686
7.99125403660662
17.2166741874007
30.6830707443125
45.8937051258628
67.153561482806
45.2926514008579
17.5507714799378
10.8822877489943
8.32985004570923
3.59651891233952
2.72629593340076
8.02000696458247
14.724238200772
11.7457509043986
21.6982050036352
18.392339980137
41.1696655330362
44.7817737878779
20.5187269103718
10.2310984642529
9.00999040589438
7.75165013211407
2.88291743424175
3.15939093615758
6.03521561591566
12.7405177776725
18.0517807976706
31.2339866790679
47.1661120603609
31.5202493810891
19.1014963448938
16.5755842641517
11.3819588833423
12.8833204756201
13.1365572954796
21.592789932402
33.274264409129
24.2261987453938
21.3308236684505
23.7814062118372
54.6989619416395
41.386172643815
22.7897473867577
9.98702314859085
7.02604234525116
5.53856225518258
11.8644135125475
11.9752227972228
13.2667423182471
7.04835735562003
10.9717493375269
31.1901756187924
35.8613988564425
26.496537187026
27.3018440013226
10.4188526224591
22.7782124251455
12.830145443744
6.65066320488183
8.18802448288321
14.5313504724711
9.5236997549993
12.6788553575027
18.052847401233
36.5578510341457
71.2297293085975
42.4876105583672
47.4687321804167
39.610676862631
8.10309809295421
7.07418031235691
7.15790356470275
16.7935704617903
11.4877711864439
15.2205592259477
16.6771997534759
53.0600029952946
22.8476167005552
32.2585826229333
20.2630658640234
13.3676068506275
3.01232903375904
4.72352731022974
6.0475831652477
7.46401662454775
9.55948571092
28.1137569505978
31.4940582403027
34.3567583309223
34.0855709766064
20.5091519559053
8.64396751060929
25.4715585891605
11.3546240012732
27.6359161632973
20.0072262279762
10.9430240745941
11.9229061581485
17.8027747157867
31.6137836141699
45.3907080645247
27.4763486795001
15.1184467788444
9.49160342259909
11.0750489510566
6.06753817739544
2.93899712111695
4.80624969058988
9.12166816275905
9.14740607123358
19.1788309419908
28.5154585611535
40.104180994157
19.7767234718509
15.2663081180077
6.27852817538125
39.1910326725005
10.4639341212375
5.19979496623019
15.6186215891548
16.3709888198701
16.04963473933
21.7140940453046
23.0931260109518
53.0780863566914
34.5613571340807
29.1907854737509
11.1708325491402
8.9242555682568
4.49676089232107
6.93028743734795
8.1131825211883
13.4123402757923
16.084791348058
16.3222087648642
22.4941044698074
48.0435424419998
47.6725864180782
21.1010224003153
17.6996254480415
10.0897348602982
4.10192583193783
3.27939731262802
1.66194307134178
12.0778399177731
9.37855881483455
11.4084642943781
24.5706114359312
64.4206336115184
23.7783843751276
16.7446336484427
12.1677191549029
2.78586989316638
4.4949853044803
9.32125900729654
28.8291556126449
12.0627984265323
21.7142003916317
27.8002016187459
24.5278073771916
58.7662717521213
29.8605129283237
32.7374365791252
15.009968313492
4.87236848784677
2.21900784378145
2.29390104840757
2.44075061837074
3.43846999423181
4.32026464489827
10.3161193676696
12.5035858454874
38.9105969168044
29.7036198592914
23.1490034706168
12.4887552753421
3.78672201823948
9.69056416587624
5.36103168630759
4.86697485467918
32.2244227089589
30.0893924364436
23.6621671311764
41.745643223144
44.9609417197285
22.3364119779839
27.517951060522
12.2337390399304
4.63013853484021
7.34274868199849
2.70614640426946
15.2222290938946
20.2728587579456
23.1970937405053
26.1895425860786
30.8788625892116
48.5576606412155
30.0017494911643
19.1314315928756
14.9222988257555
12.158697073435
17.301619062244
18.4051029465637
22.3949684584115
35.6369624644663
24.7970240442392
26.2944723570077
27.6240503797267
35.9915459179593
34.2430269085343
14.3922734560965
5.30426912854413
8.30878199322104
7.71597599928543
10.911006340189
5.85473147818166
6.1939109351917
7.85442064444509
11.1151077630543
16.1934551660877
45.6175235236351
43.8203938010668
21.0942860366249
8.82210856357366
3.55632601612687
2.55060088060902
2.98279744446711
5.98009245788207
6.79037616270099
10.5754063316496
11.1538423976794
23.3331510400474
37.6722378656756
34.7317607686642
28.4961731411161
15.9905721885572
5.68006152932457
4.52567383865906
4.72692538282563
5.10083775346779
10.4519248262176
17.0455875208855
16.8733794758461
25.7543753182572
30.7009346168872
33.8747683826514
23.9606360710849
26.6259435330848
7.08152805880404
3.47501618758207
3.34002743708179
5.07025940526558
8.6754981375097
18.579172617233
14.2191947891923
39.8736646390497
44.1071965804418
31.3379840361922
12.3139090888309
7.6566223569961
2.25872317758134
1.25257959972674
9.90922131618077
12.6068653504249
32.7968740345309
23.3266522322817
20.9435752951975
25.8042162512739
32.2268906399566
20.8648672385831
20.1748485178778
19.2455435421027
6.43602131894689
3.13314317141518
2.0576134048227
7.00643989280538
15.9040753427718
17.9658226069951
19.644287193163
29.8357917252396
64.0540013996499
65.7700244127665
28.5683548338385
28.7713296892939
12.0282913083619
4.89578571052612
16.236960833101
33.576303004807
35.2107617079367
19.631078595834
14.9398083123452
17.6758499153436
30.7414127861038
14.8405221679631
18.8018813468848
7.31243980692911
18.9675577022134
13.3517618486471
9.15926666133596
8.91565874078185
20.5485661059884
11.6834643844948
12.5247410090387
15.2879989060402
41.1175339779205
34.6978319148145
71.1266413454773
20.3367475973773
12.0673684240499
5.39938514192816
6.82983833013957
4.24051008268279
7.41655674095247
15.7761242252805
31.4122492139905
26.5629278028738
62.408255252137
68.0498074858984
36.133503880301
11.8919356351322
8.95659890236835
3.81535258796666
9.60356176864869
14.3788687562287
12.5585114727782
8.35639570530603
10.5191199764524
12.553244054482
22.9850677434235
37.026138893367
28.1761775842955
7.41918644965612
8.69105227534707
4.22637798993236
7.50051818772317
41.6660601521761
23.5430604208143
22.287862861449
23.6990899310768
33.6068703443108
46.1259033168734
18.1777375287256
35.647893299752
10.5193538713409
5.2441148578489
4.65791281512751
2.79586107686161
3.32092822700764
12.613489750711
39.5555543559106
19.7305598467031
17.9744570834289
24.9496979386456
62.36510059547
18.9730720840228
24.1903318484769
32.4315764238471
16.8780547481942
8.38834471256938
4.84383649673933
7.99046533885212
16.9297890216543
19.6210478053768
25.5029621057745
51.2655220454337
34.2078505041815
24.1422897362855
22.8454236579089
18.9513240411513
50.8133547719741
14.0887130782913
21.8630822477061
34.9650743067607
28.3507884380347
40.1486483737336
38.3635942413081
45.1560778173713
34.0486200005948
18.8000315338893
8.60084875414442
5.15295878972557
10.6381245067768
19.5202362057019
37.2586182471128
12.5898505554542
10.1203010067417
11.6570521201226
13.9426694484038
42.3033587347544
40.3855486561629
31.7647726201122
19.0603317832386
5.22618595514734
8.08097426374499
19.1773831670659
10.829180950019
9.90753565561643
12.4977604715815
13.3992944241026
38.9940948929256
24.2232366441671
39.4622014486092
30.9469999212377
14.8047017243288
41.3636424720852
10.6185477392741
6.04107777073094
3.34156965772728
7.70091663243406
17.7474659807547
20.8448015495616
36.1823084176317
46.2546370203293
35.9958451000177
19.6824137720031
7.47835557617063
2.93154568284779
1.45564947826536
1.65901260404457
2.76090461918898
3.40090578112618
4.02401403238373
6.32533478016315
23.503656696435
70.7403526213399
24.6655288459969
26.1126895126354
11.6352997643941
15.909192011862
9.35562775966943
3.4067162099159
16.2510858236768
19.800446864746
17.1120192375465
21.5015617473464
18.8430235040033
40.4570018994251
31.3538714102032
40.9867413917003
14.8495287054971
10.1945116954044
17.8578380667468
27.6852367457415
21.8860711062852
22.1241920279398
20.428257615061
21.6036171874301
39.4836530986081
66.2954469613993
19.0767807380386
19.0849985481844
15.3562722696346
23.3734059418942
15.7473961792222
12.3039252779466
4.59355525281862
10.392096527653
7.79106090622709
10.6944734808195
18.7743071508871
43.0717006040268
27.3131673558793
18.5670323893119
11.2255272250582
11.2447677002354
5.84427318501167
1.86324553968728
2.5146625189302
2.79312404746135
17.8238006410115
37.7013831876966
70.7938773994842
66.660519222767
29.741500149796
19.737881978385
8.07798374601523
8.19961370360231
4.43981101058778
2.14175917278424
0.913785112467558
1.37611795990322
5.28466220985537
6.96643599479701
9.60660652250609
30.3303295232492
26.7784132596533
23.3595812305086
16.5815599425184
8.70950022814662
3.67625548701145
13.4818728842268
21.9179133551427
13.4614818796868
40.7182031800558
37.3320446597867
22.4880453730225
24.9364729420399
33.1816748245342
16.4609263519863
10.7658167947791
6.09504732560484
13.131261621225
11.502962726144
11.0481798042374
22.3409610866188
16.0833477221824
17.5147232853692
17.4798981401569
38.0484818028794
48.3721941538617
31.9223149084785
13.9570384006228
3.99749320864702
9.30512930940694
6.51081118370566
18.8755580573765
15.9043109593844
20.2001974019942
16.4663237999114
17.6481771873069
32.7204809085729
90.1289169464815
34.1945317683429
10.9674935699795
4.48588138728783
6.35966748178704
2.29057928819697
1.93172890130735
8.52225608390744
8.10612558200786
10.8172866493257
13.6038239334655
24.7995125679153
17.968449308708
20.6190732211752
13.114365674827
11.3212427732543
9.99685825303203
18.6419874840176
19.9879589271438
18.2417266657192
16.2607140602557
16.7323657728948
17.4705984822204
39.9258360645298
47.9521873883077
18.0655514109386
9.03048414180559
3.69093051208166
9.04338657733989
3.01653922917315
2.90156144912059
5.81565371692876
10.0996196996586
16.365176106566
16.5186415179605
40.2733077332088
35.2126920824686
17.9469571835376
12.8592059533306
7.13814933028494
5.23816037099173
14.6586597482823
8.88752588741945
15.6907834164595
17.6518553517476
15.2192853555607
17.4643112136123
23.8202848820596
42.5741787305947
37.2068606676523
17.0816153317723
12.7562027195049
15.7904492029793
9.74625439496953
4.62496012929171
14.9524057904041
27.198290896517
25.9114736838488
21.9570567761163
35.7412847936678
62.2005898623955
17.9529699650712
17.1571415552679
8.54358143565934
9.73063156315444
13.4416168225889
27.0782439403936
49.4948963671233
35.211837628922
29.8933752792132
18.3686434423372
29.510793583342
21.7749614701745
10.9994700260107
10.4008961532013
7.35018541660493
7.54597215420683
24.259671651752
20.2446009860792
30.1019654759301
29.1218360215869
20.1107529110207
34.2894711414289
34.5255450241418
33.806216500949
28.8585399241291
15.0899970789957
6.22609650088222
5.63002673245057
25.9831888183813
9.48508226895111
19.3141171601037
26.5131111504071
23.8754563759015
31.7969975892775
37.0324212204857
59.2456431106415
20.7771739022238
7.03167528206634
13.7758054125735
10.2164070049629
9.52885296378831
88.386898587417
21.243075727183
25.2416341136254
24.7767777405079
25.9154765949785
58.2915574435363
34.4198029962466
46.3066693908006
16.5822649450357
4.61587299488824
6.22952237223167
7.31371660303373
7.51345195677983
15.7134005719935
9.47455229181007
11.2774492856368
16.7935636592776
41.1040170792058
41.2583044607809
17.4215343296663
5.77702926161424
3.27936583334699
1.48296324216703
8.34852277047618
5.61123960120362
10.7288918152769
26.0002439317403
50.6259442945326
28.8318949925037
43.1518853851596
14.8137807833524
17.9154791448125
13.7201152106991
11.537682181722
12.2377725762958
39.1047807936181
18.3259415196395
14.0396168053516
12.7020419613672
24.2807703030538
21.0995106679531
41.9298485289244
37.4232291571316
20.1936907570514
24.3910957209397
8.0371150857317
5.7988507783671
3.15075206508134
4.31369676589102
7.05989094702832
19.7190094743247
15.6901708601495
20.7589138108504
29.5342593514116
20.6724570335399
19.1576067752151
14.3613852922677
5.081197798973
5.55516736987103
9.01225393615839
4.67308217942923
5.83049431149684
6.20130881226881
10.1154632349754
25.7813555067139
35.347084296419
17.1662455878271
22.6695680810207
8.7252855408774
4.14111138193307
2.26165668312477
6.19663441692925
4.75517032026446
11.6736112340535
21.3648175545563
22.1665161020553
23.2797321080721
26.9270203963334
16.7140953967277
10.218021872366
9.41626105441169
5.94080829880511
2.10922676228987
3.48040818287285
6.74866176837474
36.3974971227518
23.3794170719033
20.1568675637325
27.7155930027621
46.6723006284559
17.1320772834046
24.1693190262777
13.3524455592161
9.16200527596062
2.6478975878422
7.13085313837449
7.40043361199221
7.63510762822561
10.2140798784228
13.8528355215216
25.8522506841574
41.8975272722566
36.3747643962886
39.6619860467616
14.5392680649873
12.2417179209409
4.13107340354508
38.8694318349582
26.5675678497384
29.1924440838077
15.8912991975912
17.2797987883374
30.41428888681
51.0830077719747
39.1692891404343
27.3902292294498
26.8691200349768
16.0210896966963
5.56472751055792
4.63111350672747
3.33144523312844
8.22486310810907
9.71054688310485
11.6572845880395
11.1156508027147
16.8971217517174
16.7039489678354
19.3059665036462
8.78945849620617
5.93795043930536
9.40281812867944
6.40331835696649
7.93821121007568
15.3812392093174
12.0260727896195
24.0975509712063
23.3018640225436
25.8655272176094
63.6995831306371
19.9473318323889
7.21304075112167
5.52267192699529
4.60282042308075
3.05302079747796
3.15058548522412
7.31316887980879
11.2275139399441
11.6528945995802
14.2314752941124
21.631742577606
19.5991763534964
9.89311971180065
15.7025640797794
13.760238731484
5.01302354559278
2.93087425866523
3.90729842842921
4.11992166211121
4.45578498998535
5.843026298492
6.34936128480652
44.2161772130869
29.6144195847866
18.2654120615346
9.3836445206953
8.06471382717143
5.05292853029374
6.32687204558277
13.8511655390172
21.6499053538876
22.1051129633852
