YEAR MONTH PRCP TMAX TMIN TAVG ET DIF
2000 1 56.35 0.48 -11.23 -5.38 15.24 11.71
2000 2 62.28 0.14 -11.32 -5.59 17.44 11.46
2000 3 64.33 5.45 -5.75 -0.15 38.47 11.2
2000 4 126.34 12.12 -0.08 6.02 71.65 12.2
2000 5 65.77 19.12 5.32 12.22 120.95 13.8
2000 6 77.72 26.27 11.61 18.94 163.29 14.65
2000 7 120.34 27.29 15.01 21.15 165.51 12.28
2000 8 90.02 26.13 12.12 19.12 155.32 14.02
2000 9 178.15 22.52 9.45 15.99 111.58 13.07
2000 10 111.51 16.69 2.92 9.8 73.67 13.76
2000 11 163.71 10.21 0.28 5.24 35.32 9.93
2000 12 84.88 1.01 -10.1 -4.55 16.5 11.11
2001 1 131.04 1.74 -9.21 -3.74 16.68 10.95
2001 2 125.44 1.87 -10.24 -4.19 19.99 12.11
2001 3 127.71 5.83 -5.68 0.07 39.49 11.51
2001 4 59.63 15.07 1.01 8.04 83.45 14.06
2001 5 97.5 19.34 5.99 12.67 120.72 13.35
2001 6 101.68 25.39 11.64 18.52 156.35 13.75
2001 7 146.78 27.09 14.69 20.89 165.16 12.39
2001 8 234.8 26.06 12.82 19.44 152.27 13.24
2001 9 76.76 21.72 8.11 14.92 110.26 13.61
2001 10 192.96 15.23 4.03 9.63 66.05 11.2
2001 11 93.02 8.96 -1.87 3.55 34.18 10.83
2001 12 13.32 -0.72 -11.27 -6 14.32 10.55
2002 1 53.64 -1.35 -11.57 -6.46 12.99 10.22
2002 2 45.6 -0.27 -11.15 -5.71 16.82 10.88
2002 3 39.26 6.2 -6.22 -0.01 40.84 12.42
2002 4 39.1 13.26 0.31 6.78 76.17 12.95
2002 5 61.81 20.36 5.29 12.83 128.89 15.06
2002 6 93.2 26.32 12.34 19.33 161.17 13.97
2002 7 30.13 28.14 13.11 20.62 180.6 15.03
2002 8 141.39 26.07 13.61 19.84 149.26 12.46
2002 9 115.37 23.59 9.24 16.41 118.39 14.35
2002 10 44.65 16.18 2.46 9.32 72.28 13.72
2002 11 101.19 8.84 -1.91 3.47 33.92 10.75
2002 12 127.59 1.83 -6.76 -2.47 16.78 8.58
2003 1 130.37 -1.43 -12.69 -7.06 12.92 11.26
2003 2 83.03 -0.1 -11.29 -5.7 17.69 11.19
2003 3 84.68 6.73 -5.52 0.6 42.44 12.26
2003 4 84.42 13.06 0.52 6.79 75.62 12.54
2003 5 102.12 20.3 5.68 12.99 128.3 14.62
2003 6 88.58 25.14 11.19 18.16 156.24 13.95
2003 7 92.4 27.72 14.55 21.14 171.1 13.16
2003 8 197.43 25.93 12.11 19.02 153.22 13.83
2003 9 25.88 22.61 8 15.3 114.73 14.61
2003 10 111.65 18.08 5.18 11.63 75.22 12.9
2003 11 115.15 10.59 -0.87 4.86 36.88 11.46
2003 12 92.15 1.81 -8.29 -3.24 17.18 10.1
2004 1 177.8 0.42 -10.93 -5.26 15.15 11.35
2004 2 32.59 -0.01 -11.6 -5.81 17.23 11.59
2004 3 103.49 5.82 -4.72 0.55 38.79 10.54
2004 4 152.77 11.82 -0.62 5.6 71.06 12.44
2004 5 117.95 19.26 5.12 12.19 122.29 14.14
2004 6 70.34 24.94 12.3 18.62 150.34 12.64
2004 7 108.27 26.68 13.24 19.96 167.84 13.44
2004 8 34.34 27.21 13.77 20.49 157.74 13.44
2004 9 45.52 22.55 8.55 15.55 113.98 14
2004 10 68.46 17.46 3.19 10.32 76.43 14.27
2004 11 148.03 9.06 -1.24 3.91 33.9 10.3
2004 12 145.07 1 -8.69 -3.85 16.23 9.69
2005 1 37.29 -0.6 -11.76 -6.18 13.91 11.16
2005 2 106.78 1.61 -9.66 -4.02 19.52 11.27
2005 3 60.69 6.98 -4.13 1.42 41.71 11.11
2005 4 137.25 14.01 -0.13 6.94 80.13 14.14
2005 5 108.08 20.08 5.25 12.66 127.23 14.83
2005 6 103.3 24.17 11.19 17.68 148.43 12.98
2005 7 135.04 28.43 15.99 22.21 171.09 12.44
2005 8 84.76 26.47 13.09 19.78 154.46 13.38
2005 9 75.3 23.35 9.29 16.32 116.91 14.07
2005 10 87.1 16.93 3.73 10.33 73.52 13.2
2005 11 85.27 8.32 -3.08 2.62 33.53 11.39
2005 12 63.54 3.38 -5.82 -1.22 18.79 9.2
2006 1 79.25 -2.22 -12.69 -7.45 12 10.47
2006 2 103.53 0.1 -11 -5.45 17.36 11.1
2006 3 146.29 5.01 -5.02 0 36.71 10.04
2006 4 217.52 13.52 0.54 7.03 77.04 12.98
2006 5 106.65 20.21 6.38 13.3 125.41 13.83
2006 6 31 25.63 11.2 18.41 159.75 14.44
2006 7 93.37 27.46 14.08 20.77 171.06 13.38
2006 8 107.5 26.85 12.42 19.64 159.8 14.43
2006 9 37.4 22.51 7.54 15.03 116 14.97
2006 10 61.73 16.18 3.74 9.96 70.44 12.44
2006 11 49.66 8.7 -2.5 3.1 34.04 11.21
2006 12 89.66 3.8 -6.49 -1.34 19.72 10.29
2007 1 67.02 0.2 -10.35 -5.08 14.82 10.56
2007 2 78.97 1.32 -11.73 -5.21 19.88 13.05
2007 3 25.04 5.15 -6.73 -0.79 38.62 11.88
2007 4 121.26 12.6 1.46 7.03 71.96 11.14
2007 5 83.46 19.63 5.53 12.58 124.32 14.1
2007 6 71.82 25.35 11.65 18.5 156.28 13.7
2007 7 140.74 28.02 14.52 21.27 173.89 13.5
2007 8 33.56 25.86 11.87 18.87 153.48 13.99
2007 9 61.42 23.4 9.98 16.69 114.57 13.42
2007 10 112.15 16.36 3.33 9.85 71.03 13.03
2007 11 150.06 10.58 1.82 6.2 34.14 8.76
2007 12 121.52 2.44 -7.59 -2.57 17.89 10.03
2008 1 11.06 -0.34 -11.86 -6.1 14.23 11.51
2008 2 51.49 1.37 -10.96 -4.79 19.27 12.33
2008 3 80.59 6.78 -4.69 1.04 41.56 11.47
2008 4 66.56 12.84 -0.46 6.19 75.32 13.29
2008 5 58.5 20.73 5.8 13.27 130.2 14.94
2008 6 166.57 25.27 12.11 18.69 153.74 13.17
2008 7 93.05 26.2 12.94 19.57 164.99 13.26
2008 8 42.34 26 12.72 19.36 152.17 13.28
2008 9 170.46 23.17 9.64 16.41 114.95 13.53
2008 10 108.41 17.5 4.11 10.81 75.32 13.39
2008 11 86.37 9.08 -1.33 3.87 34.02 10.41
2008 12 54.42 2.88 -7.41 -2.26 18.62 10.29
2009 1 102.77 0.2 -10.82 -5.31 14.86 11.01
2009 2 74.66 1.58 -10.7 -4.56 19.58 12.28
2009 3 136.85 6.06 -5.04 0.51 39.72 11.1
2009 4 123.4 12.36 0.48 6.42 71.89 11.88
2009 5 61.51 19.41 5.51 12.46 122.32 13.9
2009 6 75.1 23.67 10.85 17.26 145.77 12.82
2009 7 46.95 26.64 13.58 20.11 166.08 13.05
2009 8 105.2 26.32 12.24 19.28 156.34 14.08
2009 9 165.14 23.12 9.81 16.46 114.2 13.31
2009 10 56.49 16.35 2.33 9.34 73.09 14.01
2009 11 89.88 8.94 -1.82 3.56 34.09 10.77
2009 12 211.43 4.07 -5.21 -0.57 19.61 9.28
2010 1 105.76 -0.93 -11.37 -6.15 13.49 10.44
2010 2 87.54 1.67 -11.73 -5.03 19.72 13.4
2010 3 104.3 5.89 -5.51 0.19 39.55 11.4
2010 4 153.8 12.74 0.22 6.48 73.97 12.52
2010 5 94.07 19.98 4.86 12.42 127.44 15.12
2010 6 98.16 25.01 10.32 17.66 157.81 14.69
2010 7 69.63 26.85 13.43 20.14 168.52 13.42
2010 8 54.28 27.12 12.77 19.95 160.66 14.35
2010 9 60.42 23.2 8.37 15.78 118.12 14.83
2010 10 115.9 17.28 2.79 10.04 76.22 14.49
2010 11 58.9 9.76 -1.34 4.21 35.68 11.1
2010 12 34.46 2.36 -7.9 -2.77 17.98 10.26
2011 1 76.83 -0.85 -11.28 -6.06 13.59 10.43
2011 2 132.27 2.45 -9.6 -3.57 21.58 12.05
2011 3 106.93 5.18 -5.79 -0.31 38.15 10.96
2011 4 50.58 12 -0.43 5.79 72.22 12.43
2011 5 141.47 19.19 5.94 12.57 120.42 13.24
2011 6 88.15 25.63 10.92 18.28 160.92 14.71
2011 7 257.8 27.41 15.45 21.43 164.32 11.96
2011 8 27.35 27.08 13.17 20.12 158.26 13.91
2011 9 46.95 24.33 8.69 16.51 123.04 15.64
2011 10 155.42 16.03 3.97 10 68.69 12.05
2011 11 111.27 10.64 0.13 5.39 36.14 10.51
2011 12 156.22 2.02 -7.85 -2.92 17.35 9.87
2012 1 94.01 0.06 -11.27 -5.6 14.71 11.33
2012 2 58.86 0.1 -11.6 -5.75 17.4 11.71
2012 3 22.28 5.8 -5.15 0.33 39.05 10.95
2012 4 44.96 14.84 1.36 8.1 81.9 13.48
2012 5 78.57 20.65 5.88 13.27 129.45 14.76
2012 6 129.2 25.64 10.9 18.27 160.78 14.74
2012 7 39.23 27.82 13.23 20.53 177.5 14.59
2012 8 97.64 26.84 13.58 20.21 155.5 13.26
2012 9 169.3 23.95 9.29 16.62 120.35 14.65
2012 10 133.93 17.48 3.39 10.43 76.25 14.09
2012 11 151.75 7.3 -2.94 2.18 31.09 10.23
2012 12 196.34 2.85 -6.35 -1.75 18.19 9.2
2013 1 60.32 0.37 -10.45 -5.04 15.04 10.82
2013 2 105.51 -0.54 -10.97 -5.76 16.41 10.43
2013 3 101.69 6.37 -5.5 0.43 40.91 11.87
2013 4 93.55 13.13 0.74 6.94 74.96 12.39
2013 5 67.11 20.93 5.73 13.33 131.59 15.19
2013 6 62.02 24.42 10.66 17.54 152.19 13.76
2013 7 28.21 27.79 14.15 20.97 173.66 13.65
2013 8 65.54 25.54 12.48 19.01 149.47 13.06
2013 9 86.73 21.79 10.21 16 105.04 11.57
2013 10 44.26 16.76 2.45 9.61 74.6 14.31
2013 11 122.4 11.75 0.33 6.04 39.19 11.42
2013 12 72.37 2.04 -7.68 -2.82 17.45 9.73
2014 1 115.82 1.05 -8.68 -3.81 15.64 9.73
2014 2 104.43 0.59 -9.91 -4.66 17.97 10.49
2014 3 199.11 5.57 -5.23 0.17 38.47 10.8
2014 4 145.09 11.37 -0.14 5.62 68.42 11.52
2014 5 58.56 21.3 6.45 13.87 132.36 14.85
2014 6 78.3 24.99 12.44 18.71 150.19 12.55
2014 7 47.44 27.18 14.29 20.73 167.76 12.89
2014 8 38.79 26.53 12.09 19.31 158.42 14.44
2014 9 113.21 22.55 8.3 15.43 114.58 14.25
2014 10 57.62 16.72 2.49 9.61 74.39 14.23
2014 11 57.78 8.81 -2.16 3.32 34.04 10.97
2014 12 68.17 1.5 -7.6 -3.05 16.61 9.09
2015 1 43.31 -0.65 -12.34 -6.49 13.86 11.69
2015 2 66.4 3.03 -9.6 -3.28 22.54 12.62
2015 3 28.7 7.48 -4.67 1.41 44.1 12.15
2015 4 57.48 13.53 0.4 6.96 77.91 13.13
2015 5 46.42 21.06 5.26 13.16 134.08 15.79
2015 6 62.58 25.16 11.88 18.52 153.89 13.27
2015 7 129.4 26.57 13.79 20.18 164.45 12.78
2015 8 162.67 26.23 14.22 20.23 147.49 12.01
2015 9 34.15 23.76 9.71 16.74 117.39 14.05
2015 10 64.19 18.25 2.86 10.56 79.18 15.39
2015 11 257.23 8.89 -1.37 3.76 33.19 10.26
2015 12 66.94 2.44 -6.65 -2.1 17.57 9.1
2016 1 93.7 0.45 -10.08 -4.82 15.1 10.53
2016 2 24.96 0.02 -11.68 -5.83 17.27 11.69
2016 3 65.33 6.44 -5.04 0.7 40.82 11.48
2016 4 65.38 12.29 -0.69 5.8 73.21 12.98
2016 5 118.18 19.64 5.62 12.63 123.57 14.02
2016 6 181.75 24.85 11.16 18 153.81 13.69
2016 7 65.98 26.45 13.94 20.19 162.91 12.5
2016 8 65.52 26.85 12.09 19.47 160.87 14.76
2016 9 48.04 22.06 7.28 14.67 114.01 14.78
2016 10 107.88 16.9 4.18 10.54 72.72 12.72
2016 11 158.71 9.01 -1.36 3.83 33.88 10.38
2016 12 70.82 1.92 -7.88 -2.98 17.33 9.8
2017 1 108.5 0.54 -10.02 -4.74 15.21 10.56
2017 2 91.19 0.13 -11.57 -5.72 17.43 11.7
2017 3 106.66 6.21 -3.94 1.14 39.29 10.15
2017 4 65.35 12.79 0.72 6.75 73.48 12.08
2017 5 79.31 18.78 6.11 12.44 116.76 12.67
2017 6 88.32 26.19 11.42 18.81 163.35 14.77
2017 7 96.26 27.48 14.42 20.95 169.85 13.07
2017 8 77.31 25.91 12.73 19.32 151.38 13.17
2017 9 41.73 23.6 8.93 16.27 119.19 14.67
2017 10 126.59 15.25 2.97 9.11 67.84 12.28
2017 11 21.82 9.37 -2.67 3.35 35.7 12.04
2017 12 88.61 1.96 -7.31 -2.67 17.21 9.27
2018 1 120.59 1.61 -9.95 -4.17 16.6 11.55
2018 2 97.76 1.47 -9.27 -3.9 19.22 10.74
2018 3 95.72 4.09 -6.96 -1.44 35.42 11.05
2018 4 165.15 12.56 0.38 6.47 72.93 12.18
2018 5 90.03 20.43 5.84 13.14 128.16 14.59
2018 6 140.53 25.11 11.09 18.1 156.1 14.03
2018 7 60.95 27.35 12.99 20.17 174.48 14.36
2018 8 172.68 26.15 12.57 19.36 153.89 13.59
2018 9 78.69 23.05 8.63 15.84 116.7 14.42
2018 10 63.97 16.62 3.14 9.88 73.11 13.48
2018 11 142.14 8.5 -0.98 3.76 32.29 9.48
2018 12 57.63 0.75 -10.36 -4.81 16.18 11.11
2019 1 94 -1.32 -12.55 -6.94 13.05 11.23
2019 2 20.49 2.11 -9.84 -3.87 21.05 11.95
2019 3 91.62 5.34 -5.54 -0.1 38.47 10.89
2019 4 92.31 14.02 0.54 7.28 79.95 13.48
2019 5 100.01 20.58 6.12 13.35 129.1 14.46
2019 6 165.04 25.24 12 18.62 154.15 13.24
2019 7 41.08 28.17 14.23 21.2 176.36 13.94
2019 8 104.69 25.6 12.99 19.3 147.41 12.61
2019 9 96.75 21.87 8.61 15.24 109.06 13.25
2019 10 45.35 17.08 1.5 9.29 76.12 15.59
2019 11 99.75 9.73 -1.76 3.99 35.51 11.49
2019 12 117.73 2 -6.72 -2.36 16.92 8.72
2020 1 76.26 0.88 -10.76 -4.94 15.72 11.63
2020 2 36.62 0.43 -10.09 -4.83 17.76 10.52
2020 3 92.15 5.3 -6.12 -0.41 38.28 11.42
2020 4 105.78 13.06 -0.21 6.43 75.99 13.27
2020 5 37.45 21.41 6.74 14.07 132.38 14.67
2020 6 111.39 24.51 10 17.26 155.08 14.52
2020 7 128.34 26.71 13.8 20.25 165.78 12.91
2020 8 95.04 26.14 12.4 19.27 154.39 13.74
2020 9 88.94 22.67 9.14 15.9 113.23 13.53
2020 10 103.24 17.79 4.35 11.07 76.15 13.44
2020 11 103.52 8.7 -2.66 3.02 34.15 11.37
2020 12 94 0.53 -8.39 -3.93 15.48 8.92
2021 1 98.38 -1.53 -12.96 -7.24 12.79 11.43
2021 2 51.87 0.73 -12.04 -5.66 18.31 12.77
2021 3 110.87 6.05 -6.12 -0.04 40.35 12.17
2021 4 165.47 13.74 2.4 8.07 75.02 11.34
2021 5 28.18 21.87 5.28 13.57 138.6 16.6
2021 6 29.61 26.04 10.55 18.3 164.98 15.49
2021 7 94.24 27.61 13.87 20.74 173.26 13.75
2021 8 98.74 26.41 12.26 19.34 156.97 14.15
2021 9 35.84 24.34 9.69 17.02 121.77 14.66
2021 10 46.46 17.73 2.82 10.27 77.98 14.91
2021 11 124.77 9.41 -2.88 3.26 35.92 12.29
2021 12 133.92 0.66 -9.65 -4.49 15.96 10.31
2022 1 112.48 0.08 -9.38 -4.65 14.5 9.47
2022 2 20.44 -0.24 -12.51 -6.38 16.89 12.27
2022 3 42.51 7.59 -4.7 1.44 43.92 12.29
2022 4 90.97 12.94 -0.15 6.39 75.38 13.09
2022 5 87.09 18.8 5.5 12.15 118.44 13.3
2022 6 95.51 24.21 11.48 17.84 147.67 12.73
2022 7 80.33 26.54 13.51 20.03 165.51 13.02
2022 8 47.52 26.83 11.95 19.39 161.17 14.88
2022 9 71.08 23.6 7.9 15.75 121.44 15.7
2022 10 98.42 18.45 5.42 11.94 77.23 13.03
2022 11 60.63 10.1 -0.85 4.62 36.09 10.95
2022 12 174.14 3.71 -6.73 -1.51 19.67 10.44
2023 1 122.37 -1.38 -12.9 -7.14 12.97 11.53
2023 2 29.5 0.04 -11.33 -5.64 17.92 11.37
2023 3 82.46 4.73 -6.29 -0.78 37.22 11.02
2023 4 52.12 12.23 -0.01 6.11 72.65 12.24
2023 5 26.81 19.35 4.71 12.03 124.39 14.64
2023 6 98.76 23.8 11.43 17.62 144.83 12.36
2023 7 73.3 26.72 13.79 20.26 165.76 12.93
2023 8 62.28 26.7 12.38 19.54 158.09 14.32
2023 9 20.23 23.71 8.79 16.25 119.23 14.91
2023 10 65.53 17.73 2.32 10.03 77.75 15.41
2023 11 116.92 8.51 -0.93 3.79 31.89 9.44
2023 12 119.47 1.51 -7.65 -3.07 16.54 9.16
2024 1 30.34 -0.04 -10.52 -5.28 14.52 10.48
2024 2 37.26 0.72 -11.58 -5.43 18.31 12.3
2024 3 46.93 4.45 -7.59 -1.57 36.68 12.04
2024 4 29.15 14.2 -1.14 6.53 82.07 15.34
2024 5 149.73 21.26 6.58 13.92 131.79 14.68
2024 6 163.51 25.34 13.63 19.49 148.1 11.7
2024 7 50.88 27.18 13.71 20.44 170.15 13.46
2024 8 86.9 27.3 14.12 20.71 157.12 13.19
2024 9 142.47 20.44 7.27 13.86 104.94 13.17
2024 10 48.45 17.2 2.4 9.8 76.38 14.8
2024 11 168.84 9.18 -1.89 3.64 34.7 11.07
2024 12 57.28 1.66 -9.59 -3.97 17.33 11.25
2025 1 68.01 -0.08 -11.31 -5.7 14.54 11.23
2025 2 69.76 1.21 -11.91 -5.35 19.03 13.12
2025 3 183.44 6.87 -4.42 1.22 41.62 11.29
2025 4 38.2 13.43 -0.07 6.68 77.44 13.5
2025 5 84.46 20.01 6.24 13.13 124.46 13.77
2025 6 152.67 23.84 11.69 17.76 143.92 12.15
2025 7 54.09 28.14 13.73 20.93 178.29 14.41
2025 8 111.41 26.53 12.85 19.69 155.74 13.67
2025 9 129.52 22.41 9.7 16.06 110.26 12.71
2025 10 67.57 17.35 3.18 10.27 76.02 14.18
2025 11 75.67 10.35 -1.48 4.44 37.2 11.83
2025 12 41.34 2.18 -7.98 -2.9 17.75 10.16
2026 1 39.24 -0.38 -11.54 -5.96 14.17 11.16
2026 2 108.18 1.12 -10.52 -4.7 18.86 11.64
2026 3 113.45 5.26 -4.58 0.34 37.06 9.84
2026 4 41.31 13.11 -0.8 6.15 76.93 13.91
2026 5 109.58 19.31 5.04 12.18 122.82 14.27
2026 6 68.79 23.95 10.62 17.29 148.73 13.33
2026 7 129.47 28.25 15.98 22.12 169.56 12.27
2026 8 94.78 26.5 13.47 19.98 153.24 13.03
2026 9 111.59 21.91 9.59 15.75 107.55 12.32
2026 10 112.39 16.96 3.66 10.31 73.75 13.3
2026 11 149.6 9.13 -2.34 3.39 34.91 11.47
2026 12 67.02 2.44 -7.86 -2.71 18.09 10.3
2027 1 89.5 -0.29 -10.78 -5.54 14.23 10.48
2027 2 71.29 2.14 -10.02 -3.94 21.12 12.16
2027 3 37.81 5.39 -6.18 -0.39 39.01 11.58
2027 4 46.9 11.83 -0.43 5.7 71.44 12.26
2027 5 91.21 20.26 6.22 13.24 126.78 14.05
2027 6 214 24.68 12.64 18.66 147.15 12.04
2027 7 115.81 26.39 13.45 19.92 164.31 12.93
2027 8 31.33 26.88 12.24 19.56 159.93 14.64
2027 9 70.65 22.38 9.62 16 109.45 12.75
2027 10 51.42 17.16 2.62 9.89 75.15 14.54
2027 11 76.69 8.3 -2.77 2.76 32.9 11.07
2027 12 139.15 2.88 -7.46 -2.29 18.51 10.34
2028 1 97.77 -0.01 -11.38 -5.7 14.63 11.37
2028 2 111.84 1.72 -10.37 -4.33 19.77 12.09
2028 3 65.41 5.77 -4.25 0.76 38.26 10.02
2028 4 113.56 14.55 0.5 7.52 81.75 14.06
2028 5 54.12 19.88 5.41 12.64 125.6 14.47
2028 6 78.4 24.95 11.03 17.99 155.06 13.92
2028 7 18.81 26.77 13.15 19.96 169.01 13.62
2028 8 156.44 26.53 12.55 19.54 156.87 13.98
2028 9 87.3 23.45 10.11 16.78 115.37 13.34
2028 10 108.89 17.18 3.27 10.23 75.21 13.92
2028 11 119.65 10.51 0.61 5.56 35.76 9.9
2028 12 85.47 1.17 -9.7 -4.26 16.67 10.87
2029 1 81.01 0.17 -12.21 -6.02 14.85 12.38
2029 2 75.94 1.74 -10.13 -4.2 19.77 11.87
2029 3 40.82 4.78 -5.96 -0.59 36.73 10.74
2029 4 77.36 13.97 0.78 7.38 78.75 13.2
2029 5 90.4 19.01 5.73 12.37 119.26 13.28
2029 6 150.06 24.45 10.99 17.72 151.3 13.46
2029 7 108.77 27.84 14.9 21.37 170.83 12.94
2029 8 32.6 26.86 11.8 19.33 161.9 15.06
2029 9 49.35 23.6 10.36 16.98 115.59 13.24
2029 10 42.34 17.06 1.66 9.36 76.67 15.4
2029 11 100.82 11.21 -0.99 5.11 38.93 12.2
2029 12 72.4 1.29 -7.27 -2.99 16.19 8.56
2030 1 123.58 -0.11 -10.27 -5.19 14.41 10.16
2030 2 132.57 1.85 -9.12 -3.64 19.8 10.97
2030 3 129.62 5.82 -5.52 0.15 39.36 11.34
2030 4 134.25 14.01 1.49 7.75 77.84 12.52
2030 5 98.96 19.76 5.89 12.83 123.68 13.87
2030 6 185.97 25.04 11.68 18.36 153.46 13.36
2030 7 77.57 25.99 12.99 19.49 163.05 13
2030 8 21.63 26.94 12.07 19.51 161.63 14.87
2030 9 128.48 21.18 8.81 15 105.34 12.36
2030 10 181.54 16.89 2.7 9.8 74.78 14.19
2030 11 151.03 8.73 -2.23 3.25 33.89 10.96
2030 12 80.73 2.66 -7.41 -2.37 18.29 10.07
2031 1 112.39 0.37 -10.79 -5.21 15.08 11.16
2031 2 90.83 0.49 -11.55 -5.53 18.6 12.04
2031 3 76.07 5.09 -6.45 -0.68 38.3 11.54
2031 4 44.54 15.96 1.45 8.7 87.63 14.5
2031 5 216.43 17.7 5.76 11.73 111.22 11.95
2031 6 185.84 23.87 12.75 18.31 140.01 11.11
2031 7 112.77 26.97 13.86 20.42 167.65 13.12
2031 8 67.1 26.9 12.38 19.64 159.7 14.53
2031 9 111.11 23.49 9.06 16.27 117.37 14.43
2031 10 67.68 17.03 3.84 10.43 72.98 13.19
2031 11 72.94 9.29 -2.49 3.4 34.97 11.78
2031 12 191.04 3.36 -6.15 -1.4 18.78 9.51
2032 1 71.07 2.99 -8.3 -2.65 18.24 11.29
2032 2 100.82 0.41 -10.73 -5.16 17.8 11.14
2032 3 55.38 5.94 -5.41 0.26 39.63 11.35
2032 4 98.85 13.04 1.19 7.12 73.87 11.85
2032 5 85.07 20.62 7.13 13.87 126.16 13.49
2032 6 63.18 24.82 10.69 17.76 155.17 14.13
2032 7 60.91 28.41 14.26 21.34 178.56 14.16
2032 8 208.49 26.23 12.3 19.26 155.4 13.93
2032 9 251.97 24.08 11.19 17.63 116.18 12.88
2032 10 72.26 18.04 1.7 9.87 80.48 16.34
2032 11 33.86 10.04 -2.16 3.94 36.94 12.2
2032 12 87.6 0.87 -8.72 -3.92 16.06 9.6
2033 1 31.92 0.75 -10.34 -4.8 15.53 11.1
2033 2 64.87 1.26 -11.06 -4.9 19.1 12.31
2033 3 91 8.42 -3.88 2.27 45.83 12.3
2033 4 71.53 13.89 -0.13 6.88 79.59 14.02
2033 5 127.65 20.57 7.71 14.14 124.22 12.86
2033 6 76.87 25.88 12.12 19 158.47 13.76
2033 7 74.01 26.42 13.7 20.06 163.72 12.72
2033 8 123.03 26.54 12.93 19.74 155.56 13.61
2033 9 51.92 21.75 7.9 14.83 110.92 13.85
2033 10 116.12 17.8 3.2 10.5 77.81 14.6
2033 11 87.51 11.86 0.47 6.17 39.35 11.39
2033 12 87.69 2.84 -6.72 -1.94 18.31 9.55
2034 1 63.57 -0.13 -10.58 -5.36 14.42 10.46
2034 2 7.79 0.8 -12.79 -5.99 18.37 13.59
2034 3 50.98 5.94 -3.86 1.04 38.43 9.81
2034 4 49.11 12.67 -0.33 6.17 74.41 13
2034 5 137.38 19.52 6.73 13.13 119.91 12.78
2034 6 82.1 23.83 11.79 17.81 143.48 12.04
2034 7 86.99 27.74 13.67 20.71 175.16 14.07
2034 8 42.63 26.28 12.59 19.43 154.79 13.69
2034 9 133 21.2 7.79 14.5 108.05 13.41
2034 10 63.49 18.58 4.7 11.64 78.92 13.88
2034 11 34.25 11.52 0.32 5.92 38.62 11.2
2034 12 62.76 3.1 -6.52 -1.71 18.64 9.62
2035 1 86.91 0.38 -10.74 -5.18 15.08 11.12
2035 2 57.26 4.01 -7.59 -1.79 23.83 11.6
2035 3 32.99 6.65 -4.78 0.93 41.72 11.43
2035 4 249.8 13.06 1.8 7.43 73.53 11.26
2035 5 56.8 19.65 6.5 13.08 122.03 13.15
2035 6 123.03 24.24 12.01 18.12 146.12 12.23
2035 7 30.66 27.18 12.96 20.07 172.96 14.22
2035 8 107.29 25.55 12.29 18.92 149.61 13.26
2035 9 131.99 23.24 9.95 16.59 113.72 13.3
2035 10 215.78 17.06 5.09 11.07 71.09 11.97
2035 11 120.51 9.51 -2.8 3.35 35.68 12.31
2035 12 90.63 1.62 -8.07 -3.23 16.83 9.68
2036 1 71.98 0.15 -9.85 -4.85 14.68 10
2036 2 106.64 2.12 -9.98 -3.93 20.35 12.1
2036 3 58.17 6.39 -4.21 1.09 40.04 10.59
2036 4 127.3 13.17 -0.21 6.48 76.48 13.38
2036 5 51.79 19.43 4.5 11.97 124.76 14.94
2036 6 74 24.09 10.84 17.46 149.03 13.25
2036 7 44.27 29.14 14.67 21.9 183.18 14.48
2036 8 53.24 26.75 12.84 19.79 157.56 13.91
2036 9 83.03 22.1 8.9 15.51 110.53 13.2
2036 10 55.4 16.23 3.82 10.03 70.5 12.4
2036 11 109.02 9.33 -2.91 3.21 35.76 12.24
2036 12 114.12 2.38 -7.21 -2.41 17.8 9.59
2037 1 52.42 -0.88 -12.56 -6.72 13.58 11.68
2037 2 40.19 0.78 -12.32 -5.77 18.37 13.1
2037 3 32.31 4.62 -6.82 -1.1 36.79 11.45
2037 4 82.69 13.95 1.15 7.55 78.09 12.8
2037 5 109.47 18.33 5.46 11.9 115.53 12.87
2037 6 125.97 26.25 12.63 19.44 159.58 13.62
2037 7 41.2 27.04 14.01 20.53 167.78 13.03
2037 8 23.1 26.54 12.01 19.28 158.78 14.53
2037 9 196.28 22.83 10.44 16.64 110.75 12.39
2037 10 138.89 16.14 3.11 9.62 71.23 13.04
2037 11 66.76 8.86 -1.91 3.48 33.97 10.77
2037 12 78.14 0.83 -9.53 -4.35 16.17 10.36
2038 1 63.08 0.09 -10.51 -5.21 14.7 10.6
2038 2 31.12 0.33 -12.02 -5.84 17.74 12.36
2038 3 139.56 6.67 -5.5 0.59 41.78 12.17
2038 4 72.51 14.9 1.46 8.18 82.04 13.44
2038 5 96.99 20.48 5.57 13.03 129.06 14.9
2038 6 78.13 24.24 10.25 17.25 152.16 13.98
2038 7 132.01 28.75 14.77 21.76 179.36 13.98
2038 8 84.72 27.08 13.26 20.17 158.56 13.82
2038 9 57.53 22.07 7.96 15.02 112.62 14.11
2038 10 165.38 17.61 3.53 10.57 76.58 14.08
2038 11 88.61 7.98 -3.14 2.42 32.8 11.12
2038 12 120.4 1.21 -8.26 -3.53 16.41 9.47
2039 1 117.02 0.71 -9.44 -4.37 15.33 10.14
2039 2 80.2 -0.63 -10.94 -5.79 16.86 10.31
2039 3 164.02 6.84 -5.43 0.7 42.69 12.27
2039 4 156.41 12 1.12 6.56 69.77 10.88
2039 5 90.67 18 5.9 11.95 112.74 12.1
2039 6 96.44 23.93 10.93 17.43 147.69 12.99
2039 7 96.57 27.01 13.33 20.17 170.09 13.68
2039 8 97.67 27.1 14.06 20.58 155.1 13.04
2039 9 83.94 21.85 8.81 15.33 108.5 13.04
2039 10 102.88 16.41 3.41 9.91 71.13 13.01
2039 11 139.82 10.44 -0.43 5 36.14 10.87
2039 12 71.65 1.28 -8.73 -3.73 16.52 10.01
2040 1 61.69 -1.11 -12.45 -6.78 13.3 11.34
2040 2 103.02 0.44 -11.08 -5.32 17.87 11.52
2040 3 144.75 5.65 -5.36 0.14 38.77 11.01
2040 4 57.31 12.34 0.16 6.25 72.28 12.18
2040 5 78.14 19.98 6.08 13.03 124.66 13.9
2040 6 25.04 25.22 11.42 18.32 155.78 13.8
2040 7 214.44 26.72 14.81 20.77 161.38 11.91
2040 8 80.36 26.22 12.6 19.41 154.31 13.62
2040 9 122.93 22.3 8.25 15.27 113.23 14.05
2040 10 30.44 18.54 3.63 11.09 80.25 14.91
2040 11 164.97 9.74 -0.15 4.8 34.56 9.89
2040 12 126.04 1.62 -9.07 -3.73 17.19 10.69
2041 1 102.1 1.45 -8.73 -3.64 16.2 10.19
2041 2 53.66 0.35 -11.62 -5.64 17.76 11.97
2041 3 106.91 7.15 -4.34 1.4 42.4 11.5
2041 4 130.3 13.15 1.61 7.38 73.66 11.54
2041 5 156.59 20.79 7.81 14.3 125.42 12.98
2041 6 107.91 24.51 10.59 17.55 153.13 13.92
2041 7 48.05 27.42 13.65 20.54 172.53 13.78
2041 8 58.35 26.14 11.35 18.75 157.88 14.78
2041 9 29.4 24 8.05 16.02 123.43 15.96
2041 10 112.14 17.39 3.36 10.38 75.92 14.03
2041 11 141.23 10.25 -1.27 4.49 36.79 11.51
2041 12 132.34 2.26 -7.88 -2.82 17.82 10.14
2042 1 91.24 -0.08 -10.38 -5.23 14.45 10.3
2042 2 147.65 3.94 -7.19 -1.62 22.77 11.13
2042 3 91.53 5.4 -4.67 0.37 37.54 10.07
2042 4 103.51 13.73 0.95 7.34 77.39 12.78
2042 5 102.3 18.53 5.17 11.85 117.54 13.36
2042 6 130.3 24.29 11.16 17.72 149.41 13.12
2042 7 29.76 26.98 13.13 20.05 170.85 13.86
2042 8 27.32 26.09 11.18 18.64 158.02 14.9
2042 9 73.49 23.2 8.71 15.95 117.4 14.5
2042 10 53.23 17.02 2.61 9.81 75.42 14.41
2042 11 117.6 8.67 -2.61 3.03 34.02 11.27
2042 12 62.46 2.23 -6.97 -2.37 17.48 9.2
2043 1 29.33 -0.44 -13.19 -6.82 14.06 12.76
2043 2 66.34 1.16 -9.98 -4.41 19.53 11.13
2043 3 100.07 6.26 -4.28 0.99 40.18 10.54
2043 4 131.75 13.61 -0.08 6.77 78.92 13.69
2043 5 87.19 19.45 6.6 13.03 120.4 12.85
2043 6 134.41 24.44 11.31 17.87 150.37 13.13
2043 7 105.54 27.53 14.17 20.85 171.12 13.36
2043 8 113.78 25.59 12.6 19.09 148.8 12.99
2043 9 120.01 22.5 8.79 15.64 112.25 13.7
2043 10 67.58 18.76 4.33 11.54 79.36 14.44
2043 11 101.09 9.87 -0.82 4.52 35.09 10.69
2043 12 158.35 1.02 -8.23 -3.6 16.02 9.25
2044 1 45.67 0.12 -10.78 -5.33 14.75 10.9
2044 2 125.74 2.04 -9.37 -3.67 20.15 11.41
2044 3 93.42 6.54 -5.9 0.32 41.62 12.44
2044 4 84.74 14.01 -1.18 6.42 81.28 15.19
2044 5 70.68 20.46 5.27 12.87 129.64 15.19
2044 6 120.91 24.6 10.74 17.67 153.33 13.86
2044 7 49.43 25.87 12.33 19.1 164.63 13.54
2044 8 32.82 27.4 13.41 20.4 160.53 13.99
2044 9 114.33 24.6 10.15 17.38 122.15 14.45
2044 10 80.42 17.54 2.25 9.9 77.92 15.29
2044 11 83.89 8.4 -1.57 3.41 32.58 9.97
2044 12 84.78 0.79 -9.89 -4.55 16.18 10.68
2045 1 99.25 1.44 -11.27 -4.91 16.47 12.71
2045 2 108.4 2.31 -8.82 -3.26 20.48 11.13
2045 3 109.01 5.18 -5.77 -0.3 37.71 10.95
2045 4 67.25 12.67 -0.32 6.18 74.43 12.99
2045 5 63.99 20.75 5.48 13.12 131 15.26
2045 6 88.93 24.46 10.66 17.56 152.47 13.79
2045 7 41.89 28.66 13.55 21.1 183.37 15.11
2045 8 83.44 25.87 12.14 19.01 153.23 13.73
2045 9 103.37 22.44 9.25 15.84 111.65 13.2
2045 10 58.8 16.74 3.88 10.31 72.54 12.87
2045 11 214.04 8.56 -2.54 3.01 33.72 11.1
2045 12 95.82 2.55 -6.82 -2.13 17.92 9.37
2046 1 58.1 -1.66 -11.59 -6.63 12.62 9.93
2046 2 132.14 1.4 -9.57 -4.08 19.17 10.97
2046 3 148.48 6.86 -3.9 1.48 41.2 10.77
2046 4 60.77 13.33 0.73 7.03 75.91 12.6
2046 5 48.06 19.98 5.6 12.79 125.8 14.38
2046 6 72.93 22.92 10.85 16.89 139.9 12.07
2046 7 79.88 26.7 12.22 19.46 171.98 14.49
2046 8 63.06 27.02 13.83 20.42 156.02 13.2
2046 9 140.64 22.42 9.38 15.9 111.19 13.04
2046 10 159.39 16.42 2.62 9.52 73 13.79
2046 11 73.45 8.47 -2.05 3.21 33.16 10.53
2046 12 152.21 3.96 -5.29 -0.67 19.47 9.26
2047 1 115.33 0.53 -8.06 -3.77 14.74 8.59
2047 2 66.11 2.21 -8.75 -3.27 21.02 10.96
2047 3 105.67 5.79 -5.69 0.05 39.83 11.48
2047 4 88.63 14.34 0.54 7.44 81.43 13.81
2047 5 41.42 21.06 6.43 13.74 131.47 14.63
2047 6 19.49 25.25 10.22 17.73 160.2 15.03
2047 7 64.81 28.62 14.47 21.55 179.25 14.15
2047 8 174.74 25.68 12.53 19.11 149.79 13.15
2047 9 50.83 24.34 9.1 16.72 122.19 15.24
2047 10 74.27 17.66 3.69 10.67 75.74 13.97
2047 11 96.41 8.85 -1.43 3.71 33.15 10.28
2047 12 84.35 1.93 -8.21 -3.14 17.33 10.14
2048 1 55.56 -0.05 -12.36 -6.2 14.59 12.32
2048 2 64.74 0.87 -10.26 -4.69 18.46 11.13
2048 3 88.52 5.52 -6.4 -0.44 39.04 11.92
2048 4 67.94 13.54 -0.6 6.47 78.61 14.15
2048 5 86.33 19.92 6.22 13.07 123.89 13.7
2048 6 51.25 26.39 11.76 19.08 163.75 14.63
2048 7 86.49 27.41 13.62 20.51 172.53 13.79
2048 8 158.51 25.84 13.99 19.92 145.89 11.85
2048 9 134.79 22.01 9.02 15.52 109.69 12.99
2048 10 88.1 16.81 2.35 9.58 74.89 14.45
2048 11 120.96 9 -2.07 3.46 34.4 11.06
2048 12 75.97 1.45 -8.82 -3.68 16.9 10.27
2049 1 47.38 -0.12 -10.74 -5.43 14.45 10.62
2049 2 88.17 2.85 -9.44 -3.29 21.46 12.29
2049 3 82.46 5.13 -4.78 0.18 36.86 9.91
2049 4 69 13.63 0.55 7.09 77.53 13.08
2049 5 101.18 19.08 5.81 12.45 119.47 13.27
2049 6 267.19 24.47 13.31 18.89 142.31 11.16
2049 7 108.18 27.24 13.74 20.49 170.61 13.5
2049 8 29.51 26.61 12.55 19.57 157.47 14.06
2049 9 307.63 22.21 10.53 16.37 106.68 11.68
2049 10 94.63 17.43 3.02 10.23 76.55 14.41
2049 11 142.38 8.54 -1.55 3.5 32.91 10.1
2049 12 158.88 2.86 -6.76 -1.95 18.37 9.63
2050 1 43.75 0.31 -11.34 -5.52 15.03 11.65
2050 2 58.16 -0.05 -12.27 -6.16 17.18 12.22
2050 3 126.06 4.72 -5.86 -0.57 36.5 10.58
2050 4 90.6 12.69 -0.02 6.33 74.09 12.71
2050 5 71.43 20.87 6.94 13.91 128.32 13.93
2050 6 48.92 24.68 11.02 17.85 152.96 13.66
2050 7 45.39 26.97 12.89 19.93 171.69 14.09
2050 8 72.28 26.6 12.95 19.78 156 13.65
2050 9 114.09 21.85 9.11 15.48 108.49 12.73
2050 10 81.55 16.72 3.03 9.88 73.69 13.7
2050 11 130.59 9.16 -2.34 3.41 34.99 11.5
2050 12 52.61 1.22 -8.85 -3.82 16.58 10.07
2051 1 62 1.19 -10.26 -4.53 16.09 11.45
2051 2 26.49 0.55 -12.38 -5.92 18.67 12.93
2051 3 59.67 4.73 -6.43 -0.85 37.3 11.16
2051 4 80.08 13.13 0.03 6.58 76.6 13.09
2051 5 153.97 21.97 8.15 15.06 133.09 13.81
2051 6 91.9 24.02 9.49 16.75 153.16 14.52
2051 7 72.21 27.44 12.96 20.2 175.12 14.48
2051 8 56.4 27.1 13.46 20.28 157.41 13.64
2051 9 55.08 22.04 8.13 15.09 111.2 13.91
2051 10 24.92 17.2 2.64 9.92 75.31 14.57
2051 11 181.81 10.38 -0.58 4.9 36.11 10.95
2051 12 52.57 2.89 -7.05 -2.08 18.4 9.94
2052 1 28.55 0.49 -9.41 -4.46 15.05 9.9
2052 2 91.65 0.83 -10.46 -4.81 18.41 11.29
2052 3 89.95 5.17 -6.75 -0.79 38.26 11.92
2052 4 121.12 12.82 1.58 7.2 72.19 11.24
2052 5 52.96 20.19 5.78 12.99 126.71 14.41
2052 6 118.96 24.77 12.24 18.51 149.23 12.53
2052 7 61.63 27.6 13.2 20.4 175.73 14.39
2052 8 35.75 27.01 12.23 19.62 161.63 14.78
2052 9 43.89 21.43 7.45 14.44 110.14 13.98
2052 10 146.5 16.5 3.06 9.78 72.74 13.44
2052 11 40.62 11.41 0.94 6.17 37.72 10.46
2052 12 65.08 0.74 -9.31 -4.29 16 10.05
2053 1 172.95 0.69 -9.21 -4.26 15.27 9.9
2053 2 11.16 -1.28 -12.06 -6.67 15.43 10.78
2053 3 38.35 5.52 -5.28 0.12 38.36 10.81
2053 4 134.86 13.27 0.89 7.08 75.4 12.38
2053 5 145.66 21.65 6.12 13.88 135.41 15.53
2053 6 40.62 24.99 10.48 17.73 157.17 14.51
2053 7 115.18 26.73 14.33 20.53 163.67 12.4
2053 8 70.85 26.99 12.84 19.92 159.41 14.15
2053 9 102.64 21.63 8.4 15.02 109.05 13.23
2053 10 135.28 17.05 4.48 10.77 72.84 12.56
2053 11 117.63 10.09 -0.04 5.02 35.32 10.12
2053 12 96.36 1.85 -7.5 -2.82 17.11 9.35
2054 1 144.68 0.12 -11.51 -5.69 14.8 11.64
2054 2 97.42 1.15 -10.12 -4.48 18.86 11.27
2054 3 158.06 5.72 -4.47 0.63 38.31 10.19
2054 4 131.71 15.3 1.27 8.29 84.17 14.04
2054 5 64.25 21.18 6.12 13.65 132.38 15.07
2054 6 95.38 25.87 11.62 18.75 160.19 14.25
2054 7 129.11 27.06 14.24 20.65 166.89 12.82
2054 8 77.49 26.89 12.15 19.52 160.99 14.74
2054 9 115.91 21.64 8.01 14.83 110.04 13.63
2054 10 115.25 15.74 3.26 9.5 69.38 12.48
2054 11 141.59 9.06 -0.95 4.06 33.63 10.01
2054 12 158.55 2.25 -8.1 -2.92 17.88 10.35
2055 1 61.05 0.48 -10.21 -4.87 15.15 10.69
2055 2 116.86 -0.57 -11.92 -6.24 17.01 11.34
2055 3 71.34 6.47 -4.69 0.89 41.14 11.16
2055 4 134.76 11.91 -1.18 5.36 72.79 13.1
2055 5 82.28 19.78 5.47 12.62 125.4 14.31
2055 6 102.23 25.89 11.96 18.92 159.41 13.93
2055 7 99.55 28.17 14.24 21.21 176.37 13.94
2055 8 26.79 26.05 12.13 19.09 154.06 13.93
2055 9 126.33 22.82 8.29 15.56 115.29 14.53
2055 10 117.96 16.24 2.92 9.58 71.14 13.32
2055 11 84.68 7.89 -3.16 2.37 32.23 11.05
2055 12 87.62 0.94 -9.02 -4.04 16.12 9.96
2056 1 69.72 1.92 -9.17 -3.62 16.92 11.08
2056 2 81.69 1.4 -11.45 -5.02 19.32 12.85
2056 3 17.85 5.54 -7.49 -0.98 39.55 13.04
2056 4 96.66 11.83 -0.32 5.75 70.7 12.15
2056 5 85.06 18.05 4.96 11.51 114.98 13.09
2056 6 88.12 25.87 12.14 19.01 158.38 13.73
2056 7 103.2 28.3 14.5 21.4 176.58 13.8
2056 8 96.09 26.93 12.35 19.64 160.61 14.58
2056 9 68.33 22.39 8.9 15.65 112.24 13.49
2056 10 179.69 17.14 5.03 11.08 72.32 12.11
2056 11 85.87 10.54 -1.93 4.31 37.98 12.47
2056 12 81.8 1.38 -7.68 -3.15 16.47 9.06
2057 1 82.58 -0.71 -11.15 -5.93 13.75 10.44
2057 2 76.6 2.15 -9.97 -3.91 20.41 12.12
2057 3 61.92 6.3 -5.72 0.29 40.85 12.02
2057 4 56.02 13.24 0.82 7.03 75.34 12.42
2057 5 49.98 20.59 5.48 13.03 129.99 15.11
2057 6 119.62 23.35 10.11 16.73 145.88 13.24
2057 7 101.34 27.67 14.68 21.18 170.36 12.99
2057 8 97.17 25.75 13.51 19.63 147.1 12.24
2057 9 75.91 23.31 9.53 16.42 116.04 13.78
2057 10 63.22 17.28 2.29 9.78 76.82 14.99
2057 11 99.86 9.22 -2.51 3.35 35.24 11.73
2057 12 69.54 1 -9.54 -4.27 16.41 10.54
2058 1 81.45 1.47 -10.53 -4.53 16.47 12
2058 2 110.27 0.72 -11.94 -5.61 18.3 12.66
2058 3 209.43 5.01 -5.37 -0.18 36.97 10.38
2058 4 76.11 14.94 1.31 8.12 82.42 13.63
2058 5 51.11 20.4 5.86 13.13 127.91 14.54
2058 6 65.61 24.62 11.76 18.19 149.83 12.86
2058 7 110.56 27.28 14.99 21.13 165.51 12.29
2058 8 98.63 26.35 14.16 20.25 149.24 12.18
2058 9 295.22 21.28 10.01 15.65 102.57 11.27
2058 10 77.81 16.27 2.94 9.6 71.97 13.33
2058 11 37.43 10.05 -1.48 4.29 36.49 11.54
2058 12 65.16 3.45 -6.17 -1.36 19.05 9.62
2059 1 112.53 -0.35 -9.55 -4.95 13.97 9.2
2059 2 60.11 1.79 -9.44 -3.83 20.46 11.23
2059 3 83.49 6.3 -5.55 0.37 41.21 11.85
2059 4 92.36 14.03 1.14 7.59 79.12 12.89
2059 5 129.49 18.97 6.31 12.64 118.06 12.67
2059 6 81.66 22.69 9.1 15.89 144.49 13.59
2059 7 79.09 27.66 14 20.83 172.93 13.66
2059 8 35.99 26.77 10.78 18.78 163.69 15.99
2059 9 40.63 23.48 9.33 16.41 116.67 14.15
2059 10 62.98 18.44 3.87 11.16 78.67 14.57
2059 11 61.02 8.55 -1.68 3.44 32.65 10.23
2059 12 108.7 2.27 -7.08 -2.4 17.47 9.35
2060 1 53.24 -1.14 -11.42 -6.28 13.23 10.28
2060 2 139.62 1.85 -9.02 -3.58 19.78 10.87
2060 3 171.4 6.34 -4.46 0.94 40.12 10.8
2060 4 66.16 14.02 1.29 7.66 78.21 12.73
2060 5 86.25 20.13 6.53 13.33 124.54 13.61
2060 6 90.82 23.82 10.6 17.21 147.8 13.22
2060 7 72.41 27.27 13.98 20.62 169.87 13.29
2060 8 62.11 26.68 12.98 19.83 156.52 13.7
2060 9 128.18 24.22 11.17 17.69 117.13 13.05
2060 10 216.76 15.73 3.19 9.46 69.42 12.53
2060 11 121.55 8.47 -3.04 2.72 33.86 11.51
2060 12 121.21 3.31 -6.79 -1.74 19.06 10.09
2061 1 86.84 0.06 -11.97 -5.95 14.73 12.03
2061 2 51.35 1.59 -10.56 -4.49 19.58 12.15
2061 3 54.2 5.77 -7.69 -0.96 40.24 13.46
2061 4 84.82 13.12 0.85 6.98 74.75 12.27
2061 5 98.38 19.53 4.71 12.12 124.91 14.82
2061 6 71.94 24.42 11.21 17.82 150.32 13.21
2061 7 102.22 26.46 13.94 20.2 163.03 12.52
2061 8 119.32 26.18 14.55 20.37 146.25 11.63
2061 9 59.51 22.66 8.87 15.77 113.88 13.79
2061 10 43.1 16.21 3.01 9.61 71.62 13.2
2061 11 156.7 11.3 -0.32 5.49 38.61 11.61
2061 12 113.02 2.12 -7.94 -2.91 17.64 10.06
2062 1 157.93 -0.36 -11.33 -5.84 14.19 10.97
2062 2 100.67 2.4 -8.56 -3.08 20.56 10.96
2062 3 109.19 8.01 -3.25 2.38 44.11 11.26
2062 4 40.96 13.07 0.09 6.58 75.62 12.98
2062 5 94.1 18.64 6.38 12.51 115.08 12.26
2062 6 84.32 24.27 10.95 17.61 150.07 13.32
2062 7 64.6 27.64 13.4 20.52 175.33 14.24
2062 8 126.91 26.6 13.87 20.24 152.42 12.72
2062 9 78.47 22.14 9.22 15.68 109.91 12.92
2062 10 110.1 18.18 3.65 10.92 78.74 14.53
2062 11 109.69 7.94 -2.75 2.6 32.44 10.69
2062 12 86.15 2.35 -6.64 -2.15 17.53 8.99
2063 1 35.64 -0.31 -10.81 -5.56 14.22 10.51
2063 2 100.76 2.61 -8.31 -2.85 21.59 10.92
2063 3 61.51 5.07 -6.44 -0.69 38.24 11.5
2063 4 68.93 15.84 2.06 8.95 86.2 13.78
2063 5 161.85 17.87 6.01 11.94 111.64 11.86
2063 6 163.63 23.98 11.43 17.71 146.24 12.54
2063 7 82.65 27.51 14.55 21.03 169.36 12.96
2063 8 194.15 25.46 13.6 19.53 143.86 11.86
2063 9 85.35 22.95 8.71 15.83 115.08 14.24
2063 10 135.96 15.98 1.97 8.97 71.32 14.01
2063 11 211.34 9.31 -0.58 4.36 33.51 9.89
2063 12 138.4 0.91 -8.8 -3.94 16.02 9.71
2064 1 130.78 2.13 -8.33 -3.1 17.05 10.46
2064 2 52.48 0.83 -10.85 -5.01 18.44 11.67
2064 3 111.77 5.85 -4.64 0.61 38.84 10.5
2064 4 47.08 12.42 0.24 6.33 72.52 12.18
2064 5 96.18 20.76 6.04 13.4 129.82 14.72
2064 6 71.31 25.66 11.91 18.79 157.51 13.75
2064 7 100.91 28.29 14.15 21.22 177.93 14.14
2064 8 126.76 27.45 13.31 20.38 161.31 14.14
2064 9 71.03 22.9 9.75 16.33 113.03 13.15
2064 10 243.65 17.19 4.15 10.67 73.96 13.04
2064 11 137.12 10.63 -0.52 5.06 37.13 11.15
2064 12 82.56 2.87 -7.04 -2.09 18.48 9.91
2065 1 161.82 0.83 -9.17 -4.17 15.44 10
2065 2 92.46 1.64 -9.43 -3.89 19.52 11.07
2065 3 87.45 8.88 -4.09 2.39 47.36 12.97
2065 4 39.34 13.84 -0.6 6.62 79.93 14.45
2065 5 183.04 20.21 7.41 13.81 122.65 12.8
2065 6 107.53 24.86 10.34 17.6 156.66 14.53
2065 7 70.51 27.75 14.29 21.02 172.68 13.46
2065 8 101.8 26.14 12.07 19.1 155.51 14.07
2065 9 96.97 22.38 8.65 15.51 112.75 13.73
2065 10 170.75 14.85 1.64 8.24 68.08 13.2
2065 11 21.87 10.22 -1.3 4.46 36.75 11.52
2065 12 37.93 2.74 -8.05 -2.66 18.58 10.79
2066 1 49.09 -0.63 -11.33 -5.98 13.86 10.7
2066 2 76.44 1.51 -11.06 -4.78 19.49 12.57
2066 3 37.79 4.13 -6.25 -1.06 35.12 10.38
2066 4 87.32 12.34 -0.44 5.95 73.1 12.78
2066 5 74.77 19.91 6.04 12.97 124.27 13.87
2066 6 25.55 24.18 9.67 16.93 153.56 14.51
2066 7 46.35 27.87 12.63 20.25 180.07 15.24
2066 8 155.88 26.15 13.47 19.81 150.51 12.68
2066 9 187.1 21.75 8.66 15.2 109.05 13.08
2066 10 67.7 17.58 2.52 10.05 77.75 15.06
2066 11 77.57 10.25 -1.7 4.28 37.11 11.95
2066 12 113.18 2.8 -6.23 -1.72 18.06 9.04
2067 1 55.77 -0.4 -11.37 -5.89 14.14 10.97
2067 2 89.58 0.41 -10.22 -4.91 18.37 10.63
2067 3 26.5 5.2 -5.59 -0.2 38.08 10.79
2067 4 78.33 13.92 0.34 7.13 79.78 13.58
2067 5 38.16 20.92 3.96 12.44 135.71 16.96
2067 6 76.4 24.61 10.8 17.71 153.44 13.81
2067 7 53.22 27.63 14.31 20.97 171.42 13.33
2067 8 191.97 26.53 13.5 20.01 152.77 13.03
2067 9 279.47 21.65 8.16 14.9 108.9 13.49
2067 10 147.36 16.26 2.17 9.22 72.18 14.09
2067 11 143.03 12.17 1.54 6.85 38.64 10.63
2067 12 100.02 2.38 -6.99 -2.3 17.61 9.38
2068 1 115.69 -0.58 -10.37 -5.48 13.82 9.79
2068 2 93.51 2.68 -9.28 -3.3 21.17 11.96
2068 3 177.33 4.68 -4.79 -0.05 35.57 9.48
2068 4 91.07 14.06 0.4 7.23 79.66 13.66
2068 5 78.93 20.92 6.53 13.72 129.68 14.39
2068 6 54.2 25.95 12.19 19.07 158.82 13.76
2068 7 109.74 26.77 13.1 19.93 169.18 13.67
2068 8 57.18 27.19 12.87 20.03 160.81 14.31
2068 9 161.9 22.44 10.02 16.23 109.58 12.43
2068 10 100.46 16.54 2.66 9.6 73.45 13.88
2068 11 107.96 10.11 -0.93 4.59 36.18 11.04
2068 12 93.88 2.36 -6.76 -2.2 17.6 9.12
2069 1 141.83 0 -10.57 -5.29 14.58 10.57
2069 2 145.82 0.98 -11.33 -5.18 18.69 12.31
2069 3 86.46 5.2 -5.19 0 37.37 10.39
2069 4 75.92 13.64 -0.74 6.45 79.19 14.38
2069 5 107.68 20.63 7.03 13.83 126.49 13.6
2069 6 81.45 24.57 11.06 17.82 152.01 13.51
2069 7 184.36 27.74 14.62 21.18 171.17 13.12
2069 8 86.57 25.75 11.72 18.73 153.77 14.03
2069 9 60.55 22.94 8.04 15.49 117.39 14.9
2069 10 132.3 15.77 2.94 9.36 69.96 12.82
2069 11 97.74 8.35 -1.49 3.43 32.41 9.85
2069 12 122.47 2.68 -8.33 -2.83 18.56 11.01
2070 1 76.19 0.85 -10.43 -4.79 15.67 11.29
2070 2 106.74 1.38 -10.42 -4.52 19.25 11.8
2070 3 68.13 5.67 -5.54 0.06 38.96 11.21
2070 4 72.76 12.59 -0.18 6.21 73.88 12.77
2070 5 59.1 20.31 4.86 12.59 129.55 15.45
2070 6 56.27 24.9 11.39 18.14 153.41 13.51
2070 7 48.31 27.35 13.56 20.45 172.24 13.79
2070 8 69.26 26.75 13.19 19.97 156.27 13.56
2070 9 22.68 22.78 8.65 15.72 115.09 14.13
2070 10 97.16 17.35 2.91 10.13 76.37 14.44
2070 11 39.31 8.11 -2.53 2.79 32.68 10.64
2070 12 103.38 1.53 -8.44 -3.46 16.92 9.97
2071 1 80.8 -1.09 -11.45 -6.27 13.3 10.36
2071 2 40.92 0.83 -11.89 -5.53 19.12 12.71
2071 3 74.1 4.23 -7.56 -1.66 36.51 11.8
2071 4 73.89 12.5 -0.08 6.21 73.96 12.58
2071 5 131.86 20.09 6.65 13.37 124.5 13.44
2071 6 126.43 25.2 12.51 18.86 151.85 12.69
2071 7 29.59 28.78 13.62 21.2 183.93 15.16
2071 8 98.07 25.94 11.8 18.87 154.28 14.14
2071 9 305.92 21.63 9.57 15.6 105.19 12.06
2071 10 102.99 18.01 3.38 10.69 77.58 14.63
2071 11 91.4 10.76 -1.07 4.85 37.45 11.83
2071 12 75.02 3.37 -7.32 -1.97 19.21 10.69
2072 1 93.59 0.14 -11.13 -5.49 14.81 11.27
2072 2 56.24 0.5 -11.97 -5.74 17.98 12.48
2072 3 80.54 6.16 -5.77 0.19 40.48 11.93
2072 4 81.64 12.87 0.71 6.79 73.84 12.16
2072 5 157.67 18.85 6.03 12.44 117.41 12.82
2072 6 17.4 24.81 10.71 17.76 155.01 14.1
2072 7 57.09 26.94 13.82 20.38 167.65 13.12
2072 8 74.14 26.99 14.44 20.71 153.31 12.55
2072 9 102.1 22.35 8.23 15.29 113.6 14.12
2072 10 51.25 15.56 2.58 9.07 69.63 12.98
2072 11 43.75 9.16 -1.12 4.02 34.03 10.28
2072 12 113.38 1.04 -8.76 -3.86 16.3 9.8
2073 1 14.56 -0.99 -13.38 -7.18 13.39 12.38
2073 2 86.36 3.38 -8.12 -2.37 22.08 11.5
2073 3 108.27 8.06 -4.92 1.57 45.44 12.98
2073 4 138.34 14.23 0.39 7.31 80.46 13.85
2073 5 74.09 19.67 5.75 12.71 123.42 13.91
2073 6 45.55 25.21 11.58 18.39 155.13 13.63
2073 7 163.87 26.91 13.79 20.35 167.58 13.12
2073 8 78.72 26.62 11.87 19.25 159.9 14.76
2073 9 65.03 22.75 8.65 15.7 114.92 14.1
2073 10 127.5 16.93 4.8 10.87 71.83 12.13
2073 11 44.6 9.45 -2.54 3.46 35.81 11.99
2073 12 140.33 0.72 -9.14 -4.21 15.94 9.86
2074 1 96.96 -0.91 -11.2 -6.06 13.5 10.29
2074 2 105.99 2.99 -9.05 -3.03 21.63 12.04
2074 3 41.45 7.07 -5.1 0.98 42.66 12.17
2074 4 202.52 14.97 1.17 8.07 82.76 13.8
2074 5 41.55 19.86 5.81 12.84 124.5 14.04
2074 6 54.61 25.14 12.04 18.59 152.91 13.1
2074 7 116.96 27.75 14.62 21.19 171.28 13.13
2074 8 47.7 26.69 12.18 19.44 159.34 14.51
2074 9 158.1 22.26 9.06 15.66 111.07 13.2
2074 10 45.94 16.97 3.3 10.14 74.31 13.67
2074 11 41.38 10.09 -0.71 4.69 35.94 10.79
2074 12 163.54 1.81 -6.86 -2.53 16.8 8.67
2075 1 45.78 -0.14 -11.3 -5.72 14.47 11.17
2075 2 55.52 0.74 -10.89 -5.08 18.96 11.63
2075 3 94 7.18 -4.46 1.36 43.06 11.64
2075 4 80.31 11.48 -0.94 5.27 70.59 12.42
2075 5 91.72 19.91 5.46 12.68 126.28 14.45
2075 6 15.23 25.37 10.77 18.07 159.42 14.6
2075 7 113.62 27.54 14.09 20.82 171.51 13.45
2075 8 106.5 26.08 13.62 19.85 148.69 12.45
2075 9 28.88 22.66 7.84 15.25 115.39 14.83
2075 10 97.03 16.47 2.58 9.52 72.49 13.89
2075 11 70.06 8.7 -2.02 3.34 33.27 10.72
2075 12 47.12 1.45 -8.66 -3.6 16.76 10.12
2076 1 34.63 0.11 -11.7 -5.79 14.79 11.81
2076 2 79.21 0.43 -11.28 -5.43 17.87 11.71
2076 3 130.02 6.32 -3.89 1.22 39.57 10.21
2076 4 91.35 10.84 -0.94 4.95 67.23 11.78
2076 5 77.08 20.87 5.84 13.36 131.02 15.03
2076 6 31.88 25.96 11.52 18.74 161.25 14.44
2076 7 27.67 28.34 13.92 21.13 179.27 14.42
2076 8 48.18 25.37 11.56 18.46 151.39 13.81
2076 9 31.33 22.42 8.46 15.44 113.45 13.96
2076 10 44.87 17.34 3.82 10.58 75.05 13.51
2076 11 63.13 8.93 -2.13 3.4 34.3 11.06
2076 12 21.72 0.79 -10.13 -4.67 16.21 10.92
2077 1 80.56 -0.53 -9.59 -5.06 13.75 9.06
2077 2 160.11 2.9 -7.14 -2.12 20.97 10.04
2077 3 62.75 5.26 -5.72 -0.23 37.9 10.97
2077 4 71.23 13.65 -0.49 6.58 78.93 14.14
2077 5 55.59 20.88 5.14 13.01 132.57 15.74
2077 6 83.25 24.82 10.45 17.63 155.92 14.36
2077 7 78.35 27.6 14.09 20.84 172.22 13.51
2077 8 83.66 27.47 12.53 20 164.15 14.94
2077 9 69.33 23.29 8.59 15.94 118.18 14.7
2077 10 15.49 18.1 1.93 10.02 80.45 16.16
2077 11 114.23 10.62 -0.66 4.98 37.22 11.29
2077 12 86.2 2.87 -7.42 -2.28 18.61 10.29
2078 1 49.21 -1.23 -12.42 -6.83 13.16 11.19
2078 2 27.14 2 -11.04 -4.52 20.24 13.04
2078 3 37.96 6.06 -6.57 -0.26 40.59 12.63
2078 4 58.23 13.22 0.31 6.77 75.98 12.9
2078 5 76.88 21.21 5.6 13.4 133.69 15.61
2078 6 97.9 24.49 10.84 17.66 152.1 13.65
2078 7 101.42 27.88 14.85 21.37 171.45 13.03
2078 8 59.06 25.51 11.72 18.62 151.93 13.79
2078 9 77.48 22.89 9 15.95 114.85 13.88
2078 10 90.78 17.88 3.63 10.75 77.53 14.24
2078 11 54.71 9.23 -1.91 3.66 34.84 11.14
2078 12 65.36 3.12 -7.55 -2.22 19.02 10.67
2079 1 60.46 0.67 -9.71 -4.52 15.33 10.37
2079 2 93.18 0.45 -11.53 -5.54 18.54 11.97
2079 3 182.2 7.25 -4.64 1.3 43.39 11.89
2079 4 151.64 13.54 0.97 7.25 77.13 12.57
2079 5 93.55 19.09 5.77 12.43 120.23 13.32
2079 6 128.19 25.34 11.28 18.31 157.48 14.06
2079 7 107.28 27.14 15.1 21.12 163.59 12.04
2079 8 70.85 27.5 13.48 20.49 160.46 14.03
2079 9 148.7 21.68 9.2 15.44 106.45 12.47
2079 10 41.33 17.09 1.78 9.44 75.87 15.32
2079 11 97.5 10.07 -0.62 4.72 35.41 10.69
2079 12 93.82 2.82 -8.3 -2.74 18.64 11.12
2080 1 126.21 -0.31 -10.91 -5.61 14.22 10.6
2080 2 83.58 -0.45 -11.7 -6.07 16.6 11.25
2080 3 213.19 4.86 -4.3 0.28 35.64 9.17
2080 4 121.98 13.92 0.71 7.31 78.59 13.21
2080 5 115.11 18.28 5.05 11.66 116.22 13.23
2080 6 57.23 24.78 11.39 18.09 152.48 13.39
2080 7 38.31 27.83 13.06 20.44 178.21 14.77
2080 8 114.72 26.31 12.76 19.53 154.44 13.56
2080 9 250.65 21.37 9.27 15.32 105.24 12.1
2080 10 83.24 17.86 4.3 11.08 76.52 13.57
2080 11 137.88 10.64 0.07 5.35 36.62 10.57
2080 12 113.57 2.85 -6.98 -2.07 18.43 9.83
