2010 1 17.7693913456423
2010 2 6.34862743240362
2010 3 12.6043829797274
2010 4 5.44369651912217
2011 1 15.7400692779627
2011 2 9.63717430931566
2011 3 15.7695552624351
2011 4 26.0823643747466
2012 1 29.3625934247252
2012 2 15.0024030693615
2012 3 4.60711958763481
2012 4 19.7755050909681
2013 1 20.3710435535316
2013 2 12.1365367233891
2013 3 7.45545224842335
2013 4 23.6916505255713
2014 1 29.0438476439896
2014 2 20.2894666101033
2014 3 34.853382707764
2014 4 16.9303773522032
2015 1 34.5064566462022
2015 2 24.5873542069648
2015 3 11.6543650018153
2015 4 11.5369803441149
2016 1 21.2526804858809
2016 2 8.52092232328806
2016 3 16.1234968201711
2016 4 16.8889954716543
2017 1 37.3924640476767
2017 2 23.8133543902502
2017 3 17.2771574714302
2017 4 10.3841541114825
2018 1 13.8587162991486
2018 2 10.9223586541761
2018 3 7.73589231524116
2018 4 11.6891406937948
2019 1 32.7885172798963
2019 2 13.2576305428277
2019 3 12.7236321309878
2019 4 23.3162375606266
2020 1 21.120144919338
2020 2 29.3670416473464
2020 3 23.2831406784911
2020 4 30.7484787515878
2021 1 15.0485512527818
2021 2 3.09963729321086
2021 3 7.22223131973891
2021 4 24.9549571841334
2022 1 36.5612007781917
2022 2 4.23655624953032
2022 3 3.76941633974326
2022 4 17.9034019219574
2023 1 9.65236514609166
2023 2 4.43873407595357
2023 3 11.5626748520959
2023 4 16.4966475718887
2024 1 39.7088345188306
2024 2 11.3569766403194
2024 3 10.7036163111279
2024 4 23.8527259362844
2025 1 48.5720372991192
2025 2 21.4257454314323
2025 3 14.0988268674296
2025 4 14.2882403655085
2026 1 16.895496600954
2026 2 17.023001475783
2026 3 10.7685757898062
2026 4 20.6578185794602
2027 1 57.1497064670478
2027 2 25.7285675726471
2027 3 12.8812622619018
2027 4 12.7331532768689
2028 1 26.1599478438651
2028 2 22.2004742473815
2028 3 12.2434063637725
2028 4 14.5337820456281
2029 1 22.7497054857746
2029 2 10.6539707692932
2029 3 6.19753807473941
2029 4 16.1961813953297
2030 1 34.5272960984928
2030 2 20.8747403934792
2030 3 35.2735329656936
2030 4 21.5631745091303
2031 1 24.9411565673931
2031 2 9.06104460350441
2031 3 15.0151011644719
2031 4 18.2443313554597
2032 1 20.1872706744626
2032 2 7.91955426430733
2032 3 20.8845335542521
2032 4 19.7750100865681
2033 1 31.084430392395
2033 2 28.2312407712454
2033 3 21.589988559456
2033 4 27.5480136087212
2034 1 11.0979426370074
2034 2 12.8280578857709
2034 3 14.4217246327389
2034 4 18.2446958450627
2035 1 45.2099832682604
2035 2 5.66692181183592
2035 3 19.6050448007994
2035 4 21.5002454677191
2036 1 16.7225307305583
2036 2 5.1492892554858
2036 3 3.67908561081757
2036 4 18.270165212438
2037 1 50.5925659030195
2037 2 15.4098485079529
2037 3 23.336110552743
2037 4 17.0674197662671
2038 1 23.3222513400781
2038 2 12.6820909555071
2038 3 6.73694275121522
2038 4 15.8883392353493
2039 1 29.6860224060484
2039 2 25.227739491614
2039 3 5.50884386856577
2039 4 14.2912444652287
2040 1 20.6820998169981
2040 2 23.0217983737709
2040 3 20.7352342667457
2040 4 12.0211937573305
2041 1 28.2891075862405
2041 2 19.1748029987367
2041 3 28.3368394222129
2041 4 21.0945592770572
2042 1 12.7900082648139
2042 2 28.9053032457181
2042 3 17.4519545777894
2042 4 16.8947325490578
2043 1 21.615032679372
2043 2 21.8832557750629
2043 3 9.99811161750855
2043 4 14.5098687695583
2044 1 10.9116187820629
2044 2 25.7395138718871
2044 3 10.0974112499296
2044 4 17.6711185212812
2045 1 12.107403166142
2045 2 5.53245700492782
2045 3 15.2163565831777
2045 4 16.8529039774592
2046 1 17.9903306621138
2046 2 8.64285230457744
2046 3 15.3529575050261
2046 4 33.8855296522821
2047 1 26.7127273866023
2047 2 20.0422265680284
2047 3 9.22520627800868
2047 4 20.6998021683106
2048 1 28.8932305083703
2048 2 11.0394434975919
2048 3 19.5037823875008
2048 4 34.5903887885622
2049 1 18.3838710023833
2049 2 5.41829997791491
2049 3 5.5180569989802
2049 4 22.9735947543351
2050 1 24.8585940168218
2050 2 11.9081367204432
2050 3 7.76161289445181
2050 4 20.6497478813249
2051 1 13.5268420444022
2051 2 12.2757725910922
2051 3 4.30370834536305
2051 4 23.0205488014893
2052 1 17.2655152680627
2052 2 8.84308282693433
2052 3 5.75990151625779
2052 4 27.543804102742
2053 1 40.1754193469114
2053 2 11.6983557796708
2053 3 5.68523825870917
2053 4 22.8240665236097
2054 1 17.3415284968685
2054 2 15.3190771133084
2054 3 11.2639029155055
2054 4 9.91277164539006
2055 1 36.5967604825132
2055 2 28.2330960406685
2055 3 20.7243170325475
2055 4 36.6770306841006
2056 1 20.4277428348714
2056 2 15.7830558435064
2056 3 10.6850215122133
2056 4 25.782098133741
2057 1 17.8086564714713
2057 2 16.4072009122319
2057 3 11.7323125150208
2057 4 27.7719601713465
2058 1 23.4998090028185
2058 2 14.0906234205695
2058 3 15.9035359180127
2058 4 18.5984176276324
2059 1 8.64275091171907
2059 2 6.85507514604105
2059 3 17.647915557605
2059 4 24.8236611808927
2060 1 15.4475773969744
2060 2 22.6376763950352
2060 3 31.1841169296789
2060 4 27.6698048408785
2061 1 9.72358723422514
2061 2 14.0416375683693
2061 3 2.93033443214186
2061 4 17.105607271357
2062 1 17.3638033028252
2062 2 7.29165710347939
2062 3 13.2827526571569
2062 4 17.7157428371177
2063 1 25.7623148406635
2063 2 20.9115689437561
2063 3 14.4116633105148
2063 4 20.6541989520249
2064 1 38.4985424780711
2064 2 15.9685243502951
2064 3 3.94512121668617
2064 4 23.789719492635
2065 1 52.0170249240517
2065 2 27.1145111408684
2065 3 24.9332443661076
2065 4 17.8695529809601
2066 1 43.4280281079677
2066 2 16.6942329580125
2066 3 6.3376937378885
2066 4 18.1604427702313
2067 1 19.1785998964293
2067 2 14.3632160942458
2067 3 43.4780349914162
2067 4 24.1730950273174
2068 1 18.0523682738109
2068 2 30.5424678811869
2068 3 15.6434787353519
2068 4 14.6595231575925
2069 1 11.3953428765346
2069 2 14.9361214408194
2069 3 27.8663957846205
2069 4 15.8263695893007
2070 1 27.8275159825936
2070 2 39.4537234100202
2070 3 13.3150433594071
2070 4 25.4912519995681
2071 1 42.0234355946568
2071 2 21.8122495511416
2071 3 33.8759581772446
2071 4 43.7336751320127
2072 1 17.9480818237009
2072 2 7.49912463828041
2072 3 9.73080853628769
2072 4 19.582095348304
2073 1 13.3276733687183
2073 2 4.49084541814634
2073 3 3.90669543792024
2073 4 17.6843434953678
2074 1 10.8891220285948
2074 2 13.2710757547451
2074 3 9.69248701245161
2074 4 21.118990352871
2075 1 20.623116887209
2075 2 5.92719649476243
2075 3 8.88032036221279
2075 4 29.1035923255139
2076 1 13.5826899177306
2076 2 7.82152335467051
2076 3 28.8741996827671
2076 4 21.4980228474701
2077 1 21.4938936528013
2077 2 12.0046084100691
2077 3 3.50892982508545
2077 4 23.4319953034901
2078 1 25.4139632149778
2078 2 8.69772864931671
2078 3 4.50213956052404
2078 4 12.7000875843514
2079 1 27.4606278146625
2079 2 10.6796270445072
2079 3 5.1969210456533
2079 4 12.152354577968
2080 1 20.9910430224704
2080 2 19.8779183170469
2080 3 6.77574779092687
2080 4 10.6741034117254
2081 1 46.4949973141526
2081 2 32.6836246231741
2081 3 13.2781523842306
2081 4 18.2389842084008
2082 1 14.3108434327788
2082 2 11.683594509611
2082 3 10.7290735189516
2082 4 18.5488138852798
2083 1 19.8464376870748
2083 2 10.8800618158911
2083 3 13.6403953836751
2083 4 16.5701839221232
2084 1 18.4395835800681
2084 2 8.21365028325793
2084 3 12.6483452003422
2084 4 20.7458021460718
2085 1 12.4437015610944
2085 2 13.2309677981622
2085 3 13.3452796835922
2085 4 17.8743849903331
2086 1 21.6964826905986
2086 2 16.0515216078619
2086 3 14.4308525554952
2086 4 23.846645134482
2087 1 10.2160053404487
2087 2 7.37767760903593
2087 3 8.97940055177921
2087 4 18.7074820118629
2088 1 22.7342935198973
2088 2 9.02702719072239
2088 3 4.26137283181917
2088 4 11.2668276371417
2089 1 31.3593096193186
2089 2 33.5481677250688
2089 3 6.63808940001377
2089 4 18.365569671408
2090 1 24.2890280384458
2090 2 20.9987562190453
2090 3 8.62103219396261
2090 4 18.712973007653
2091 1 18.9079041285445
2091 2 21.9697769681308
2091 3 69.5668589227992
2091 4 19.6061920017081
2092 1 24.8194759257682
2092 2 15.602063032384
2092 3 5.8552049382477
2092 4 24.0124178767486
2093 1 28.0463240508619
2093 2 29.924409843842
2093 3 21.1486519207372
2093 4 28.9166222598085
2094 1 15.6114328614259
2094 2 18.9424655066571
2094 3 14.0033945939747
2094 4 20.7027540020847
2095 1 24.3829154202301
2095 2 24.9456943225531
2095 3 7.44951978343632
2095 4 19.1109305682431
2096 1 17.2153858790575
2096 2 19.9702630285842
2096 3 13.056824415746
2096 4 23.0723774561492
2097 1 14.3982426550703
2097 2 25.5419262474776
2097 3 67.8728596567695
2097 4 46.8540419976638
2098 1 10.6000479689031
2098 2 6.48656862051974
2098 3 25.3163744372164
2098 4 19.594123445682
2099 1 14.8638671624896
2099 2 5.89428042774769
2099 3 10.8942558345461
2099 4 23.1376319978846
2100 1 12.2104871900582
2100 2 5.86627159651383
2100 3 20.1877107607871
2100 4 22.8243566104535
2101 1 15.6177028267351
2101 2 12.6624268908236
2101 3 10.1627323077409
2101 4 19.7724417929069
2102 1 18.244457392165
2102 2 9.54430620178729
2102 3 7.29118606825254
2102 4 11.6724350356057
2103 1 24.8080274257081
2103 2 7.17343379072835
2103 3 5.01625245167415
2103 4 25.3820905686717
2104 1 28.51145871913
2104 2 8.22897785490449
2104 3 2.03815230181407
2104 4 18.1791393575488
2105 1 14.4302179389117
2105 2 16.2827389881323
2105 3 7.43537933634007
2105 4 7.46201195550091
2106 1 57.3993967395249
2106 2 18.4227522659055
2106 3 29.7227055664313
2106 4 19.8055419825059
2107 1 49.2033447295465
2107 2 19.0779716570103
2107 3 29.9325692539523
2107 4 28.2524278133886
2108 1 NA
2108 2 NA
2108 3 NA
2108 4 NA
2109 1 NA
2109 2 NA
2109 3 NA
2109 4 NA
2110 4 NA
