0
20.4023698776751
15.1364128136096
10.0748175193364
5.2383924349438
3.73267234293061
13.8441337667589
11.079572934937
12.8894422374864
10.8873930382443
31.5650904284373
24.1213832092975
30.3747804740254
17.2649155642879
14.2152229916375
12.5783654293981
8.04323331825013
8.28992418029879
6.21153346802388
15.0133816929339
26.0837506263474
18.2682033872262
10.8522947718248
16.4015540302672
42.5192412640289
40.0163102140062
18.7088766354441
9.45378885288051
13.6854738502116
21.8679465049924
5.0869603016803
3.37932253976214
5.35507592146199
9.32893029775128
18.9383646435267
38.5694569869821
23.2539115393121
20.649796728546
20.0922903785172
19.176016559121
10.96681899633
6.26677461471617
6.67085153445476
4.91023152419604
10.7852736866192
14.0048689324644
10.3561860740521
12.6333130418876
33.2906991263733
25.713057347992
32.3746379399872
19.8338789695196
17.2462662646995
23.7882545960908
41.0109723901766
49.5656790111788
13.9834967219367
11.4413111664999
11.1479546039649
10.4255167845687
17.0347802211113
22.9013437596225
46.1115695327819
30.0888831796441
14.3854885867537
29.2876908544965
15.3534400666095
8.45666971349487
11.1529852253415
7.53966976681469
8.24043867693019
12.8957321457528
38.8972784495602
25.021191431677
17.4841695400848
14.6721092528502
7.00324845302812
3.88740926398587
18.6926938812317
19.8497111269483
9.82808545233346
7.5225326143739
7.77995381484693
8.28674773913461
15.9957450236563
33.2839842623642
41.5009438329891
25.7203570093324
25.0840658916635
20.6356402697546
9.64726291410846
13.5892067476261
28.595002752556
9.47416986829221
10.9470828046688
12.4491405252856
17.8546566974196
17.0510273554584
10.6664052428389
6.65934257547861
13.5127127950911
12.5950205919587
10.8313708547196
8.01110594123397
4.36520014976987
5.50568274780506
28.4990649397948
24.3093902655465
26.0108565474477
48.7453673549513
16.8316672048412
18.8307230935107
10.2625267753812
10.6796417595913
16.9826450191756
11.7799412983242
9.40831007546356
14.4456384897174
24.513725924469
23.5367204086772
53.5696165166911
29.0302751339995
13.2100147046766
20.8780366826724
24.0780491406409
43.1450391187258
26.9520180451274
19.2064255973125
23.6909783930332
21.3738521565138
21.3165806735969
24.7228749170945
42.5891965834232
18.7289789498305
11.3681235557332
4.80812195420714
2.61915384158112
1.8716360838443
6.00826161148195
4.30243777897873
11.355994568756
11.1911765624192
10.8973904089573
14.682748243361
40.0480345026586
54.8102877278063
18.3121138285771
7.4078241957508
3.58452964484656
1.7173149079936
3.42576646937136
3.72393631835434
4.15854623150407
5.98543453285256
9.65266968830047
13.4107345032425
26.279300655699
13.1811381260382
6.12359216614507
6.04240455970202
5.68943324521244
1.58436442294623
14.4813676790484
10.0175980484516
10.1890588287876
16.6438854403129
32.0535893090237
19.4285664545918
23.9567619630794
38.6595153907372
40.7581536469241
23.8699387856223
4.66535660956909
5.53563452576689
15.8505185289461
9.36191250636642
6.89841789807124
19.9719860184426
14.1756886771787
13.0622563021936
17.5639960063716
69.3743464808971
27.7697281173413
19.4348716487962
17.1039154934329
27.7384491520678
26.1930623810969
9.73666314570981
6.36675507548216
12.3510204762899
9.15260303933322
20.5242938062378
42.9652470430359
19.4869453442548
14.3040478576532
13.7358195994679
11.6731117154023
25.6600731124788
9.12739212878355
10.7687525261183
12.4095827145167
9.98913042923394
11.5080133446909
12.4916077728309
15.056677734943
42.9934133695743
71.3059995645213
43.4454277886204
13.8949300666307
19.84534486269
6.15692011828887
15.7367178787371
16.7501487886793
11.8763142550106
12.8463321144829
11.1140107001318
19.8216578412883
32.9189516809445
19.4009440067858
28.2927620384427
21.6055999542968
16.703060749405
14.3530814669182
5.78724089036129
16.5898967340379
14.3531275266094
9.20503631613653
10.5620798684911
36.3113008291601
17.2534837712117
28.2459272003376
12.0767049061528
10.9848026402088
8.9004047615181
8.25295553715308
4.83014136665294
5.50951732041221
8.70630856753106
10.0888344327426
8.60135574038543
38.3410589792772
40.595046820752
28.4595453762337
20.7793471893826
11.7949835689468
30.0498904221081
32.8009031482739
41.2504140397517
31.7692817090551
29.2214488841159
14.4626679228664
12.4285583674938
31.9565964855562
31.8168647026801
18.0654484321061
12.0414350175953
7.64129837322363
7.50040041969431
11.7485746667846
13.7483439145088
19.5483849121223
14.1295026459222
10.9385386230172
16.5400505084898
28.2422014285752
28.2049332409399
12.1696081079853
5.90303116663505
6.68280502730255
11.1728265989844
18.2266758592007
30.6612296786489
13.7656951249068
23.3792497861901
30.1129993058592
20.3227042667547
47.7195064042626
47.4180220688739
14.7508387159161
36.1885229691397
29.8611557104512
18.6440436341452
23.7348133654865
27.4427780887074
13.5923742241742
12.0368444580083
21.0109786841832
15.8836106335598
19.8919525735468
7.97058686470949
14.2252984093053
19.5796681713575
10.4902749472906
8.41423053866448
9.14486079623757
10.8570379894291
23.26327511255
16.1922414889609
10.7145453623372
25.6060446073086
30.08322385396
59.5413699962351
30.8785965402858
7.64089222606373
6.88215829810341
2.47771491134061
14.3455192138013
16.3576639497077
28.1119512388891
19.5971680472706
14.5956169689277
11.038071777817
41.0775959127696
19.5548135530494
13.8902479080672
6.76041626000306
6.2387505516565
2.44870095479785
1.44094951391134
5.05622261745545
4.54008470108593
6.36937619023755
4.69444669391968
13.7764040607944
30.7630512923697
60.3769871907246
40.8081446153144
12.7231853612968
22.5230136367901
10.9833465257718
10.2586093009339
43.8444313242433
15.9052910330519
19.0357770179845
13.9037456260337
16.6808432248822
25.4549542153943
19.1998222454097
27.4446804347466
22.3586204791257
11.0363925733966
4.65125981399918
10.5343482361193
4.16672107254909
5.50975894497721
7.51381387508676
9.55491704551284
19.7224472252641
25.3937618878821
39.5910101432569
19.7810346688399
17.6278088350421
36.2164164798079
21.838993159992
7.33314595937395
6.18378548597157
3.00960016035179
2.49385170225577
1.78122085555338
3.27552723849214
16.6698708398958
19.6990268654937
21.6651727685025
32.2018045611296
23.0713907162679
13.7921998439151
16.8933519822196
23.1665627344376
22.1457880835797
26.3581560953809
28.1690342996481
17.167661934305
24.4879946949315
25.1307972533977
31.4474179190832
28.4530570308746
18.2990090113888
10.7723429539466
62.576204628102
15.9133837774329
6.52092986110387
14.5535461793444
12.5684249606834
22.6721368402468
20.6125779059799
12.1153651224753
13.4646514071525
29.5289186761079
27.0768663994352
30.1101246616112
8.4580629716948
23.9405346877579
19.9572660739155
11.7257904893212
15.1992621533198
15.4275644698105
18.1275621907033
29.1516429114973
14.0784224472468
32.1367173791182
19.8686659454723
13.6443840005982
7.28743503010546
8.00028571810221
14.706614104318
9.2850862643995
10.1705029059177
16.7521245427978
32.8193985864849
9.07893794054911
12.7442996235767
11.8905001483746
23.2365264157444
42.0915150515423
13.3426278130859
6.97885143441071
9.9707545022921
10.9424480499244
14.7474549452116
14.4083883158244
25.0658954189791
15.7857299445468
8.42907638773724
4.69350327322181
3.94416488763096
7.95970285393068
7.87290612976586
20.2969683603365
17.4791952594306
13.1898772298216
21.0425950694894
37.8021479925814
66.7691868214266
23.4824854840819
12.4981758401457
8.56170132079625
7.09346679417856
10.2733887987575
13.9121354735045
16.6196196728634
15.5271173687103
9.92818872563082
14.2720444151635
17.5391959939469
29.7899147439251
41.2103307024499
12.2151240707546
22.1555475087866
19.9656087283693
18.0055234669294
7.19313460188608
8.89523295344706
11.5872512786929
21.1980535202069
20.3194718632303
31.5065669662924
35.8245230794165
41.1529752548775
16.6334857618631
14.7672316577666
8.3910610428413
9.96003779216793
6.4309930201499
7.56378414346787
44.5165699988846
50.7109932453097
28.8951510137955
26.5127691878248
29.7607634118186
19.270470455603
17.4972715491637
5.84437455684824
3.9281336367347
6.48239174016178
4.36177072559999
2.28709456060503
9.90530571073558
6.72569540390147
10.8781879745295
17.9285296200549
25.5173810929929
25.3354926381933
24.3816953954503
16.1831443555849
11.6465723147946
7.8946934909501
3.06780043041744
1.77167620819598
18.445362044742
28.2748928377224
28.8649363828749
16.5364596337856
26.6045563649723
14.762481365957
12.2912027228474
12.0589081405689
15.0572648165741
9.71114481613355
3.04968924209569
3.62326095906503
6.23817483492843
20.0762428243243
14.6416729194517
37.3411153477916
54.1294035923911
19.4790412042057
15.0519893319197
12.4958208317268
7.83107782327777
6.20234982579839
6.919925796677
5.74482894510479
4.61494980699156
4.06302455133362
11.3667942985331
43.4282808245363
32.0971959910942
49.6081678491059
30.7426708447169
16.0198982158486
12.7814354505052
6.29373367265856
5.48396665878537
3.09580795685456
8.47594016048758
4.40399498027515
5.17755367260619
6.54856523153195
11.2463455412446
19.0303864802882
15.6526705134487
17.8527044625299
18.2986659929728
9.80586088442261
9.04235573492087
5.92387899708782
18.8254740145078
16.6786221361775
36.1534853736821
28.0897838488853
59.5209229575856
57.8186867932706
15.3748341717559
26.8361544295984
23.3246940888798
34.5384396035272
21.1844502584522
17.301645474322
23.6868553648684
22.9439305562495
26.1638607217043
25.5077298869035
28.9437927961264
13.6191730372143
27.2363126325284
23.1553259212574
14.1986398800658
9.99520172919605
15.1897160853283
10.3439997498265
6.52134870148505
22.5130091302297
22.2016413172812
30.9807025709674
42.5508699721024
24.3257268865825
11.2915860563601
16.124353657916
11.0043394719332
22.0929096068465
9.13850237756881
10.4369466090215
15.621488558472
15.3546268250351
8.13519088416156
19.2634352284249
13.4353675540795
22.7681603258079
24.231457679829
14.5020675868491
7.09950456629057
20.6702981085688
12.3467529680947
10.6891812567104
24.6746735292329
33.5596768438635
19.6615672597836
20.0429494561487
34.2110012832196
11.8724657674258
5.41303605601237
6.3204271299583
8.78700912404165
5.45778918412319
23.9156317761585
11.7380333742659
17.2900815223905
25.379126724419
21.9172040462968
23.7312248854841
18.3491901387913
10.9573246858983
19.9378301080506
16.4483441257862
29.5997271155144
21.864957943805
21.6190341865004
56.9854339110617
14.9478826914746
46.681600292942
29.1222325328805
17.3726217932695
18.2832076107679
10.468129207812
8.97904526063833
10.4031163217499
20.291346359539
11.430450023819
3.81316606324281
2.23623431249171
2.74160292069104
3.64436714851001
5.04698039060534
10.1968413393323
30.2913899744508
21.545793189268
13.1818134163824
8.68955151454657
9.81173780692779
3.37368198896382
6.51603654897269
8.62605982912935
24.7061615933685
25.3277596440825
15.2245967684108
23.9127278655556
32.9088222493747
21.9224959239642
29.6021337573628
36.4138880741851
19.0147604133269
7.30605834375618
18.7286037320914
15.9633301902117
8.54305600924132
10.5706489247584
24.358330357067
24.6916991601943
41.3169588656829
50.9069490758289
26.0901358803132
22.6076037613918
14.910484317652
10.3874849718414
4.65996516776825
2.36272444297807
4.8126740393122
4.79188958759589
15.013229811754
19.9184036983898
28.8364454781214
40.7804582826874
63.253591565416
28.7522150348088
21.2520307958583
31.3392875919381
31.1859107957184
31.4809016889515
12.132920613653
7.71013293557526
13.024517840315
10.800359935382
43.0607352739821
40.1060894231816
46.7499667927538
22.1677647852154
16.7186072257268
11.1963268630954
6.9734266830793
4.01772111798336
8.02193341260284
5.75615803124619
10.5129706783265
18.2169789379418
59.1572294027653
21.6486588037486
16.7085409891099
12.2974368935806
19.2474929168931
11.5447184722636
38.5033557444771
73.908592239062
18.0221569907095
8.8052010902361
16.316125691912
12.9208415868882
21.5941668403484
18.5160465457457
17.5886900018761
51.6842222987995
20.0827513236703
19.8604300210907
16.2392320406488
19.6245802985842
11.0666238668226
7.80695851122149
13.784972538329
21.7087194502374
14.517895807505
13.1257623885325
9.66492336453668
11.2276249245475
18.7831792683465
14.7975601295643
50.4284766249611
16.4112149916246
16.7594957372756
13.2938905611312
12.3772361690283
15.6237274419525
48.1943028301484
37.9974788850752
17.657553080112
68.7805339516615
31.0532270407807
18.5274092376184
11.3947843401382
14.8738514884125
13.6764942496705
25.7697415571431
32.9680557351104
37.5620904930033
65.5115617367769
61.4000272296461
22.6468439596675
24.2621794021576
23.1251161739674
18.0494530772998
26.0465633130101
35.2979781973815
40.2833330213421
38.8929925631603
24.3163675147851
24.7294597270923
23.358941867644
23.8415794807667
12.0545841666351
7.07562243409719
3.46387507390835
11.9578764068357
10.1658641055932
9.88146356856221
9.14509793470761
5.92361228369467
12.6539076368596
14.8552892113672
37.3536414098025
17.1102003278573
9.54514640957921
6.70706934181776
3.83161828947819
2.93384862314307
2.76617798547855
3.08872826998777
5.86518005829439
5.87453572344197
16.3444547331746
24.9084223730837
18.6820554137622
12.9207466894653
8.85749736772438
5.51837940250437
5.72431326343803
28.5705345982928
9.52172489638141
5.35499826223042
14.200737878743
24.5410288914634
21.5229310680933
32.1599184022463
41.1226311910865
22.8457658528491
18.4004679215688
7.70880753416733
6.16793404302171
3.90484790709825
2.74247434664237
7.28329942516864
16.6151873148274
21.6088886406294
25.8258285974224
14.5694211396129
19.6916844444786
12.2153577501423
14.9500220853188
9.82493511708108
8.37562924587598
5.26400570105447
28.691825083966
16.6934809138992
41.237293050436
25.9051572083665
27.4582291879939
29.229030747985
30.2451416454232
17.3898481900103
25.5979391155922
27.421471319074
5.58431278708994
3.00804112404336
2.02863142629663
1.82507007358237
6.67308797537736
6.79557963255851
7.50813425889505
13.7679776047994
20.0002186965559
22.5514178792349
28.2765085507206
12.8687534797737
8.83052105929192
4.39391140888455
5.66671590690852
5.72248994724623
2.11721282741738
9.52401977715507
7.45872465359185
10.1554888396331
26.3036765355739
30.8763878410888
24.0448677882362
15.0303831171731
8.49072244343301
8.51777557291557
6.81264635577645
4.63383546214463
4.14428131903883
4.69152828307316
5.56109658652982
12.9650799662914
18.6512895389031
21.9173191585616
20.0647668863791
21.9168753425307
17.6188881512383
20.0979914573715
8.07498254391538
7.45889549609235
4.79336533277288
5.51894755517735
9.68848068848358
16.8232907499635
18.4331963705085
70.8518276653134
22.1381669629918
26.5200532425203
20.9458979059007
50.5849227211013
14.4928010339359
13.0525412563318
12.2891148624242
28.0109690246478
23.8823785319517
14.457719085904
29.7830887146125
17.3742045164875
11.2474823490701
9.19776304753044
8.60040297164467
17.2526175096578
16.4194926678531
7.38295409796555
8.38477379103607
6.07206920865086
5.02899882335198
18.8540478576745
33.1739873278627
25.7139448936564
13.9789304804931
8.79616574631715
9.77651033924082
14.0675093621155
19.6648431776535
9.35655840076174
11.89978457261
9.22370167960368
13.2369506993757
29.4465504025549
33.5667675925066
23.5749679800571
13.3041991800791
6.66223061081949
9.4222103088834
8.55650993007091
13.780654591561
13.7178985162708
10.4464824931948
6.73293988985006
10.3801966437667
10.3791510459833
27.1328617416939
13.0465769897317
11.8408261324571
19.7082330084744
11.2136110368096
8.77105934920255
9.56187095442195
13.0315582404439
17.4424098559106
23.6053305298886
22.9685290348719
20.6078623631168
24.2645787302252
23.2221421550398
20.1708232261574
17.3984825742387
14.1635753795333
16.5925068698138
7.57091425594389
12.4424962400933
23.2791471704485
27.5456104097141
21.146154700402
21.9244527722876
23.545543145732
15.3710143721052
5.06099630879209
10.1641246533988
5.28417306458809
6.68473510912089
7.15961956522992
10.766781157137
9.01180093297076
8.21377742902997
11.4389932116124
10.0651921790863
20.3205178854199
20.3254856651581
25.1431013746365
11.2334357451867
9.75973445192425
6.08791137505619
5.11870181151929
5.10626155521091
2.55915512872732
3.2426072724481
13.8640096136439
15.5974553694952
33.3197723128071
39.6738979161578
23.0447213224794
79.1536109618764
10.9830660653157
10.5078261480143
5.88497235165227
7.41814424877018
6.61115159961886
10.681041389686
11.7832927687467
13.6889466642692
30.4639102274383
21.6854981880128
26.8925578888788
15.7759645456321
10.0440706673463
37.1762334441574
14.2364450779681
6.63562120851184
4.99103029540789
18.9157423701578
11.1525134575792
15.145857590588
37.4126452562548
23.255463299004
14.5603449580851
19.3760223131807
26.2722343252454
20.2610742659664
133.4576430656
46.7728818645568
28.470051838241
14.7137517024104
18.5489443179723
32.1097919434682
37.5198607622752
24.0951441781825
25.5438076733539
11.1775317475234
20.4489694863685
15.1796878632602
9.38956263500581
3.47054861853489
4.70550356120241
7.87107448327866
14.3260381120141
16.0819920087136
69.005969122117
24.1994228320368
31.893225269687
37.8877557597326
24.7310045342455
27.1544692375479
42.8239811810801
11.6757863935229
8.9461881876086
16.2524897963892
14.9704383848583
17.8822413197385
43.2937194244598
17.8781052787806
13.3447604440712
8.63686904256575
22.2559526092929
25.9345748681125
20.661472454905
10.7474140036142
10.6012973234048
6.66461687928221
19.9049456813393
20.426513453517
30.8578764719357
27.5444785061793
21.2213523342809
27.4414811014306
33.0583464558867
14.3372554103419
10.1755414200423
7.95930675596912
4.21371117429756
5.25438666618031
13.2146162723948
16.8460535609473
46.9451525719573
13.633416538595
20.7973552195199
16.0772543882479
12.0947987908737
31.7387359066309
17.9432765943363
8.88074388041918
12.3464527724826
15.2836874192974
44.1607947508131
36.7829276275139
57.2831345186374
13.5061140032696
15.290371306871
9.43270945636762
6.66436547648509
60.5287038095802
41.8873716718151
114.448713739117
47.2824935593766
49.1893110936906
22.868237445458
18.4348923487376
22.5945470981333
12.1551151246114
9.04498081319479
8.07289333436228
5.86958325003169
5.51722927716523
36.1196688181119
16.6489700385038
23.1804844550333
14.4788168903992
17.40266701184
12.9684134745801
48.7036077640359
22.5755536438529
7.15218068112628
6.14542820207258
7.15078113859617
4.38663194257431
8.02663445808559
11.1677931728724
13.4883398726804
13.4758397410824
12.7180031993027
21.6592143297606
37.5741972894212
15.0155981327496
9.40537624736691
5.04574984798281
8.33435556205212
4.21870937950656
15.299687645778
20.0519726972258
25.2114719393576
19.3460116233297
34.2473265811332
15.5044425615183
18.4815309826509
17.9254750433595
13.3099306101107
11.9693187313098
9.66958066680651
16.3483812743545
7.29131905559804
16.5500866132913
6.64679125433341
10.856467046325
11.0724130830822
9.23520842499038
21.9906975768542
15.2617909431616
21.2271238411684
12.1730634245843
8.00335776930649
8.45649741147114
11.5199152769518
4.55338402872821
5.80025889907755
4.39142105749591
18.5898398811701
52.2668543623763
25.1875205314462
25.4730524914542
24.143002359962
9.27724430119579
8.65401958475216
3.58903748623711
2.29969172772507
9.13794735394924
3.61111827334815
5.48414749969437
7.48633294055277
26.9187644406716
36.7610334022552
23.7287270615438
33.2941903767162
13.9738059416991
6.2150443367776
4.49808328623673
2.32580241603923
2.23123895459623
1.55741553480675
1.55042664671573
2.47827603269815
2.94738849051375
8.03291345306199
13.0656642118324
15.7947716659909
17.6117663278535
18.5721787862348
12.6642718503087
4.30950079423564
2.01004538080918
15.9865918339754
16.3894698457297
13.5848919154477
15.9577442031222
35.4636268696838
52.6416450168448
62.157148462205
25.5012006327335
22.6906902925909
7.07636587239206
39.3064556953587
32.408918051594
17.4527429523411
14.2159049417698
19.9800135895648
25.79165577803
32.7756924267444
70.7941044275246
27.6125850315684
22.582568321979
18.243579860626
16.4077667884258
11.8935598920645
41.3099080351991
36.5942398345934
34.4623494592153
18.5586559873417
34.0218390752446
NA
NA
NA
NA
NA
NA
NA
NA
NA
NA
NA
NA
NA
NA
NA
NA
NA
NA
NA
NA
NA
NA
NA
NA
