YEAR MONTH PRCP TMAX TMIN TAVG ET DIF
2000 1 59.89 0.42 -8.92 -4.25 14.84 9.34
2000 2 151.91 3.41 -7.76 -2.17 22.03 11.16
2000 3 79.12 7.64 -3.73 1.95 43.37 11.37
2000 4 62.63 11.7 0.18 5.94 69.4 11.53
2000 5 115.49 20.98 8.07 14.53 125.96 12.91
2000 6 53.13 25.54 11.64 18.59 157.52 13.9
2000 7 105.22 28.13 13.98 21.05 177.24 14.15
2000 8 102.89 27.78 14.34 21.06 160.11 13.45
2000 9 115.77 23.07 9.6 16.33 114.45 13.47
2000 10 39.31 17.42 3 10.21 76.5 14.42
2000 11 103.96 11.31 -0.83 5.24 39.06 12.15
2000 12 187.52 4.57 -5.26 -0.34 20.44 9.83
2001 1 88.45 0.51 -12.12 -5.8 15.28 12.63
2001 2 65.1 0.95 -11.86 -5.45 18.64 12.8
2001 3 64.47 7.15 -4.13 1.51 42.22 11.27
2001 4 67.5 14.13 1.62 7.88 78.2 12.51
2001 5 111.2 20.64 7.16 13.9 126.23 13.48
2001 6 57.7 26.89 12.31 19.6 165.78 14.57
2001 7 46.9 28.46 13.74 21.1 181.01 14.73
2001 8 52.48 27.81 12.73 20.27 166.12 15.08
2001 9 57.65 23.26 9.29 16.28 116.35 13.97
2001 10 123.1 16.9 4.31 10.6 72.49 12.58
2001 11 86.99 10.58 -0.9 4.84 37.31 11.48
2001 12 118.43 3.18 -6.18 -1.5 18.63 9.36
2002 1 36.36 0.18 -11.61 -5.71 14.87 11.78
2002 2 55.72 1.18 -10.9 -4.86 18.98 12.08
2002 3 190.34 7.44 -3.63 1.9 42.68 11.07
2002 4 66.52 15.23 2.85 9.04 81.33 12.38
2002 5 35.86 22.41 7.93 15.17 136.02 14.48
2002 6 115.31 25.9 12.92 19.41 155.69 12.99
2002 7 109.84 27.92 14.48 21.2 173.36 13.44
2002 8 121.74 27.46 14.35 20.9 157.47 13.11
2002 9 165.76 23.26 10.39 16.83 113.44 12.86
2002 10 101.29 16.76 4.73 10.75 71.23 12.03
2002 11 111 11.63 -0.71 5.46 39.75 12.35
2002 12 35.03 1.02 -8.65 -3.81 16.25 9.67
2003 1 53.98 -0.21 -9.72 -4.97 14.18 9.5
2003 2 41.67 2.81 -9.34 -3.26 22.15 12.15
2003 3 85.43 7 -4.97 1.01 42.88 11.97
2003 4 130.66 13.77 2.3 8.04 75.96 11.47
2003 5 138.4 19.72 5.55 12.64 124.85 14.17
2003 6 214.42 26.18 13.73 19.95 154.96 12.45
2003 7 187.54 27.78 14.95 21.36 169.93 12.83
2003 8 114.44 26.7 13.19 19.95 155.24 13.51
2003 9 53.2 23.72 9.52 16.62 117.6 14.2
2003 10 20.36 18.87 4.75 11.81 79.2 14.12
2003 11 37.69 10.12 -1.62 4.25 36.33 11.74
2003 12 115.88 3.34 -7.85 -2.26 19.29 11.19
2004 1 78.41 2.59 -6.86 -2.14 17.25 9.45
2004 2 44.97 0.1 -11 -5.45 17.37 11.11
2004 3 36.09 6.16 -5.47 0.34 40.29 11.63
2004 4 91.33 12.92 0.81 6.87 73.91 12.11
2004 5 75.35 21.7 7.62 14.66 132.08 14.08
2004 6 54.94 25.9 11.8 18.85 159.83 14.11
2004 7 85.94 28.18 14.66 21.42 174.88 13.52
2004 8 96.9 27.5 14.07 20.78 158.89 13.43
2004 9 88.07 22.82 9.1 15.96 114.25 13.72
2004 10 117.61 18.12 4.55 11.34 77.19 13.56
2004 11 86 9.24 -0.08 4.58 33.23 9.32
2004 12 246.96 5.21 -4.97 0.12 21.36 10.18
2005 1 87.93 1.29 -8.6 -3.66 15.94 9.89
2005 2 49.78 2.81 -8.49 -2.84 21.22 11.3
2005 3 59.47 5.72 -4.76 0.48 38.55 10.49
2005 4 71.06 14.02 1.31 7.67 78.19 12.71
2005 5 65.68 19.32 6.66 12.99 118.79 12.66
2005 6 200.12 24.79 12.27 18.53 149.22 12.52
2005 7 89.6 29.01 15.9 22.46 176.75 13.11
2005 8 88.92 27.59 13.7 20.65 160.98 13.89
2005 9 67.08 24.05 8.91 16.48 121.83 15.13
2005 10 43.24 18.93 3.66 11.3 81.77 15.26
2005 11 159.31 10.81 0.19 5.5 36.94 10.62
2005 12 83.4 3.61 -5.46 -0.92 19 9.08
2006 1 37.05 0.64 -12.12 -5.74 15.44 12.76
2006 2 48.13 1.09 -10.12 -4.52 18.77 11.21
2006 3 40.74 8.1 -4.43 1.84 45.26 12.53
2006 4 122.68 14.92 2.58 8.75 80.32 12.34
2006 5 83.06 20.69 6.54 13.62 128.14 14.15
2006 6 37.85 26.16 11.33 18.74 163.38 14.83
2006 7 97.87 28.7 14.29 21.49 180.86 14.41
2006 8 72.68 26.94 12.83 19.89 159.03 14.11
2006 9 81.09 23.15 8.71 15.93 117.1 14.44
2006 10 62.7 17.87 4.06 10.96 76.89 13.81
2006 11 59.69 11.29 -0.01 5.64 38.34 11.31
2006 12 79.56 2.47 -7.5 -2.51 18.03 9.97
2007 1 67.27 -0.44 -12.27 -6.36 14.1 11.83
2007 2 105.88 3.68 -5.97 -1.15 22.6 9.64
2007 3 72.03 5.81 -4.81 0.5 39.27 10.61
2007 4 53.77 12.63 0.39 6.51 73.85 12.24
2007 5 74.94 22.42 7.69 15.05 137.4 14.73
2007 6 76.22 27.13 13.6 20.36 163.27 13.53
2007 7 33.58 28.47 15.06 21.77 175.49 13.41
2007 8 65.98 26.95 13.85 20.4 154.74 13.11
2007 9 99.39 23.42 10.29 16.86 113.89 13.13
2007 10 61.74 17.37 3.31 10.34 75.12 14.07
2007 11 92.65 9.36 0.04 4.7 33.03 9.32
2007 12 82.46 3.81 -6.77 -1.48 19.71 10.58
2008 1 103.44 0.27 -9.86 -4.8 14.84 10.14
2008 2 59.29 0.34 -11.72 -5.69 17.74 12.06
2008 3 68.93 6.21 -4.98 0.61 40.11 11.19
2008 4 111.36 14.34 0.74 7.54 80.46 13.6
2008 5 38.66 20.71 5.89 13.3 129.87 14.83
2008 6 56.7 26.42 11.6 19.01 164.53 14.82
2008 7 42.94 28.08 13.12 20.6 180.06 14.96
2008 8 111.16 25.81 13.6 19.7 147.23 12.21
2008 9 27.83 23.49 8.81 16.15 118.82 14.68
2008 10 64.97 18.61 3.04 10.82 81.25 15.57
2008 11 134.33 9.65 -1.2 4.23 35.29 10.85
2008 12 96.07 3.21 -6.64 -1.72 18.86 9.85
2009 1 93.29 1.14 -10.04 -4.45 15.99 11.18
2009 2 55.14 2.25 -9.45 -3.6 20.5 11.7
2009 3 84.5 7.61 -4.02 1.79 43.51 11.63
2009 4 74.01 14.2 0.92 7.56 79.58 13.28
2009 5 127.41 21.17 7.23 14.2 129.56 13.94
2009 6 128.26 26.71 13.11 19.91 161.49 13.6
2009 7 93.79 28.85 15.25 22.05 178.16 13.6
2009 8 112.85 27.35 14.3 20.82 156.81 13.06
2009 9 96.1 23.38 10.4 16.89 114.21 12.99
2009 10 143.16 17.05 3.89 10.47 73.78 13.16
2009 11 51.57 11.67 -1.08 5.3 40.12 12.75
2009 12 124.36 3.95 -6.87 -1.46 20.08 10.82
2010 1 80.64 0.56 -8.78 -4.11 14.99 9.34
2010 2 97.22 1.48 -9.16 -3.84 19.22 10.64
2010 3 92.64 6.27 -4.53 0.87 39.94 10.79
2010 4 94.93 15.23 2.34 8.79 82.2 12.89
2010 5 141.86 20.59 8.27 14.43 122.72 12.33
2010 6 77.73 25.55 11.73 18.64 157.28 13.82
2010 7 51.24 27.69 14.12 20.91 172.83 13.56
2010 8 93.47 27.97 13.55 20.76 164.51 14.42
2010 9 46.73 25.49 10.23 17.86 127.26 15.26
2010 10 96.09 18.92 4.63 11.77 80.42 14.29
2010 11 52.26 9.87 -1.95 3.96 36.38 11.82
2010 12 99.53 3.53 -5.35 -0.91 18.8 8.88
2011 1 71.6 1.39 -9 -3.8 16.17 10.39
2011 2 75.53 2.82 -9.11 -3.14 22.12 11.93
2011 3 54.62 4.89 -6.01 -0.56 37.49 10.9
2011 4 58.77 12.87 0.1 6.48 75.36 12.77
2011 5 111.82 21.18 5.81 13.5 133.69 15.37
2011 6 54.33 25.84 12.31 19.08 157.74 13.53
2011 7 132.3 28.02 13.73 20.87 177.13 14.3
2011 8 17.09 28.26 12.77 20.52 168.78 15.5
2011 9 72.24 23.37 8.25 15.8 118.48 15.12
2011 10 135.08 18.55 5.26 11.91 77.09 13.29
2011 11 128.74 11.5 1.18 6.34 37.28 10.32
2011 12 112.27 4.26 -6.82 -1.28 20.41 11.08
2012 1 70.67 -0.18 -11.25 -5.72 14.41 11.07
2012 2 77.85 2.6 -8.41 -2.91 20.86 11.02
2012 3 39.01 5.64 -5.1 0.27 38.56 10.74
2012 4 103.49 16.44 2.17 9.3 88.15 14.27
2012 5 137.82 21.41 7.3 14.35 130.96 14.11
2012 6 94.71 26.55 12.22 19.38 163.46 14.33
2012 7 86.11 28.58 14.36 21.47 179.54 14.22
2012 8 124.19 27.84 14.49 21.16 159.97 13.35
2012 9 77.45 23.06 8.97 16.02 115.96 14.09
2012 10 46.8 17.06 3.69 10.37 74.12 13.37
2012 11 113.81 9.55 -1.18 4.19 35.03 10.73
2012 12 72.93 4.47 -5.87 -0.7 20.54 10.34
2013 1 53.62 -1.12 -13.13 -7.12 13.26 12.01
2013 2 41.16 -0.3 -12.67 -6.49 16.79 12.37
2013 3 112.75 7.39 -3.68 1.86 42.59 11.07
2013 4 77.27 13.01 0.85 6.93 74.28 12.16
2013 5 175.81 19.35 7.43 13.39 116.77 11.92
2013 6 45.62 25.61 11.95 18.78 156.94 13.65
2013 7 117.89 27.73 14.88 21.31 170.03 12.86
2013 8 265.25 26.89 14.68 20.79 151.5 12.21
2013 9 37.97 24.33 10.1 17.22 120.68 14.23
2013 10 60.67 19.23 4.98 12.1 81.21 14.25
2013 11 143.25 10.18 -0.98 4.6 36.39 11.16
2013 12 60.16 4.01 -4.96 -0.47 19.38 8.97
2014 1 149.45 1.61 -8.87 -3.63 16.44 10.47
2014 2 75.83 -0.12 -11.24 -5.68 17.05 11.12
2014 3 83.96 5.68 -4.9 0.39 38.53 10.58
2014 4 43.49 13.92 -0.24 6.84 79.86 14.16
2014 5 68.12 22.01 8.28 15.15 132.42 13.74
2014 6 80.23 25.98 12.79 19.39 156.83 13.19
2014 7 60.57 29.03 14.86 21.95 181.44 14.17
2014 8 27.05 28.36 13.02 20.69 169.36 15.34
2014 9 102.93 25.06 11.6 18.33 121.1 13.46
2014 10 133.2 16.51 3.84 10.17 71.66 12.68
2014 11 103.11 8.22 -1.93 3.14 32.46 10.15
2014 12 73.81 3.08 -6.07 -1.5 18.42 9.15
2015 1 39.32 0.53 -11.61 -5.54 15.31 12.14
2015 2 80.53 2.55 -9 -3.23 21.65 11.55
2015 3 122.4 5.38 -4.47 0.45 37.76 9.86
2015 4 112.38 14.28 1.66 7.97 79.5 12.62
2015 5 77.71 21.42 7.01 14.21 132.46 14.42
2015 6 118.56 25.59 11.45 18.52 158.86 14.14
2015 7 85.88 29.05 15.06 22.06 180.6 14
2015 8 41.19 27.89 13.48 20.68 163.44 14.4
2015 9 91.51 25.36 11.21 18.29 123.07 14.14
2015 10 41.84 18.13 4.37 11.25 76.73 13.77
2015 11 125.01 10.84 0.26 5.55 36.53 10.59
2015 12 67.2 2.68 -8.03 -2.67 18.37 10.7
2016 1 75.02 2.79 -7.04 -2.13 17.61 9.83
2016 2 67.51 0.92 -11.92 -5.5 18.6 12.84
2016 3 66.54 5.9 -5.23 0.33 39.39 11.13
2016 4 37.54 14.43 0.9 7.67 80.67 13.53
2016 5 58.9 20.74 6.64 13.69 128.25 14.1
2016 6 133.84 24.89 12.88 18.89 147.62 12.01
2016 7 66.71 29.39 15.13 22.26 183.43 14.26
2016 8 89.46 28 15.38 21.69 157.6 12.62
2016 9 29.18 24 10.22 17.11 118.41 13.79
2016 10 40.51 16.9 3.15 10.03 74.22 13.75
2016 11 112.2 10.59 0.48 5.53 36.09 10.11
2016 12 150.72 3.11 -6.71 -1.8 18.73 9.82
2017 1 96.35 2.36 -8.99 -3.31 17.49 11.35
2017 2 57.66 2.45 -9.89 -3.72 20.86 12.33
2017 3 23.87 6.95 -4.35 1.3 41.81 11.3
2017 4 92.65 12.47 0.23 6.35 72.75 12.24
2017 5 95.86 19.25 4.43 11.84 123.76 14.82
2017 6 60.78 25.23 11.63 18.43 155.13 13.6
2017 7 66.59 28.82 15.21 22.02 178.08 13.61
2017 8 212.84 27.75 14.22 20.98 160.28 13.53
2017 9 121.04 24.15 10.32 17.24 119.04 13.83
2017 10 83.45 16.55 2.77 9.66 73.35 13.78
2017 11 127.08 11.78 -0.56 5.61 40.01 12.35
2017 12 129.07 4.66 -5.06 -0.2 20.49 9.71
2018 1 109.9 0.87 -9.79 -4.46 15.6 10.65
2018 2 183.1 3.23 -7.27 -2.02 21.58 10.5
2018 3 46.7 8.57 -2.85 2.86 45.48 11.42
2018 4 152.46 13.65 2.56 8.11 74.28 11.09
2018 5 103.9 21.25 7.85 14.55 128.42 13.4
2018 6 107.11 25.27 12.79 19.03 151.07 12.48
2018 7 62.14 28.95 15.15 22.05 179.49 13.8
2018 8 111.51 27.64 13.6 20.62 161.75 14.04
2018 9 73.53 24.12 10.34 17.23 118.8 13.78
2018 10 57.6 18.37 4.28 11.32 78.63 14.08
2018 11 56.12 10.99 -0.85 5.07 38.29 11.84
2018 12 34.94 3.73 -7.1 -1.69 19.81 10.83
2019 1 107.29 2.12 -8.68 -3.28 17.1 10.8
2019 2 34.51 0.96 -10.24 -4.64 19.26 11.2
2019 3 147.47 6.36 -3.31 1.52 39.58 9.67
2019 4 26.21 15.88 1.38 8.63 87.38 14.5
2019 5 58.29 19.78 5.29 12.54 125.84 14.49
2019 6 50.12 26.66 11.99 19.32 165.38 14.67
2019 7 89.22 28.63 16.2 22.42 171.76 12.43
2019 8 132.3 27.15 14.1 20.63 155.34 13.05
2019 9 180.56 23.29 10.35 16.82 112.94 12.94
2019 10 205.72 16.43 4.06 10.24 70.22 12.38
2019 11 125.38 9.92 -0.68 4.62 35.1 10.6
2019 12 119.73 3.26 -7.03 -1.89 18.94 10.29
2020 1 104.12 1.54 -10.04 -4.25 16.52 11.57
2020 2 59.28 1.71 -9.51 -3.9 19.65 11.22
2020 3 86.54 6.09 -6.66 -0.28 40.74 12.75
2020 4 43.43 14.5 0.66 7.58 81.3 13.84
2020 5 63.77 21.65 6.83 14.24 133.76 14.82
2020 6 39.73 25.9 11.34 18.62 161.35 14.56
2020 7 37.97 27.81 13.55 20.68 176.2 14.26
2020 8 112.75 27.8 15.43 21.62 155.71 12.36
2020 9 136.17 22.94 9.48 16.21 114.01 13.47
2020 10 49.07 18.03 4.18 11.1 77.38 13.85
2020 11 86.38 10.57 -1.05 4.76 37.39 11.61
2020 12 57.05 4.24 -4.56 -0.16 19.55 8.8
2021 1 42.6 0.13 -12.75 -6.31 14.77 12.88
2021 2 79.91 2.79 -9.07 -3.14 21.3 11.85
2021 3 51.5 6.9 -4.45 1.22 41.73 11.35
2021 4 100.27 14.52 1.49 8 80.23 13.04
2021 5 89.69 21.33 7.13 14.23 130.9 14.2
2021 6 43.76 24.31 11.34 17.83 148.95 12.97
2021 7 43.62 27.16 13.46 20.31 171.05 13.7
2021 8 109 27.29 13.33 20.31 160.01 13.96
2021 9 5.63 23.89 8.48 16.19 121.88 15.41
2021 10 75.05 18.1 3.84 10.97 78.14 14.25
2021 11 124.57 11.65 0.11 5.88 39.14 11.55
2021 12 63.75 2.38 -8.28 -2.95 18.11 10.66
2022 1 104.3 3.06 -7.85 -2.4 18.24 10.91
2022 2 91.47 2.18 -8.64 -3.23 20.22 10.82
2022 3 88.45 5.48 -6.33 -0.43 38.88 11.81
2022 4 58.08 13.8 0.99 7.39 77.64 12.81
2022 5 71.35 20.18 7.3 13.74 122.74 12.88
2022 6 38.48 25.37 10.7 18.04 159.36 14.67
2022 7 71.47 29.13 14.62 21.87 183.24 14.51
2022 8 124.44 27.59 14.46 21.02 158.02 13.12
2022 9 208.33 24.05 10.75 17.4 117.26 13.3
2022 10 60.17 18.32 3.7 11.01 79.27 14.63
2022 11 70.98 11.04 -0.19 5.42 37.86 11.23
2022 12 81.38 3.44 -5.65 -1.1 18.8 9.09
2023 1 35.58 0.82 -10.44 -4.81 15.62 11.26
2023 2 22.52 3.18 -9.09 -2.96 22.72 12.27
2023 3 85.76 5.46 -5.11 0.18 38.49 10.57
2023 4 58.46 14.26 0.81 7.53 80.69 13.45
2023 5 68.17 20.02 6.9 13.46 123.39 13.12
2023 6 41.87 25.8 13.18 19.49 154.09 12.62
2023 7 103.98 28.99 15.49 22.24 178.21 13.5
2023 8 61.23 28.58 14.11 21.35 166.63 14.47
2023 9 178.85 24.44 11.15 17.8 117.66 13.29
2023 10 180.29 17.58 5.51 11.54 72.57 12.07
2023 11 96.83 10.25 0.34 5.3 34.96 9.91
2023 12 238.08 4.74 -5.63 -0.45 20.73 10.36
2024 1 78.29 0.61 -10.91 -5.15 15.39 11.52
2024 2 33.21 0.74 -10.65 -4.96 18.3 11.4
2024 3 69.1 7.09 -4.09 1.5 42.04 11.18
2024 4 122.8 13.52 2.64 8.08 73.5 10.88
2024 5 90.64 21.49 6.8 14.14 132.8 14.7
2024 6 101.1 25.94 11.48 18.71 161.23 14.47
2024 7 71.63 29.33 15.31 22.32 182.11 14.01
2024 8 53.94 27.04 13.76 20.4 156.39 13.28
2024 9 231.99 24.17 12.3 18.23 113.41 11.87
2024 10 80.98 17.37 3.82 10.59 75.19 13.55
2024 11 166 9.86 -0.94 4.46 35.58 10.8
2024 12 56.53 3.57 -7.87 -2.15 19.77 11.43
2025 1 118.58 0.71 -9.97 -4.63 15.42 10.67
2025 2 78.3 1.77 -9.96 -4.1 19.81 11.73
2025 3 138.03 6.67 -3.23 1.72 40.01 9.91
2025 4 82.74 14.51 2.05 8.28 79.25 12.46
2025 5 73.57 20.14 6.58 13.36 124.43 13.56
2025 6 57.78 26.23 12.12 19.17 161.29 14.11
2025 7 37.49 28.14 14.01 21.08 177.23 14.14
2025 8 90.63 27.58 14.64 21.11 157.25 12.94
2025 9 148.93 24.49 10.95 17.72 119.38 13.53
2025 10 154.02 18.04 5.14 11.59 75.95 12.9
2025 11 125.72 10.31 -0.49 4.91 36.31 10.8
2025 12 96.23 2.86 -8 -2.57 18.75 10.85
2026 1 170.28 1.43 -9.57 -4.07 16.32 10.99
2026 2 112.01 1.21 -10.89 -4.84 19.02 12.1
2026 3 140.38 6.45 -4.08 1.19 40.14 10.54
2026 4 45.64 14.05 0 7.02 80.13 14.05
2026 5 63.74 23.24 7.04 15.14 143.81 16.2
2026 6 80.6 27.51 13.95 20.73 164.75 13.56
2026 7 40.97 29.09 15.13 22.11 180.84 13.96
2026 8 54.06 28.54 14.17 21.35 166.72 14.36
2026 9 254.11 24.51 11.54 18.03 117.85 12.97
2026 10 36.13 18.54 2.98 10.76 81.07 15.57
2026 11 152.45 10.82 -0.36 5.23 37.45 11.18
2026 12 88.11 3.65 -6.41 -1.38 19.47 10.07
2027 1 112.95 1.03 -8.96 -3.97 15.67 9.98
2027 2 122.62 2.68 -7.57 -2.45 21.48 10.25
2027 3 90.26 5.57 -5.11 0.23 38.82 10.68
2027 4 163.11 12.92 1.93 7.43 72.63 10.99
2027 5 86.99 20.7 5.87 13.28 130.42 14.82
2027 6 127.56 26.77 13.54 20.16 160.58 13.23
2027 7 57.38 28.93 14.11 21.52 183.39 14.83
2027 8 71.68 27.55 13.11 20.33 162.15 14.44
2027 9 42.17 24.82 10.63 17.73 121.36 14.19
2027 10 41.87 18.67 4.04 11.35 79.37 14.63
2027 11 77.24 11.12 -1.31 4.9 38.48 12.43
2027 12 65.76 3.75 -6.39 -1.32 19.48 10.14
2028 1 113.11 0.59 -8.84 -4.12 15.05 9.43
2028 2 105.7 3.32 -8.56 -2.62 22.07 11.88
2028 3 147.57 9.6 -1.81 3.89 47.73 11.42
2028 4 107.71 12.97 1.39 7.18 73.22 11.59
2028 5 92.06 19.31 6.7 13.01 118.62 12.61
2028 6 150.53 24.27 11.61 17.94 147.66 12.66
2028 7 103.75 27.81 14.43 21.12 172.66 13.38
2028 8 129.56 27.27 13.78 20.53 158.17 13.49
2028 9 44.94 23.94 10.97 17.46 116.02 12.98
2028 10 95.72 17.95 3.11 10.53 78.51 14.84
2028 11 96.51 9.98 0.02 5 35.02 9.97
2028 12 68.11 2.88 -7.4 -2.26 18.61 10.28
2029 1 89.84 -0.04 -11.6 -5.82 14.6 11.56
2029 2 99.92 1.2 -9.31 -4.05 18.81 10.51
2029 3 29.81 7.1 -4.43 1.34 42.32 11.53
2029 4 54.35 15.17 1.6 8.39 83.08 13.58
2029 5 123.75 20.47 7.34 13.9 124.57 13.13
2029 6 84.74 27.01 12.14 19.57 167.32 14.87
2029 7 120.46 28.83 16.09 22.46 174.27 12.74
2029 8 66.12 27.56 14.79 21.17 156.5 12.77
2029 9 221.54 22.77 10.36 16.56 110.59 12.41
2029 10 101.97 18.47 4.84 11.66 78.23 13.63
2029 11 90.09 10.29 -0.67 4.81 36.42 10.96
2029 12 47.87 1.82 -7.25 -2.72 16.97 9.07
2030 1 103.54 1.99 -9.46 -3.73 17.06 11.45
2030 2 138.59 3.37 -7.48 -2.05 21.89 10.85
2030 3 83.4 6.19 -4.9 0.64 39.99 11.09
2030 4 74.8 14.63 1.88 8.25 80.1 12.75
2030 5 160.63 19.13 5.58 12.35 120.38 13.55
2030 6 125.24 24.97 12.55 18.76 149.59 12.42
2030 7 58.06 27.97 15.13 21.55 170.97 12.84
2030 8 32.57 27.93 14.08 21 162.23 13.85
2030 9 51.58 23.93 9.98 16.95 118.57 13.95
2030 10 82.13 16.79 3.67 10.23 73.02 13.11
2030 11 43.62 10.22 -1.69 4.27 37.05 11.91
2030 12 71.79 4.92 -5.36 -0.22 21.06 10.28
2031 1 32.56 0.15 -10.62 -5.23 14.78 10.76
2031 2 18.5 2.39 -10.52 -4.07 21.56 12.9
2031 3 58.19 6.86 -5.29 0.79 42.67 12.15
2031 4 71.37 14.77 1.06 7.91 82.67 13.71
2031 5 79.84 21.02 6.15 13.58 131.88 14.87
2031 6 48.95 26.08 12.87 19.48 157.59 13.21
2031 7 77.63 28.55 15.22 21.88 175.49 13.33
2031 8 117.97 27.49 14.07 20.78 158.17 13.42
2031 9 53.98 23.39 9.29 16.34 116.25 14.1
2031 10 78.66 18.1 3.79 10.94 77.41 14.31
2031 11 46.85 10.46 -1.46 4.5 37.01 11.92
2031 12 115.97 2.83 -7.1 -2.14 18.32 9.93
2032 1 78.45 1.11 -10.39 -4.64 16 11.51
2032 2 6.15 1.16 -10.77 -4.8 18.94 11.93
2032 3 59.83 5.24 -6.62 -0.69 38.36 11.85
2032 4 36.87 15.08 2.08 8.58 81.88 13
2032 5 106.2 20.25 5.69 12.97 127.33 14.56
2032 6 79.97 27 13.08 20.04 163.96 13.93
2032 7 64.11 29.39 15.73 22.56 180.9 13.66
2032 8 69.04 27.55 14.22 20.88 158.64 13.32
2032 9 39.68 25.04 10.25 17.65 124.56 14.8
2032 10 54.29 16.82 2.83 9.82 74.34 13.99
2032 11 77.9 9.56 -0.99 4.29 34.91 10.55
2032 12 92.06 2.92 -7.05 -2.07 18.56 9.97
2033 1 22.14 -1.17 -13.08 -7.12 13.2 11.91
2033 2 87.2 1.82 -9.13 -3.66 19.75 10.95
2033 3 126.97 7.77 -4.95 1.41 44.63 12.72
2033 4 107.93 14.62 2.26 8.44 79.46 12.37
2033 5 67.72 20.19 6.19 13.19 125.78 14.01
2033 6 90 26.16 12.92 19.54 157.74 13.24
2033 7 50.48 29.1 16.04 22.57 176.93 13.06
2033 8 90.61 26.92 13.58 20.25 156.12 13.34
2033 9 126.35 24.27 12.26 18.26 114.14 12
2033 10 29.56 19.89 3.77 11.83 85.56 16.11
2033 11 72.64 10.56 -2.07 4.25 38.12 12.63
2033 12 90.41 4.76 -5.49 -0.36 20.86 10.25
2034 1 80.65 0.63 -9.86 -4.62 15.3 10.49
2034 2 62.19 1.78 -8.65 -3.44 19.57 10.43
2034 3 53.86 6.77 -4.25 1.26 41.19 11.02
2034 4 118.68 13.93 0.95 7.44 78.31 12.99
2034 5 143.86 20.14 6.98 13.56 123.39 13.16
2034 6 111.02 25.39 12.24 18.82 154.19 13.15
2034 7 132.13 26.87 14.67 20.77 163.38 12.2
2034 8 97.13 27.77 14.98 21.37 157.43 12.79
2034 9 91.31 22.8 8.01 15.4 116.65 14.79
2034 10 55.7 15.77 2.12 8.94 71.09 13.65
2034 11 42.17 10.65 -0.82 4.92 37.41 11.47
2034 12 214.33 2.82 -6.75 -1.96 18.31 9.57
2035 1 84.19 1.15 -9.17 -4.01 15.88 10.32
2035 2 103.87 0.73 -10.28 -4.77 18.89 11.01
2035 3 135.77 7.23 -3.44 1.9 42.39 10.67
2035 4 43.74 14.89 2.01 8.45 81.81 12.88
2035 5 138.33 21.56 7.1 14.33 133.13 14.46
2035 6 205.06 25.74 13.23 19.49 153.41 12.51
2035 7 289.73 28.21 15.02 21.61 173.4 13.19
2035 8 31.4 27.99 14.23 21.11 161.55 13.76
2035 9 116.17 23.42 11.54 17.48 110.25 11.88
2035 10 24.51 17.63 3.12 10.37 76.37 14.5
2035 11 91.37 10.6 -0.48 5.06 36.58 11.08
2035 12 108.77 4.01 -5.16 -0.58 19.35 9.17
2036 1 89.42 -0.67 -11.48 -6.07 13.82 10.81
2036 2 76.53 -0.16 -10.99 -5.57 16.98 10.83
2036 3 79.77 7.84 -3.83 2.01 44.08 11.68
2036 4 57.24 15.06 1.13 8.09 83.22 13.93
2036 5 80.93 19.66 6.48 13.07 121.54 13.18
2036 6 113.09 25.22 11.36 18.29 156.04 13.86
2036 7 117.67 28.94 15.29 22.12 178.82 13.65
2036 8 131.27 28.06 14.77 21.41 160.61 13.29
2036 9 77.31 23.62 11.09 17.36 113.7 12.53
2036 10 176.32 17.88 5.44 11.66 74.75 12.44
2036 11 69.59 12.93 1.32 7.13 41.32 11.61
2036 12 53.27 2.89 -6.15 -1.63 18.15 9.03
2037 1 106.2 0.85 -9.63 -4.39 15.55 10.48
2037 2 36.9 2.42 -8.24 -2.91 20.51 10.66
2037 3 92.73 6.77 -3.47 1.65 40.52 10.24
2037 4 87.4 14.3 1.89 8.09 78.53 12.41
2037 5 107.56 20.92 8.32 14.62 124.84 12.61
2037 6 77.94 24.94 12.11 18.53 151.12 12.84
2037 7 59.81 29.05 15.33 22.19 179.6 13.72
2037 8 55.77 27.57 13.3 20.44 162.26 14.27
2037 9 69.22 23.29 8.54 15.92 118.3 14.75
2037 10 59.6 17.27 3.73 10.5 74.89 13.53
2037 11 106.06 9.67 -1.43 4.12 35.52 11.1
2037 12 140.31 3.3 -6.05 -1.37 18.76 9.34
2038 1 91.66 2.01 -9.45 -3.72 17.08 11.46
2038 2 80.1 0.79 -10.16 -4.69 18.31 10.95
2038 3 35.26 7.25 -4.09 1.58 42.5 11.34
2038 4 201.45 14.34 2.56 8.45 77.61 11.79
2038 5 82.53 19.15 6.05 12.6 119.32 13.1
2038 6 50.01 25.88 11.42 18.65 160.98 14.47
2038 7 182.95 27.91 15.3 21.6 169.64 12.61
2038 8 43.53 28.6 13.98 21.29 167.92 14.62
2038 9 53.21 23.63 8.61 16.12 120.1 15.02
2038 10 104.64 19.07 4.81 11.94 80.78 14.26
2038 11 112.89 9.8 -0.68 4.56 35.22 10.49
2038 12 189.61 2.87 -7.76 -2.44 18.7 10.63
2039 1 70.9 1.47 -9.39 -3.96 16.34 10.86
2039 2 68.14 3.34 -7.58 -2.12 22.64 10.92
2039 3 105.91 5.95 -4.61 0.67 39.54 10.57
2039 4 161.53 13.43 2.17 7.8 74.59 11.26
2039 5 71.59 19.94 6.69 13.32 123.41 13.25
2039 6 157.87 26.58 14.03 20.3 157.05 12.56
2039 7 110.65 27.91 14.99 21.45 170.89 12.92
2039 8 179.25 27.33 14.51 20.92 155.12 12.82
2039 9 74.87 23.54 9.63 16.59 116.31 13.91
2039 10 125.83 18.27 6.77 12.53 73.19 11.5
2039 11 112.63 9.58 -0.92 4.33 34.48 10.5
2039 12 118.5 2.01 -9.17 -3.58 17.65 11.19
2040 1 77.39 0.32 -9.84 -4.76 14.9 10.16
2040 2 78.42 1.41 -9.17 -3.88 19.1 10.57
2040 3 124.75 5.28 -5.75 -0.24 37.98 11.03
2040 4 124.99 15.48 3.96 9.72 80.44 11.53
2040 5 68.81 21.14 8.03 14.58 127.17 13.11
2040 6 70.78 26.43 12.82 19.62 160.31 13.61
2040 7 58.82 28.76 15.74 22.25 175.19 13.02
2040 8 141.92 27.76 13.88 20.82 161.69 13.88
2040 9 80.65 22.35 9.69 16.02 109.93 12.66
2040 10 80.83 17.74 4.55 11.14 75.61 13.19
2040 11 76.52 12 0 6 40.11 12.01
2040 12 92.5 4.65 -6.36 -0.86 21.01 11.01
2041 1 39.78 0.6 -9.36 -4.38 15.18 9.96
2041 2 32.63 2.79 -9.65 -3.43 21.39 12.45
2041 3 134.09 7.29 -3.87 1.71 42.44 11.16
2041 4 144.02 15.51 2.4 8.96 83.4 13.11
2041 5 54.38 22.06 6.95 14.51 136.18 15.11
2041 6 97.04 25.09 11.5 18.29 154.48 13.59
2041 7 99.39 28.12 15.1 21.61 172.49 13.03
2041 8 35.24 27.66 13.26 20.46 163.14 14.4
2041 9 81.03 25.29 10.68 17.99 124.95 14.61
2041 10 27.26 18.81 3.45 11.13 81.58 15.36
2041 11 71.67 8.62 -3.72 2.45 34.6 12.34
2041 12 137.2 3.8 -6.01 -1.11 19.53 9.81
2042 1 92.42 1.41 -8.02 -3.31 15.95 9.43
2042 2 80.04 3.6 -8.96 -2.68 22.61 12.55
2042 3 147.6 5.09 -5.73 -0.32 37.45 10.82
2042 4 96.89 12.96 0.96 6.96 73.85 12
2042 5 44.96 21 6.2 13.6 130.98 14.8
2042 6 104.57 27.08 12.99 20.03 164.92 14.09
2042 7 111.91 26.47 14.46 20.47 160.79 12.01
2042 8 24.42 28.98 15.59 22.29 164.8 13.39
2042 9 96.58 22.2 10.32 16.26 107.25 11.88
2042 10 196.94 15.75 3.99 9.87 68.25 11.76
2042 11 79.89 11.63 -1.53 5.05 40.33 13.16
2042 12 95.12 2.13 -8.05 -2.96 17.7 10.19
2043 1 75.61 0.37 -9.47 -4.55 14.9 9.84
2043 2 90.35 2.78 -8.61 -2.91 21.95 11.38
2043 3 231.86 7.08 -2.97 2.05 41.46 10.05
2043 4 68.75 15.06 0.7 7.88 84.5 14.36
2043 5 138.34 20.28 7.04 13.66 124.76 13.25
2043 6 120.48 25.55 12.52 19.04 154.62 13.03
2043 7 36.57 28.73 14.12 21.42 181.59 14.61
2043 8 97.28 28.06 15.08 21.57 158.71 12.98
2043 9 42.59 23.93 9.07 16.5 119.91 14.86
2043 10 113.74 17.26 4.43 10.84 73.03 12.83
2043 11 86.46 11.28 0.63 5.95 37.26 10.64
2043 12 156.55 4.73 -4.89 -0.08 20.4 9.62
2044 1 34.28 -0.47 -11.7 -6.08 14.07 11.23
2044 2 76.55 2.82 -9.35 -3.27 21.4 12.17
2044 3 72.67 6.88 -5.7 0.59 42.48 12.58
2044 4 135.99 12.4 1.08 6.74 71.07 11.31
2044 5 87.13 20.9 7.35 14.12 127.44 13.55
2044 6 113.86 26.53 13.26 19.9 159.41 13.27
2044 7 21.55 28.66 13.77 21.21 182.51 14.89
2044 8 40.12 28.14 14.25 21.19 163.31 13.89
2044 9 106.73 22.46 8.39 15.43 113.84 14.06
2044 10 49.3 18.92 4.48 11.7 80.64 14.44
2044 11 131.37 11.81 0.61 6.21 39.09 11.2
2044 12 92.28 2.72 -6.83 -2.05 18.18 9.54
2045 1 66.78 0.72 -10.55 -4.91 15.5 11.27
2045 2 74.6 2.7 -9.33 -3.31 21.2 12.03
2045 3 95.61 6.81 -4.99 0.91 41.85 11.8
2045 4 118.05 14.19 3.02 8.61 76 11.17
2045 5 213.05 19.01 7.85 13.43 113.15 11.16
2045 6 149.92 24.08 12.65 18.36 141.95 11.43
2045 7 115.47 27.65 14.52 21.09 170.82 13.12
2045 8 130.94 26.56 14.36 20.46 150.14 12.2
2045 9 108.03 23.89 10.29 17.09 117.53 13.6
2045 10 58.02 17.46 3.69 10.57 75.74 13.77
2045 11 169.77 10.21 0.17 5.19 35.44 10.04
2045 12 59.53 2.21 -7.79 -2.79 17.73 10
2046 1 58.2 1.59 -11.29 -4.85 16.66 12.88
2046 2 77.32 1.36 -9.8 -4.22 19.15 11.16
2046 3 61.79 6.25 -3.32 1.46 38.79 9.56
2046 4 131.26 14.92 1.24 8.08 82.43 13.68
2046 5 111.45 20.25 6.42 13.33 125.56 13.83
2046 6 65.73 25.89 11.96 18.93 159.17 13.93
2046 7 97.64 28.66 15.57 22.11 175.13 13.09
2046 8 98.06 27.47 13.85 20.66 159.48 13.62
2046 9 148.44 22.71 10.92 16.81 108.55 11.79
2046 10 55.06 17.5 4 10.75 75.46 13.5
2046 11 152.18 11.79 2.64 7.22 36.8 9.15
2046 12 136.87 2.56 -7.82 -2.63 18.26 10.38
2047 1 25.24 2.47 -9.54 -3.53 17.72 12.01
2047 2 50.99 1.65 -11.49 -4.92 20.4 13.14
2047 3 203.65 6.65 -3.76 1.44 40.91 10.42
2047 4 103.18 13.61 3.04 8.32 73.76 10.57
2047 5 83.23 20.83 6.14 13.49 130.69 14.7
2047 6 81.63 24.55 11.62 18.09 150.07 12.93
2047 7 79.63 27.75 14.67 21.21 170.9 13.08
2047 8 142.67 27.44 14.5 20.97 156.06 12.94
2047 9 83.32 24.19 11.48 17.84 115.2 12.71
2047 10 77.73 16.52 3.58 10.05 71.31 12.94
2047 11 78.27 9.8 -0.91 4.44 34.99 10.71
2047 12 72.09 2.94 -7.11 -2.08 18.49 10.05
2048 1 58.6 0.25 -10.94 -5.35 14.93 11.19
2048 2 85.72 2.88 -8.12 -2.62 21.25 11.01
2048 3 113.65 7.02 -3.96 1.53 41.71 10.98
2048 4 76.94 14.97 0.65 7.81 83.43 14.31
2048 5 49.37 20.77 6.71 13.74 128.25 14.06
2048 6 50.08 24.91 12.35 18.63 149.86 12.55
2048 7 69.36 28.81 14.58 21.7 180.66 14.23
2048 8 47.68 27.2 13.53 20.36 158.53 13.67
2048 9 86.45 23.67 11.09 17.38 113.98 12.58
2048 10 102.35 17.98 4.58 11.28 76.58 13.4
2048 11 99.6 10.42 0.53 5.47 35.6 9.89
2048 12 130.22 3.93 -7.18 -1.63 20.14 11.11
2049 1 125.97 2.84 -7.63 -2.4 17.86 10.47
2049 2 73.14 1.38 -9.86 -4.24 19.18 11.24
2049 3 176.49 6.48 -4.56 0.96 40.59 11.04
2049 4 37.55 14.67 0.38 7.53 82.46 14.29
2049 5 174.4 20.05 6.77 13.41 123.34 13.28
2049 6 64.13 26.63 12.38 19.5 163.53 14.26
2049 7 94.61 28.44 15.97 22.2 171.3 12.47
2049 8 59.18 28.08 14.96 21.52 160 13.12
2049 9 132.56 24.31 11.33 17.82 117.25 12.98
2049 10 163.37 17.22 4.29 10.75 73.87 12.93
2049 11 81.55 10.37 -1.04 4.67 36.92 11.41
2049 12 165.61 2.61 -7.03 -2.21 18.08 9.64
2050 1 44.42 1.63 -10.19 -4.28 16.66 11.82
2050 2 40.79 1.78 -9.61 -3.92 19.77 11.39
2050 3 174.73 7.23 -3.4 1.92 41.84 10.62
2050 4 109.96 15.94 1.72 8.83 86.49 14.22
2050 5 129.61 21.32 7.39 14.36 130.18 13.94
2050 6 46.85 25.4 12.05 18.72 154.96 13.35
2050 7 78.89 27.85 15.45 21.65 168.45 12.4
2050 8 47.2 27.51 13.68 20.6 160.44 13.83
2050 9 10.15 23.85 9.62 16.73 119 14.23
2050 10 94.62 17.74 3.16 10.45 77.6 14.58
2050 11 72.31 9.75 -0.6 4.57 35.01 10.35
2050 12 148.17 6.62 -3.74 1.44 23.12 10.35
2051 1 95.18 0.45 -10.62 -5.09 15.16 11.06
2051 2 66.8 2.63 -9.21 -3.29 21.83 11.84
2051 3 113.19 6.04 -5.43 0.3 40.38 11.46
2051 4 34.19 14.06 1.09 7.57 79.33 12.96
2051 5 84.44 20 5.99 12.99 125.61 14.01
2051 6 136.45 24.96 11.46 18.21 153.88 13.5
2051 7 62.34 28.87 14.02 21.45 183.18 14.85
2051 8 77.29 27.47 14.91 21.19 154.65 12.56
2051 9 224.22 23.03 11.63 17.33 107.54 11.4
2051 10 92.3 17.84 5.1 11.47 74.35 12.74
2051 11 70.1 11.15 -1.11 5.02 38.41 12.26
2051 12 82.23 3.11 -6.35 -1.62 18.46 9.45
2052 1 93.89 1.56 -8.77 -3.61 16.36 10.34
2052 2 51.5 2.46 -9.18 -3.36 20.78 11.63
2052 3 141.58 6.56 -4.56 1 40.83 11.13
2052 4 119.39 15.58 3.02 9.3 82.7 12.56
2052 5 59.49 20.48 6.52 13.5 126.86 13.96
2052 6 59.28 24.5 11.62 18.06 149.46 12.89
2052 7 67.17 28.59 15.3 21.95 175.67 13.29
2052 8 38.46 27.06 13.29 20.17 158.35 13.78
2052 9 109.38 23.91 11.16 17.53 115.24 12.75
2052 10 63.91 16.98 3.49 10.23 74.09 13.5
2052 11 132.12 11.47 0.76 6.12 38.08 10.71
2052 12 72.78 3.07 -6.18 -1.55 18.46 9.25
2053 1 125.93 0.94 -10.13 -4.59 15.75 11.07
2053 2 64.84 1.13 -10.14 -4.5 18.84 11.27
2053 3 62.16 6.21 -4.53 0.84 39.78 10.74
2053 4 44.94 13.97 0.56 7.26 79.01 13.4
2053 5 70.83 21.12 7.1 14.11 129.57 14.02
2053 6 153.76 25.75 12.1 18.93 157.56 13.65
2053 7 87.17 28.24 16.22 22.23 168.28 12.02
2053 8 37.98 27.99 13.78 20.88 163.86 14.21
2053 9 258.68 22.28 11.77 17.02 103.11 10.51
2053 10 13.51 17.79 3.27 10.53 77.67 14.52
2053 11 201.17 11.15 0.1 5.62 37.87 11.05
2053 12 109.5 1.22 -8.75 -3.77 16.55 9.96
2054 1 102.35 1.41 -9.45 -4.02 16.28 10.86
2054 2 112.41 2.07 -9.04 -3.49 20.13 11.11
2054 3 83.53 7.16 -4.59 1.28 42.61 11.75
2054 4 85.95 14.22 2.31 8.27 77.46 11.91
2054 5 86.93 19.3 6.72 13.01 118.47 12.57
2054 6 142.47 24.93 12.17 18.55 150.8 12.76
2054 7 59.36 27.52 15.55 21.53 165.04 11.97
2054 8 54.9 27.17 12.53 19.85 161.88 14.65
2054 9 123.55 23.13 10.57 16.85 112.17 12.56
2054 10 231.29 18.21 5.91 12.06 75.33 12.3
2054 11 181.62 8.32 -1.14 3.59 31.99 9.45
2054 12 252.07 4.14 -5.89 -0.88 20.02 10.03
2055 1 108.5 1.2 -9.27 -4.04 15.96 10.47
2055 2 36.78 0.85 -11.89 -5.52 19.15 12.74
2055 3 127.01 6.25 -4.13 1.06 40.03 10.38
2055 4 58.32 14.23 0.69 7.46 80.72 13.54
2055 5 109.29 21.14 6.57 13.86 131.68 14.57
2055 6 79.13 24.74 12.07 18.41 149.9 12.67
2055 7 80.68 29.14 15.42 22.28 179.82 13.72
2055 8 89.77 26.41 13.81 20.11 150.61 12.6
2055 9 139.36 22.36 8.9 15.63 111.21 13.46
2055 10 41.24 17.68 4.1 10.89 75.24 13.58
2055 11 100.56 9.12 0.1 4.61 32.36 9.02
2055 12 55.28 0.62 -8.77 -4.08 15.61 9.4
2056 1 81.14 0.12 -10.61 -5.24 14.75 10.73
2056 2 97.39 2.95 -9.73 -3.39 21.66 12.69
2056 3 30.77 6.22 -6.72 -0.25 41.12 12.94
2056 4 231.97 15.05 2.7 8.88 80.73 12.35
2056 5 107.75 20.55 6.15 13.35 128.18 14.4
2056 6 93.74 26.47 11.98 19.22 163.62 14.49
2056 7 77.39 28.33 14.31 21.32 177.65 14.03
2056 8 67.86 27.27 13.95 20.61 157.53 13.32
2056 9 38.12 22.38 7.8 15.09 114.73 14.58
2056 10 94.3 17.45 4.53 10.98 74.44 12.92
2056 11 168.58 9.1 -1.59 3.76 34.29 10.69
2056 12 124.87 3.91 -5.66 -0.88 19.56 9.57
2057 1 87.2 0.95 -9.97 -4.51 15.74 10.91
2057 2 76.83 2.29 -9.98 -3.84 20.63 12.27
2057 3 165.11 5.72 -4.32 0.7 38.18 10.04
2057 4 95.37 14.07 1.22 7.64 78.53 12.85
2057 5 77.67 21.39 6.98 14.19 131.7 14.42
2057 6 173.63 25.18 13.01 19.09 149.45 12.17
2057 7 98.76 28.06 15.21 21.64 171.38 12.85
2057 8 104.39 27.16 13.59 20.38 157.96 13.56
2057 9 66.19 23.8 11.05 17.43 114.91 12.75
2057 10 100.67 18.9 3.99 11.44 81.23 14.91
2057 11 96.76 9.07 -1.81 3.63 34.39 10.88
2057 12 117.62 3.34 -5.96 -1.31 18.79 9.3
2058 1 78.08 0.53 -9.45 -4.46 15.1 9.98
2058 2 108.9 2.89 -9.39 -3.25 21.52 12.28
2058 3 42.38 6.74 -5.08 0.83 41.71 11.82
2058 4 127.95 14.6 1.47 8.04 80.6 13.12
2058 5 98.17 20.86 6.35 13.61 129.75 14.51
2058 6 100.3 27.63 13.42 20.53 167.76 14.21
2058 7 30.35 29.13 14.8 21.97 182.53 14.33
2058 8 85.35 26.84 14.05 20.45 153.69 12.79
2058 9 54.61 23.86 8.51 16.19 121.66 15.35
2058 10 166.86 16.35 4.5 10.42 69.9 11.85
2058 11 147.44 11.9 0.61 6.26 39.32 11.29
2058 12 272.03 4.16 -5.92 -0.88 20.07 10.08
2059 1 44.29 0.4 -10.84 -5.22 15.12 11.25
2059 2 95.71 1.84 -10.29 -4.23 20.66 12.13
2059 3 56.09 7.25 -3.66 1.79 42.63 10.91
2059 4 144.77 15.29 2.44 8.87 83.01 12.85
2059 5 70.16 22.89 7.24 15.06 141.67 15.65
2059 6 52.79 25.62 11.78 18.7 157.95 13.84
2059 7 84.16 30 15.11 22.55 188.58 14.89
2059 8 110.95 26.86 14.3 20.58 152.23 12.56
2059 9 124.11 24.36 10.54 17.45 118.81 13.81
2059 10 58.59 19.67 5.04 12.36 82.08 14.62
2059 11 108.56 10.55 -0.12 5.22 36.14 10.67
2059 12 98.04 3.5 -5.68 -1.09 18.8 9.19
2060 1 77.21 -1 -10.91 -5.95 13.37 9.91
2060 2 80.41 2.09 -9.6 -3.76 20.26 11.68
2060 3 129.76 6.13 -4.3 0.92 39.37 10.43
2060 4 90.62 15.29 1.74 8.51 83.42 13.55
2060 5 58.28 21.93 6.97 14.45 135.28 14.96
2060 6 66.14 26.78 11.47 19.12 167.75 15.31
2060 7 72.03 28.26 15 21.63 174.12 13.26
2060 8 101.02 27.38 14.23 20.81 157.3 13.15
2060 9 54.59 23.73 9.92 16.83 117.54 13.81
2060 10 128.72 17.83 2.91 10.37 78.28 14.92
2060 11 154.01 10.51 0.46 5.49 35.9 10.05
2060 12 167.29 3.05 -6.65 -1.79 18.62 9.7
2061 1 100.85 1.32 -10.47 -4.58 16.28 11.8
2061 2 18.89 2.66 -10.31 -3.82 21.23 12.96
2061 3 110.7 5.56 -5.88 -0.16 38.85 11.44
2061 4 89.43 12.49 0.36 6.43 72.66 12.13
2061 5 49.73 20.74 6.06 13.4 129.64 14.68
2061 6 44.11 26.95 12.56 19.76 165.43 14.39
2061 7 54.18 28.87 14.95 21.91 179.6 13.91
2061 8 106.37 28.41 13.17 20.79 169.25 15.24
2061 9 65.15 24.75 10.46 17.61 122.26 14.29
2061 10 42.51 18.61 4.1 11.36 79.89 14.51
2061 11 206.25 9.4 -0.29 4.55 33.84 9.68
2061 12 122.82 5.4 -5.36 0.02 21.83 10.76
2062 1 41.63 1.83 -8.76 -3.47 16.72 10.59
2062 2 73.41 1.19 -10.43 -4.62 18.96 11.62
2062 3 189.12 6.12 -4.49 0.81 39.47 10.6
2062 4 103.12 14.78 2.73 8.76 79.38 12.05
2062 5 158.84 20.37 7.43 13.9 123.65 12.94
2062 6 106.95 27.1 12.27 19.68 167.65 14.84
2062 7 62.91 28.3 14.58 21.44 176.21 13.71
2062 8 131.5 27.2 13.03 20.11 160.34 14.17
2062 9 80.47 23.78 10.76 17.27 115.58 13.02
2062 10 10.94 19.83 4.75 12.29 84.07 15.08
2062 11 106.9 11.07 0.77 5.92 37.04 10.3
2062 12 93.35 3.72 -5.78 -1.03 19.32 9.51
2063 1 31.19 0.16 -11.38 -5.61 14.84 11.54
2063 2 64.81 3.21 -8.28 -2.54 22.61 11.49
2063 3 86.66 6.11 -5.58 0.27 40.69 11.69
2063 4 107.91 14.31 1.54 7.92 79.81 12.77
2063 5 35.64 21.29 7.02 14.16 131.55 14.27
2063 6 117.31 25.6 12.12 18.86 156.52 13.47
2063 7 40.65 28.17 13.34 20.75 179.8 14.82
2063 8 42.84 27.94 13.36 20.65 164.31 14.58
2063 9 106.88 24.68 11.05 17.87 119.4 13.63
2063 10 22.8 20.53 3.51 12.02 87.55 17.02
2063 11 161.4 10.72 1.87 6.29 34.45 8.84
2063 12 174.41 3.32 -6.91 -1.8 19 10.23
2064 1 104.45 1.06 -9.1 -4.02 15.74 10.16
2064 2 117.43 2.15 -8.19 -3.02 20.06 10.34
2064 3 49.48 6.78 -4.82 0.98 41.65 11.6
2064 4 66.92 14.28 1.08 7.68 79.71 13.2
2064 5 96.21 19.98 7.01 13.49 122.23 12.97
2064 6 62.46 25.41 12.49 18.95 153.37 12.92
2064 7 72.13 28.75 14.41 21.58 180.85 14.35
2064 8 118.12 26.57 15.41 20.99 145.63 11.17
2064 9 189 22.4 10.72 16.56 107.27 11.68
2064 10 9.98 17.94 2.71 10.33 78.98 15.23
2064 11 79.58 9.63 -0.49 4.57 34.63 10.12
2064 12 135.17 4.4 -5.68 -0.64 20.35 10.08
2065 1 34.21 0.89 -10.21 -4.66 15.69 11.1
2065 2 32.01 1.26 -11.42 -5.08 19.12 12.68
2065 3 68.85 7.34 -4.28 1.53 42.9 11.62
2065 4 155.16 15.22 1.44 8.33 83.52 13.78
2065 5 91.34 21 5.83 13.42 131.87 15.17
2065 6 67.29 26.14 12.56 19.35 158.95 13.58
2065 7 56.15 28.4 13.48 20.94 181.46 14.92
2065 8 170.86 27.27 14.6 20.93 154.87 12.67
2065 9 367.08 22.87 11.68 17.27 107.2 11.19
2065 10 27.49 19.34 5.12 12.23 81.49 14.23
2065 11 73.13 10.29 -1.53 4.38 37.09 11.82
2065 12 102.6 3.55 -6.05 -1.25 19.15 9.6
2066 1 36.55 1.78 -9.34 -3.78 16.75 11.12
2066 2 76.77 1.38 -10.07 -4.35 19.21 11.45
2066 3 178.13 6.32 -3.7 1.32 39.4 10.02
2066 4 63.13 12.82 0.06 6.44 74.56 12.76
2066 5 96.62 20.84 6.58 13.71 129.04 14.26
2066 6 135.4 25.45 12.65 19.05 153.1 12.8
2066 7 79.63 29.6 15.8 22.7 182.44 13.8
2066 8 72.21 28.57 15.02 21.79 163.71 13.54
2066 9 56.93 23.01 9.06 16.03 115.43 13.95
2066 10 99.49 17.41 3.28 10.34 76.1 14.13
2066 11 91.96 10.12 -0.76 4.68 36.08 10.88
2066 12 123.44 3.25 -5.42 -1.09 18.38 8.67
2067 1 136.85 3.12 -7.59 -2.24 18.26 10.71
2067 2 31.85 1.46 -11.3 -4.92 20.12 12.76
2067 3 135.99 5.73 -4.72 0.5 38.97 10.45
2067 4 59.63 14.57 0.69 7.63 82.27 13.88
2067 5 68.85 21.34 7.41 14.38 130.87 13.93
2067 6 121.1 24.82 13.12 18.97 146.26 11.7
2067 7 122.39 26.57 14.73 20.65 160.31 11.85
2067 8 43.06 28.47 14.11 21.29 165.74 14.36
2067 9 120.7 23.04 9.97 16.5 112.43 13.06
2067 10 112.97 16.75 4.02 10.38 71.56 12.72
2067 11 122.05 9.93 0.63 5.28 33.84 9.3
2067 12 79.85 2.93 -7.73 -2.4 18.65 10.65
2068 1 46.73 1.8 -9.01 -3.6 16.73 10.81
2068 2 75.8 1.95 -10.97 -4.51 20.16 12.92
2068 3 121.88 7.35 -3.44 1.95 42.25 10.79
2068 4 77 13.17 0.82 6.99 75.05 12.36
2068 5 221.27 20.03 8.88 14.46 116.84 11.16
2068 6 113.43 25.39 13.06 19.22 150.95 12.33
2068 7 67.75 29.14 16.04 22.59 177.27 13.1
2068 8 31.75 28 13.94 20.97 163.33 14.06
2068 9 59.15 23.62 9.62 16.62 117.64 14
2068 10 46.53 18.73 3.59 11.16 81.07 15.14
2068 11 57.15 10.26 -0.76 4.75 36.41 11.02
2068 12 106.7 3.04 -6.36 -1.66 18.48 9.4
2069 1 52.14 2.3 -9.39 -3.55 17.46 11.69
2069 2 47.78 1.79 -9.03 -3.62 19.68 10.82
2069 3 115.77 5.36 -5.27 0.05 37.9 10.63
2069 4 151.86 14.36 1.4 7.88 79.62 12.96
2069 5 86 21.35 7.81 14.58 129.21 13.54
2069 6 103.3 25.75 12.69 19.22 155.33 13.06
2069 7 65.11 28.33 15.03 21.68 174.57 13.3
2069 8 49.56 27.55 13.31 20.43 162.12 14.24
2069 9 49.36 25.21 10.92 18.06 123.83 14.29
2069 10 76.09 17.94 3.86 10.9 77.47 14.08
2069 11 69.19 10.49 -0.93 4.78 37.12 11.42
2069 12 164.44 3.44 -5.41 -0.98 18.69 8.86
2070 1 66.84 2.72 -8.24 -2.76 17.84 10.96
2070 2 33.88 1.25 -10.14 -4.44 19.02 11.38
2070 3 77.05 6.23 -4.85 0.69 40.08 11.08
2070 4 86.03 14.44 1.42 7.93 79.97 13.03
2070 5 108.94 20.62 7.28 13.95 125.79 13.34
2070 6 73.18 25.21 12.24 18.72 152.72 12.97
2070 7 63.4 28.89 15.34 22.12 178.2 13.56
2070 8 142.79 27.7 13.79 20.75 161.49 13.9
2070 9 20.35 25.32 10.34 17.83 125.98 14.98
2070 10 62.32 17.91 3.76 10.84 77.51 14.15
2070 11 132.72 10.44 -0.66 4.89 36.76 11.09
2070 12 33.15 0.45 -9.7 -4.63 15.67 10.14
2071 1 144.56 1.14 -10.44 -4.65 16.04 11.57
2071 2 78.11 1.73 -10.5 -4.39 20.51 12.24
2071 3 95.6 7.4 -2.2 2.6 41.62 9.59
2071 4 156.27 14.97 1.96 8.46 82.23 13
2071 5 110.16 21.52 7.25 14.39 132.49 14.27
2071 6 47.89 24.66 11.41 18.03 151.74 13.26
2071 7 151.23 27.9 14.6 21.25 172.51 13.3
2071 8 142.28 27.13 14.86 21 152.11 12.27
2071 9 68.5 23.95 11.06 17.51 114.95 12.89
2071 10 64.38 17.21 3.5 10.36 74.21 13.71
2071 11 86.8 11.21 -0.73 5.24 38.28 11.94
2071 12 75.29 2.49 -7.21 -2.36 17.84 9.7
2072 1 58.47 2.28 -8.79 -3.26 17.34 11.06
2072 2 97.09 3.63 -7.59 -1.98 22.37 11.22
2072 3 121.42 5.92 -4.98 0.47 39.26 10.89
2072 4 110.31 14.99 2.09 8.54 81.46 12.9
2072 5 97.65 20.93 6.06 13.49 130.87 14.87
2072 6 210.93 25.38 12.52 18.95 153.06 12.87
2072 7 187.3 28.88 15.59 22.23 176.92 13.28
2072 8 73.93 26.66 12.73 19.7 157.23 13.93
2072 9 157.09 24.22 11.28 17.75 116.83 12.94
2072 10 61.36 19.48 5.38 12.43 81.67 14.1
2072 11 161.18 9.92 -0.64 4.64 35.47 10.56
2072 12 54.83 2.76 -7.24 -2.24 18.39 10.01
2073 1 66.73 2.12 -8.23 -3.06 16.99 10.34
2073 2 145.33 2.08 -8.62 -3.27 20.06 10.71
2073 3 78.62 5.87 -5.06 0.41 39.2 10.93
2073 4 117.53 14.02 1.61 7.82 77.71 12.41
2073 5 51 21 6.82 13.91 129.48 14.18
2073 6 77.39 25.78 12.38 19.08 156.78 13.4
2073 7 191.55 28.37 16.71 22.54 167.05 11.66
2073 8 135.11 27.15 13.72 20.44 157.45 13.43
2073 9 111.82 23.31 10.62 16.96 113.14 12.69
2073 10 76.96 17.14 3.72 10.43 74.39 13.42
2073 11 146.81 11.13 0.16 5.65 37.78 10.97
2073 12 133.86 2.42 -8.69 -3.13 18.26 11.11
2074 1 56.47 0.32 -10.84 -5.26 15.02 11.16
2074 2 24.73 1.69 -9.75 -4.03 19.65 11.44
2074 3 101.25 5.72 -4.56 0.58 38.38 10.29
2074 4 120.67 14.38 1.65 8.01 79.29 12.73
2074 5 91.34 20.29 7.35 13.82 123.37 12.94
2074 6 150.02 24.59 12.55 18.57 146.52 12.04
2074 7 21.67 27.42 13.33 20.38 173.73 14.09
2074 8 62.22 27.19 12.86 20.02 160.9 14.34
2074 9 68.75 23.99 9.89 16.94 119.15 14.1
2074 10 114.38 17.89 4.27 11.08 76.65 13.61
2074 11 119.35 9.54 -1.43 4.06 35.21 10.97
2074 12 93.28 2.59 -7.19 -2.3 18.11 9.78
2075 1 32.66 1.84 -9.72 -3.94 16.89 11.56
2075 2 86.28 1.05 -9.59 -4.27 19.3 10.65
2075 3 17.65 7.04 -4.51 1.27 42.68 11.55
2075 4 58.91 13.66 0.58 7.12 78.26 13.08
2075 5 38.33 21.88 6.06 13.97 137.67 15.81
2075 6 154.12 26.04 13.19 19.62 155.99 12.85
2075 7 164.47 28.14 15.42 21.78 170.98 12.72
2075 8 73.94 26.19 14.12 20.16 147.61 12.08
2075 9 129.26 22.94 9.9 16.42 112.07 13.04
2075 10 83.29 16.83 3.39 10.11 72.82 13.44
2075 11 111.35 11.24 -0.39 5.43 38.09 11.64
2075 12 14.79 1.71 -7.88 -3.08 16.91 9.58
2076 1 126.09 1.81 -8.9 -3.55 16.72 10.71
2076 2 57.74 3.1 -7.85 -2.38 21.53 10.95
2076 3 85.22 6.83 -4.51 1.16 41.58 11.34
2076 4 86.25 14.72 1.29 8 81.44 13.43
2076 5 159.9 20.55 7.51 14.03 124.63 13.04
2076 6 117.99 25.47 12.39 18.93 154.23 13.08
2076 7 74.33 28.95 15.56 22.25 177.71 13.39
2076 8 132.99 27.12 14.27 20.7 155.04 12.85
2076 9 34.38 24.34 8.9 16.62 123.55 15.44
2076 10 51.91 18.2 3.66 10.93 78.81 14.54
2076 11 59.22 10.56 -1.19 4.68 37.5 11.76
2076 12 75.92 1.58 -8.51 -3.46 17 10.08
2077 1 92.05 1.38 -8.57 -3.59 16.07 9.95
2077 2 169.27 1.54 -9.47 -3.96 19.37 11.01
2077 3 199.32 5.32 -4.27 0.53 36.94 9.58
2077 4 117.98 16.18 2.71 9.45 86.12 13.47
2077 5 117.49 20.91 6.83 13.87 128.91 14.09
2077 6 69.85 25.21 11.58 18.39 155.16 13.63
2077 7 70.45 28.77 14.55 21.66 180.41 14.22
2077 8 89.08 26.47 13.62 20.05 152.4 12.85
2077 9 59.86 24.05 10.63 17.34 117.6 13.42
2077 10 157.4 18.21 4.23 11.22 78.04 13.97
2077 11 155.52 10.35 0.84 5.59 35.11 9.52
2077 12 86.73 3.36 -6.62 -1.63 19.09 9.98
2078 1 55.96 0.79 -11.04 -5.12 15.62 11.83
2078 2 44.29 1.93 -9.36 -3.72 19.97 11.29
2078 3 116.23 6.99 -5.01 0.99 42.39 12
2078 4 81.42 14.65 1.22 7.94 81.22 13.43
2078 5 111.78 21.3 7.52 14.41 129.63 13.77
2078 6 78.89 25.73 12.64 19.19 155.39 13.09
2078 7 83.37 28.48 15.3 21.89 174.67 13.17
2078 8 13.15 27.9 14.16 21.03 161.74 13.74
2078 9 123.87 24.69 10.4 17.55 122.06 14.29
2078 10 126.95 17.31 4.22 10.77 74.36 13.09
2078 11 64.54 9.82 -1.92 3.95 36.25 11.74
2078 12 72.21 2.59 -7.3 -2.36 18.14 9.88
2079 1 72.31 0.67 -10.17 -4.75 15.4 10.84
2079 2 107.94 1.07 -10.7 -4.82 19.47 11.77
2079 3 73.52 5.63 -5.79 -0.08 39.44 11.42
2079 4 82.38 13.82 1.5 7.66 77.57 12.32
2079 5 86.14 20.23 6.73 13.48 125.23 13.5
2079 6 94.25 25.38 12.8 19.09 152.16 12.58
2079 7 42.37 27.94 14.52 21.23 173.22 13.42
2079 8 125.39 27.22 14.07 20.64 155.97 13.14
2079 9 180.6 23.57 11.05 17.31 112.67 12.52
2079 10 154.33 16.31 3.65 9.98 70.36 12.66
2079 11 92.92 10.42 -0.97 4.72 36.54 11.39
2079 12 33.39 2.24 -7.8 -2.78 17.65 10.03
2080 1 81.28 1.84 -7.86 -3.01 16.51 9.7
2080 2 41.86 1.8 -9.97 -4.09 19.85 11.77
2080 3 122.72 7.92 -2.85 2.54 43.46 10.77
2080 4 74.79 14.12 0.5 7.31 79.82 13.63
2080 5 165.17 20.95 7.24 14.09 128.07 13.71
2080 6 122.75 26.01 12.59 19.3 157.79 13.42
2080 7 28.93 29 14.64 21.82 182.09 14.37
2080 8 96.52 27.48 14.25 20.87 158 13.23
2080 9 64.01 22.62 8.95 15.78 113.43 13.67
2080 10 152.66 16.79 3.21 10 73.7 13.58
2080 11 154.29 9.04 -0.41 4.31 33.06 9.44
2080 12 97.12 4.96 -4.74 0.11 20.84 9.7
