YEAR MONTH PRCP TMAX TMIN TAVG ET DIF
2000 1 73.44 2.97 -7.99 -2.51 18.19 10.97
2000 2 44.49 1.84 -10.67 -4.42 20.01 12.5
2000 3 83.99 5.31 -5.41 -0.05 37.9 10.72
2000 4 154.81 12.33 0.81 6.57 71.25 11.51
2000 5 110.06 19.02 4.07 11.55 123.07 14.95
2000 6 53.17 24.97 11.47 18.22 153.67 13.5
2000 7 56.4 27.7 13.6 20.65 175.07 14.1
2000 8 55.88 26.53 11.94 19.23 158.94 14.59
2000 9 112.88 23.73 10.7 17.22 115.51 13.03
2000 10 151.25 16.93 3.62 10.27 73.76 13.31
2000 11 81.55 9.81 -1.21 4.3 35.75 11.02
2000 12 119.38 1.08 -7.84 -3.38 16.13 8.92
2001 1 140.28 1.59 -8.39 -3.4 16.34 9.98
2001 2 53.32 -0.42 -12.22 -6.32 16.68 11.81
2001 3 111.57 6.8 -5.01 0.9 41.9 11.81
2001 4 42.28 14.27 0.8 7.54 80.12 13.47
2001 5 72.57 21.61 6.4 14.01 134.56 15.21
2001 6 85.57 25.3 12.34 18.82 153.09 12.96
2001 7 129.48 28.04 14.76 21.4 173.22 13.28
2001 8 200.43 24.65 11.67 18.16 145.57 12.98
2001 9 55.32 22.82 9.02 15.92 114.46 13.79
2001 10 165.76 16.25 3.99 10.12 70.39 12.26
2001 11 117.29 8.84 -1.84 3.5 33.92 10.68
2001 12 182.53 1.61 -10.15 -4.27 17.38 11.76
2002 1 163.1 1.76 -8.63 -3.44 16.64 10.39
2002 2 68.01 1.2 -10.83 -4.82 19.04 12.03
2002 3 93.13 6.39 -5.58 0.4 41.07 11.98
2002 4 126.25 12.48 0.26 6.37 72.79 12.22
2002 5 83.76 20.47 5.97 13.22 128.15 14.5
2002 6 52.71 25.18 11.61 18.4 154.87 13.58
2002 7 140.41 27.74 13.47 20.6 175.91 14.27
2002 8 70.94 26.85 13.02 19.93 157.65 13.82
2002 9 47.88 21.85 8 14.93 111.3 13.85
2002 10 103.89 18.28 4.33 11.31 78.26 13.94
2002 11 56.07 8.37 -3.97 2.2 34.24 12.34
2002 12 117.66 2.09 -7.87 -2.89 17.62 9.96
2003 1 90.3 0.89 -10.28 -4.7 15.73 11.17
2003 2 58.93 1.18 -10.31 -4.57 19.64 11.49
2003 3 219.69 5.38 -5.28 0.05 38.44 10.66
2003 4 82.06 16.32 1.67 8.99 89.08 14.64
2003 5 42.77 21.77 6.11 13.94 136.88 15.66
2003 6 106.68 24.67 12.21 18.44 148.81 12.46
2003 7 128.87 27.29 13.99 20.64 169.76 13.29
2003 8 84.48 26.19 12.92 19.55 152.3 13.27
2003 9 73.01 22.95 9.9 16.42 112.18 13.05
2003 10 30.06 18.53 3.89 11.21 79.1 14.65
2003 11 83.98 10.75 -1.26 4.75 37.63 12.01
2003 12 54.42 1.27 -8.38 -3.55 16.46 9.65
2004 1 55.93 0.15 -11.06 -5.46 14.85 11.21
2004 2 57.14 2.6 -9.81 -3.61 21.14 12.41
2004 3 133.15 6.35 -3.8 1.28 39.62 10.15
2004 4 144.34 12.25 0.26 6.26 71.75 11.98
2004 5 64.87 20.07 5.61 12.84 126.4 14.46
2004 6 22.06 25.53 10.97 18.25 159.72 14.56
2004 7 50.17 27.37 13.07 20.22 174.32 14.3
2004 8 82.48 27.05 12.91 19.98 159.63 14.14
2004 9 77.36 23.96 10.1 17.03 118.52 13.86
2004 10 152.86 17.69 5.8 11.75 73.35 11.89
2004 11 60.97 7.52 -3.18 2.17 31.84 10.7
2004 12 160.18 2.69 -6.17 -1.74 17.9 8.86
2005 1 65.68 0.64 -10.79 -5.08 15.46 11.44
2005 2 34.87 1.54 -10.33 -4.4 19.52 11.87
2005 3 114.27 4.38 -6.62 -1.12 36.07 11.01
2005 4 82.98 11.77 -0.72 5.52 71.02 12.49
2005 5 166.5 18.02 5.81 11.92 112.64 12.21
2005 6 70.63 25.31 11.07 18.19 157.71 14.24
2005 7 84.31 27.28 13.9 20.59 170.25 13.38
2005 8 111.76 24.55 12.93 18.74 139.96 11.62
2005 9 66.04 23.52 9.75 16.63 116.82 13.78
2005 10 86.36 17.89 3.82 10.85 77.42 14.08
2005 11 112.45 9.95 -1.23 4.36 36.1 11.18
2005 12 89.18 2.47 -6.45 -1.99 17.68 8.92
2006 1 43.76 -0.82 -11.52 -6.17 13.67 10.7
2006 2 78.14 2.42 -8.72 -3.15 20.67 11.14
2006 3 170.8 6.44 -4.14 1.15 40.18 10.58
2006 4 69.64 12.96 -1.06 5.95 76.64 14.03
2006 5 45.66 20.76 5.09 12.93 131.9 15.66
2006 6 72.1 24.67 11.71 18.19 150.44 12.96
2006 7 45.49 27.45 13.1 20.28 174.87 14.35
2006 8 43.79 27.26 13.33 20.3 159.81 13.94
2006 9 91.38 22.11 9.25 15.68 109.74 12.86
2006 10 208.44 16.73 3.61 10.17 72.98 13.13
2006 11 100.89 8.57 -1.72 3.43 33.18 10.29
2006 12 40.02 0.69 -9.52 -4.41 16.02 10.22
2007 1 50.59 1.15 -10.09 -4.47 16.06 11.25
2007 2 64.18 2 -9.23 -3.62 20.81 11.23
2007 3 157.78 5.05 -6.48 -0.71 38.28 11.54
2007 4 109.09 12.43 -0.84 5.8 74.7 13.27
2007 5 27.63 21.16 6.3 13.73 132.48 14.86
2007 6 71.68 26.55 11.18 18.86 167.22 15.38
2007 7 215.89 28.01 14.55 21.28 173.65 13.46
2007 8 52.06 25.92 12.79 19.36 150.7 13.13
2007 9 237.3 22.03 10.39 16.21 105.27 11.64
2007 10 23.65 17.64 2.34 9.99 77.46 15.31
2007 11 123.69 9.87 -1.25 4.31 35.51 11.12
2007 12 65.31 1.33 -9.74 -4.2 16.83 11.07
2008 1 103.63 1.69 -8.68 -3.49 16.55 10.36
2008 2 133.29 0.79 -10.01 -4.61 18.33 10.8
2008 3 95.18 4.66 -6.02 -0.68 36.5 10.69
2008 4 92.52 12.89 0.09 6.49 74.89 12.8
2008 5 83.95 19.94 5.66 12.8 125.39 14.27
2008 6 76.75 26.06 11.41 18.73 162.35 14.65
2008 7 63.03 26.87 13.2 20.04 169.61 13.67
2008 8 102.95 26.52 13.49 20 153.33 13.03
2008 9 99.02 22.83 9.71 16.27 112.77 13.12
2008 10 42.81 17.48 1.79 9.63 78.24 15.68
2008 11 136.56 10.18 -1.71 4.23 37.02 11.89
2008 12 83.44 0.32 -10.27 -4.97 15.63 10.59
2009 1 79.08 0.91 -10.4 -4.75 15.77 11.31
2009 2 97.47 1.89 -9.31 -3.71 19.95 11.21
2009 3 169.08 6.96 -3.96 1.5 41.58 10.92
2009 4 64.78 14.48 0.03 7.26 82.09 14.45
2009 5 54.28 18.33 4.73 11.53 117.34 13.6
2009 6 40.98 25.82 12.77 19.3 155.56 13.04
2009 7 188.37 27.03 14.68 20.85 164.67 12.34
2009 8 93.45 26.23 14.2 20.22 148.17 12.03
2009 9 160.35 23.33 8.4 15.87 118.85 14.92
2009 10 21.09 15.39 1.26 8.32 70.72 14.13
2009 11 72.17 9.29 -1.9 3.69 35.04 11.19
2009 12 23.62 2.95 -8.1 -2.58 18.95 11.05
2010 1 127.29 -0.89 -11.37 -6.13 13.57 10.48
2010 2 51.11 1.09 -11.14 -5.03 18.88 12.23
2010 3 92.81 6.68 -4.96 0.86 41.5 11.64
2010 4 172.07 13.79 0.9 7.35 77.79 12.89
2010 5 96.51 19.01 5.6 12.31 119.58 13.41
2010 6 122.58 25.56 11.9 18.73 156.77 13.66
2010 7 133.99 25.96 13.27 19.61 161.58 12.69
2010 8 212.06 24.68 11.88 18.28 145.06 12.8
2010 9 37.5 23.62 9.09 16.36 118.98 14.52
2010 10 124.34 16.95 4.16 10.55 73.03 12.79
2010 11 90.93 10.85 -0.8 5.02 37.98 11.66
2010 12 118.56 3.59 -7.29 -1.85 19.7 10.88
2011 1 84.56 1.32 -9.59 -4.14 16.21 10.91
2011 2 68.37 1.63 -10.42 -4.4 20.37 12.05
2011 3 50.71 5.64 -6.65 -0.5 39.99 12.29
2011 4 134.46 12.05 -0.29 5.88 72.25 12.33
2011 5 131.89 19.39 5.7 12.54 122.36 13.69
2011 6 111.55 23.98 11.48 17.73 146.04 12.49
2011 7 115.58 27.51 14.04 20.77 171.5 13.47
2011 8 254.66 26.25 14.37 20.31 147.01 11.88
2011 9 76.43 23.19 8.65 15.92 116.67 14.54
2011 10 100.68 16.48 3.7 10.09 71.03 12.78
2011 11 113.9 9.9 -0.93 4.48 35.31 10.82
2011 12 24.3 3.09 -7.83 -2.37 18.97 10.92
2012 1 120.37 -1.16 -13.52 -7.34 13.21 12.36
2012 2 66.45 0.27 -11.81 -5.77 17.67 12.08
2012 3 17.9 5.52 -7.3 -0.89 39.48 12.82
2012 4 190.3 11.23 -0.12 5.55 67.78 11.34
2012 5 184.32 19.8 7.32 13.56 120.15 12.48
2012 6 79 25.23 12.53 18.88 151.78 12.7
2012 7 38.75 27.8 13.34 20.57 176.9 14.46
2012 8 86.7 25.47 12.38 18.92 149.34 13.09
2012 9 71.51 22.76 7.85 15.31 116.81 14.9
2012 10 122.77 16.09 1.82 8.95 72.79 14.27
2012 11 87.12 8.15 -3.29 2.43 33.35 11.44
2012 12 65.22 0.51 -8.82 -4.15 15.6 9.32
2013 1 159.31 -0.79 -12.15 -6.47 13.72 11.37
2013 2 92.44 1.46 -10.44 -4.49 19.42 11.91
2013 3 96.97 5.88 -5.66 0.11 39.66 11.54
2013 4 193.2 12.6 0.99 6.79 72.2 11.61
2013 5 111.98 19.57 4.2 11.89 126.25 15.37
2013 6 106.58 25.38 11.26 18.32 157.56 14.11
2013 7 62.73 28.11 14.79 21.45 173.73 13.33
2013 8 242.55 26.29 14.12 20.2 148.99 12.17
2013 9 95.07 21.06 9.14 15.1 103.81 11.92
2013 10 59.1 16.79 2.4 9.59 74.83 14.39
2013 11 104.14 9.26 -0.57 4.35 33.83 9.83
2013 12 103.92 0.69 -8.93 -4.12 15.89 9.62
2014 1 149.45 0.78 -10 -4.61 15.57 10.78
2014 2 110.59 0.25 -9.23 -4.49 17.33 9.48
2014 3 84.09 5.94 -5.57 0.18 39.78 11.51
2014 4 104.12 13.2 0.12 6.66 76.23 13.08
2014 5 186.55 21.2 6.17 13.69 132.45 15.04
2014 6 116.29 25.13 11.27 18.2 155.61 13.86
2014 7 213.75 27.07 14.65 20.86 165.19 12.42
2014 8 49.56 27.4 12.85 20.12 162.57 14.55
2014 9 103.63 21.05 7.55 14.3 107.81 13.5
2014 10 188.91 17.05 4.09 10.57 73.54 12.96
2014 11 126.86 9.24 -1.49 3.88 34.58 10.72
2014 12 168.06 2.97 -6.03 -1.53 18.28 9
2015 1 99.21 1.53 -8.83 -3.65 16.36 10.36
2015 2 40.62 1.64 -10.11 -4.24 20.37 11.75
2015 3 29.24 4.77 -7.26 -1.24 37.87 12.03
2015 4 52.55 11.41 -1.35 5.03 70.83 12.75
2015 5 81.01 21.62 6.44 14.03 135.15 15.18
2015 6 63.06 25.42 12.06 18.74 155.31 13.36
2015 7 115.72 27.27 14.38 20.82 167.96 12.89
2015 8 72.75 26.03 12.53 19.28 152.48 13.5
2015 9 18.7 23.32 7.85 15.58 119.12 15.47
2015 10 147.82 15.84 3.61 9.73 68.6 12.23
2015 11 73.8 8.38 -1.6 3.39 32.24 9.98
2015 12 195.02 2.12 -6.95 -2.42 17.24 9.07
2016 1 104.85 1.72 -9.21 -3.74 16.7 10.93
2016 2 28.83 2.39 -10.06 -3.83 20.84 12.46
2016 3 50.08 5.13 -6.81 -0.84 38.21 11.94
2016 4 130.13 13.05 0.45 6.75 75.09 12.6
2016 5 90.41 20.45 5.38 12.92 129.35 15.07
2016 6 65.59 24.92 12.09 18.51 151.01 12.83
2016 7 66.29 27.45 13.41 20.43 173.67 14.04
2016 8 23.65 26.75 11.02 18.88 163.5 15.73
2016 9 125.42 22.43 9.43 15.93 111.19 13.01
2016 10 72.18 18.06 4.72 11.39 76.79 13.34
2016 11 140.76 9.45 -1.62 3.92 35.21 11.07
2016 12 64.06 1.17 -8.89 -3.86 16.56 10.07
2017 1 110.69 1.63 -8.74 -3.56 16.48 10.37
2017 2 89.12 3.71 -7.19 -1.74 22.41 10.9
2017 3 72.24 7.7 -3.76 1.97 43.64 11.46
2017 4 117.48 13.44 1.45 7.44 75.31 11.99
2017 5 70.8 19.28 6.09 12.69 120.1 13.19
2017 6 85.29 26.31 12.88 19.59 159.11 13.43
2017 7 97.39 26.97 14.64 20.8 164.38 12.33
2017 8 80.13 26.62 13.05 19.84 155.79 13.57
2017 9 171.68 23.01 9.69 16.35 113.89 13.32
2017 10 56.79 16.03 1.9 8.97 72.45 14.13
2017 11 182.74 10.38 -0.66 4.86 36.67 11.03
2017 12 154.3 3.52 -5.46 -0.97 18.89 8.98
2018 1 245.5 2.17 -8.95 -3.39 17.26 11.12
2018 2 121.94 2.83 -7.5 -2.34 21.01 10.33
2018 3 33.7 5.71 -6.57 -0.43 39.69 12.28
2018 4 178.65 12.9 0.81 6.85 73.87 12.09
2018 5 80.43 19.66 5.29 12.48 124.49 14.37
2018 6 28.2 25.7 11.28 18.49 160.01 14.42
2018 7 43.59 27.78 13.96 20.87 174.35 13.83
2018 8 134.72 26.71 13.72 20.21 154.01 13
2018 9 75.19 22.29 9.47 15.88 110.24 12.82
2018 10 122.05 16.39 2.6 9.49 73 13.79
2018 11 151.89 9.24 -1.03 4.11 34.22 10.28
2018 12 101.99 2.77 -7.47 -2.35 18.51 10.24
2019 1 71.38 -0.29 -11.52 -5.9 14.32 11.23
2019 2 95.58 2.09 -8.11 -3.01 20.68 10.2
2019 3 84.98 6.47 -4.6 0.93 41.11 11.07
2019 4 151.66 12.99 1.53 7.26 73.72 11.46
2019 5 48.04 21.17 6.61 13.89 131.79 14.56
2019 6 88.75 26.27 11.4 18.83 164.29 14.87
2019 7 44.22 27.88 14.1 20.99 174.36 13.77
2019 8 71.12 26.68 13.41 20.05 154.31 13.27
2019 9 43.52 22.49 8.69 15.59 112.53 13.8
2019 10 100.86 15.11 2.87 8.99 66.78 12.24
2019 11 153.51 8.51 -1.33 3.59 32.33 9.85
2019 12 39.73 0.93 -8.49 -3.78 16.01 9.42
2020 1 85.17 2.25 -9.14 -3.45 17.4 11.38
2020 2 44.96 1.81 -10.11 -4.15 19.92 11.92
2020 3 152.39 3.23 -7.08 -1.92 33.25 10.31
2020 4 89.22 12.01 -0.12 5.95 71.25 12.13
2020 5 66.43 19.53 5.39 12.46 123.43 14.14
2020 6 93.63 24.65 11.66 18.16 150.5 13
2020 7 59.69 28.13 13.53 20.83 179.02 14.61
2020 8 55.17 26.76 12.75 19.76 158 14.02
2020 9 201.3 22.09 8.56 15.33 111.36 13.53
2020 10 207.68 16.83 3.41 10.12 73.66 13.42
2020 11 38.15 8.6 -3.57 2.51 34.53 12.17
2020 12 29.18 0.96 -8.68 -3.86 16.2 9.64
2021 1 31.15 0.36 -10.29 -4.96 15.06 10.66
2021 2 27.3 0.61 -11.09 -5.24 18.17 11.71
2021 3 119 4.98 -5.34 -0.18 36.89 10.31
2021 4 33.23 12.64 -1.33 5.65 75.54 13.97
2021 5 65.37 18.22 5.25 11.74 115.38 12.97
2021 6 44.09 24.8 10.92 17.86 154.27 13.88
2021 7 30.15 28.04 14.32 21.18 175.12 13.73
2021 8 46.87 26.15 12.78 19.46 153.11 13.37
2021 9 67.13 24.12 8.48 16.3 123.22 15.63
2021 10 104.16 16.34 3.5 9.92 71.55 12.85
2021 11 111.72 9.91 -1.02 4.45 35.84 10.93
2021 12 79.83 0.77 -9.68 -4.46 16.15 10.44
2022 1 15.8 -0.66 -11.99 -6.33 13.88 11.34
2022 2 87.96 2.18 -9.17 -3.49 20.37 11.34
2022 3 104.81 4.82 -6.75 -0.97 37.33 11.57
2022 4 22.05 13.49 -0.32 6.58 78.06 13.8
2022 5 85.35 20.67 5.4 13.03 130.68 15.27
2022 6 18.35 25.88 10.71 18.29 163.22 15.17
2022 7 84.29 27.3 14.1 20.7 169.57 13.2
2022 8 108.62 27.79 13.32 20.56 163.96 14.47
2022 9 151.73 23.17 10.29 16.73 113.27 12.88
2022 10 40.86 17.68 2.3 9.99 78.47 15.37
2022 11 144.22 10.09 -0.87 4.61 36.14 10.96
2022 12 101.67 3.86 -6.02 -1.08 19.68 9.88
2023 1 110.25 0.01 -10.35 -5.17 14.61 10.36
2023 2 99.87 1.57 -9.27 -3.85 20.11 10.83
2023 3 103.69 5.81 -5.58 0.12 39.89 11.39
2023 4 62.39 13.47 1.08 7.28 76.67 12.39
2023 5 74.58 19.81 4.97 12.39 126.76 14.84
2023 6 86.32 25.19 11.28 18.23 156.3 13.91
2023 7 133.99 26.03 13.74 19.88 160.03 12.29
2023 8 82.39 26.73 13.27 20 155.2 13.46
2023 9 94.29 22.63 8.63 15.63 113.49 14
2023 10 137.91 16.46 4 10.23 70.5 12.46
2023 11 44.04 9.68 -0.36 4.66 34.27 10.04
2023 12 61.96 0.54 -9.68 -4.57 15.74 10.22
2024 1 97.3 -1.35 -13.34 -7.34 13.01 12
2024 2 74.71 2.4 -10.03 -3.82 20.84 12.43
2024 3 64.54 6.74 -4.45 1.14 41.31 11.19
2024 4 118.26 11.27 0.04 5.65 67.75 11.24
2024 5 66.55 19.83 5.2 12.52 125.76 14.63
2024 6 81.6 23.92 10.99 17.46 147.21 12.93
2024 7 71.31 27.03 13.61 20.32 169.32 13.42
2024 8 83.45 25.73 12.75 19.24 149.94 12.98
2024 9 115.54 23.61 9.11 16.36 118.87 14.5
2024 10 99.82 16.37 3.46 9.91 71.69 12.9
2024 11 83.99 7.33 -2.11 2.61 30.57 9.45
2024 12 151.46 2.29 -7.69 -2.7 17.87 9.98
2025 1 107.93 -1.12 -12.35 -6.73 13.33 11.24
2025 2 64.19 1.09 -11.07 -4.99 18.89 12.16
2025 3 107.45 6.33 -3.41 1.46 39.19 9.74
2025 4 94.43 13.94 0.3 7.12 79.28 13.64
2025 5 109.9 19.51 7.17 13.34 118.67 12.34
2025 6 70.67 24.69 10.42 17.55 155.08 14.27
2025 7 184.21 27.21 13.96 20.58 169.42 13.25
2025 8 131.89 26.34 13.13 19.74 153.32 13.21
2025 9 211.66 22.97 9.96 16.47 112.95 13.01
2025 10 155.41 17.12 3.31 10.22 74.97 13.81
2025 11 90.44 10.1 -2.47 3.81 37.34 12.57
2025 12 275.85 2.21 -6.96 -2.38 17.49 9.17
2026 1 100.4 -0.31 -11.44 -5.87 14.29 11.12
2026 2 28.27 1.05 -11.7 -5.33 18.83 12.75
2026 3 107.05 5.97 -4.26 0.85 38.91 10.23
2026 4 31.25 13.6 0.12 6.86 78 13.48
2026 5 114.15 19.61 6.19 12.9 122.02 13.43
2026 6 50.71 25.19 10.09 17.64 159.94 15.11
2026 7 52.16 28.02 14.39 21.21 174.57 13.62
2026 8 145.74 25.79 13.58 19.68 147.15 12.2
2026 9 192.04 21.92 10.02 15.97 106.45 11.89
2026 10 68.24 17.75 4.1 10.93 76.44 13.65
2026 11 80.7 10.59 -1.66 4.47 37.97 12.25
2026 12 107.18 2.76 -7.05 -2.14 18.36 9.81
2027 1 69.23 0.63 -10.09 -4.73 15.38 10.72
2027 2 38.03 0.74 -11.62 -5.44 19.02 12.36
2027 3 60.5 6.67 -6.27 0.2 42.69 12.94
2027 4 97.66 12.48 0.32 6.4 73.33 12.16
2027 5 141.57 19.38 5.76 12.57 122.19 13.62
2027 6 38.64 26.11 11.82 18.96 161.6 14.28
2027 7 122.29 27.31 13.62 20.46 171.5 13.69
2027 8 112.96 26.71 13.41 20.06 154.51 13.3
2027 9 78.1 23.36 9.33 16.34 116.05 14.04
2027 10 95.34 18.29 5.49 11.89 75.69 12.8
2027 11 117.39 9.45 -1.4 4.02 34.61 10.85
2027 12 112.01 1.77 -8.04 -3.14 17.08 9.81
2028 1 73.49 2.27 -9.66 -3.7 17.51 11.93
2028 2 76.83 2.01 -9.47 -3.73 20.16 11.48
2028 3 91.19 6.41 -5.44 0.48 41.02 11.84
2028 4 178.73 13.24 1.45 7.34 74.38 11.79
2028 5 90.01 18.95 5.79 12.37 118.71 13.16
2028 6 113.6 23.73 10.26 17 148.28 13.47
2028 7 65 27.56 13.79 20.67 173.12 13.77
2028 8 50.45 27.46 12.9 20.18 162.88 14.56
2028 9 194.33 22.12 9.54 15.83 109.03 12.58
2028 10 91.52 16.89 3.77 10.34 73.39 13.12
2028 11 115.56 11.13 -1.01 5.06 38.82 12.14
2028 12 132.7 1.94 -7.8 -2.93 17.38 9.75
2029 1 99.14 1.21 -8.07 -3.43 15.73 9.28
2029 2 82.51 -0.83 -12.61 -6.72 16.08 11.78
2029 3 160.66 5.62 -4.66 0.48 38.2 10.28
2029 4 101.44 13.24 -0.35 6.45 77.01 13.59
2029 5 68.17 19.43 5.22 12.33 123.18 14.21
2029 6 130.66 25.58 11.97 18.77 156.71 13.62
2029 7 66.88 27.83 13.7 20.77 175.76 14.13
2029 8 96.26 26.59 12.36 19.48 157.99 14.23
2029 9 42.05 22.11 9.14 15.63 110.03 12.97
2029 10 115.47 17.31 4.46 10.88 74.03 12.85
2029 11 166.83 8.5 -2.45 3.02 33.58 10.95
2029 12 74.11 2.43 -7.62 -2.59 18.06 10.05
2030 1 43.82 -0.61 -10.74 -5.67 13.87 10.14
2030 2 76.67 1.36 -9.88 -4.26 19.2 11.24
2030 3 67.73 5.95 -5.47 0.24 39.73 11.41
2030 4 165.21 14.6 1.24 7.92 80.99 13.35
2030 5 83.4 22.3 7.21 14.76 137.18 15.09
2030 6 125.58 26.89 12.05 19.47 166.72 14.84
2030 7 72.92 27.58 14.43 21 170.59 13.15
2030 8 91.89 26.06 13.2 19.63 150.81 12.86
2030 9 83.77 22.32 8.18 15.25 113.57 14.14
2030 10 144.52 16.1 4.31 10.2 69.26 11.79
2030 11 106.88 10.09 -1.42 4.34 36.6 11.51
2030 12 161.83 4.2 -6.72 -1.26 20.47 10.92
2031 1 35.67 1.21 -9.54 -4.17 16.06 10.75
2031 2 64.38 1.18 -10.36 -4.59 19.65 11.54
2031 3 69.2 5 -6.21 -0.61 37.97 11.21
2031 4 72.47 12.74 -0.09 6.33 75.08 12.83
2031 5 141.86 20.15 6.33 13.24 125.74 13.81
2031 6 119.3 23.71 10.88 17.3 146.22 12.83
2031 7 95.26 28.58 14.44 21.51 179.04 14.14
2031 8 68.08 27.48 13.93 20.71 158.68 13.55
2031 9 137.49 21.6 8.36 14.98 108.2 13.24
2031 10 108.52 16.45 3.86 10.15 70.65 12.58
2031 11 81.22 10.08 -0.84 4.62 35.68 10.92
2031 12 128.37 2.69 -8.1 -2.71 18.44 10.79
2032 1 58.71 -0.15 -11.81 -5.98 14.5 11.66
2032 2 104.24 2.35 -8.64 -3.15 20.54 10.99
2032 3 180.47 5.11 -4.47 0.32 36.58 9.58
2032 4 105.08 13.46 1.75 7.61 74.91 11.71
2032 5 163.16 18.68 5.78 12.23 117 12.9
2032 6 116.38 25.47 11.81 18.64 156.38 13.66
2032 7 104.7 27.83 14.05 20.94 174.38 13.78
2032 8 67.94 26.84 12.52 19.68 159.36 14.32
2032 9 120.2 22.67 9.28 15.98 112.95 13.39
2032 10 92.85 16.04 2.91 9.48 71.19 13.14
2032 11 69.76 9.98 -1.91 4.04 36.69 11.89
2032 12 45.93 1.86 -9.26 -3.7 17.61 11.12
2033 1 166.51 -1.14 -12.4 -6.77 13.3 11.26
2033 2 91.17 1.27 -9.41 -4.07 18.96 10.67
2033 3 151.56 8.71 -4.23 2.24 47 12.94
2033 4 99.29 13.29 0.84 7.06 75.58 12.45
2033 5 104.87 20.96 6.2 13.58 130.77 14.76
2033 6 81.4 24.75 11.61 18.18 151.47 13.15
2033 7 96.01 27.04 13.34 20.19 170.53 13.7
2033 8 96.89 27.51 12.54 20.03 164.44 14.97
2033 9 104.18 23.29 9.38 16.33 116.36 13.91
2033 10 71.36 17.91 3.9 10.9 77.36 14
2033 11 156.01 10.96 -0.4 5.28 37.9 11.35
2033 12 95.27 1.18 -9.41 -4.12 16.68 10.59
2034 1 70.55 -0.72 -11.96 -6.34 13.81 11.24
2034 2 133.83 2.06 -8.9 -3.42 20.13 10.96
2034 3 170.35 5.3 -5.05 0.13 37.62 10.36
2034 4 79.38 12.29 -0.63 5.83 73.19 12.92
2034 5 82.1 20.31 5.45 12.88 128.28 14.86
2034 6 75.82 27.04 13.94 20.49 160.91 13.1
2034 7 187.01 27.58 14.23 20.91 171.47 13.35
2034 8 148.85 26.69 13.39 20.04 155.05 13.3
2034 9 61.15 22.72 9.92 16.32 111.55 12.8
2034 10 82.49 18.86 4.5 11.68 80.48 14.37
2034 11 98.38 10.29 -1.8 4.24 37.34 12.09
2034 12 124.3 2.81 -7.41 -2.3 18.56 10.22
2035 1 81.7 -0.81 -10.98 -5.89 13.65 10.17
2035 2 58.73 1 -12.9 -5.95 19.35 13.9
2035 3 55.6 4.75 -7.48 -1.37 37.89 12.23
2035 4 60.75 12.48 -0.26 6.11 74.16 12.74
2035 5 135.72 19.28 5.62 12.45 121.9 13.67
2035 6 111.67 23.51 10.62 17.07 145.57 12.89
2035 7 179.8 27.95 13.7 20.83 176.61 14.25
2035 8 26.45 26.59 11.94 19.26 158.76 14.65
2035 9 53.37 23.28 9.13 16.21 116.02 14.14
2035 10 54.4 17.97 3.55 10.76 77.28 14.42
2035 11 69.49 9.58 -3.27 3.16 36.18 12.85
2035 12 95.28 2.92 -7.58 -2.33 18.65 10.5
2036 1 107.09 -0.64 -10.62 -5.63 13.82 9.98
2036 2 83.75 0.75 -9.93 -4.59 18.25 10.68
2036 3 96.43 5.32 -5.75 -0.21 38.14 11.06
2036 4 118.78 11.4 -0.69 5.36 69.38 12.09
2036 5 121.71 19.82 5.39 12.61 125.31 14.43
2036 6 125.24 24.55 11.48 18.02 150.35 13.07
2036 7 85.22 27.17 13.38 20.27 171.44 13.79
2036 8 76.92 27.03 13.2 20.11 158.49 13.84
2036 9 61.92 22.48 8.88 15.68 112.83 13.6
2036 10 25.11 17.9 3.25 10.57 78.2 14.65
2036 11 54.88 9.64 -2.7 3.47 36.4 12.34
2036 12 107 0.62 -9.99 -4.69 16 10.61
2037 1 85.49 -0.97 -12.34 -6.66 13.5 11.37
2037 2 174.65 0.63 -9.87 -4.62 18.06 10.5
2037 3 35.63 5.78 -4.73 0.52 38.72 10.5
2037 4 159.16 12 2.42 7.21 66.68 9.58
2037 5 109.48 18.57 5.71 12.14 116.5 12.87
2037 6 120.14 24.85 11.62 18.23 152.24 13.24
2037 7 35.97 27.03 13 20.01 171.69 14.02
2037 8 168.94 25.4 12.77 19.08 147.27 12.63
2037 9 84.19 21.75 8.96 15.36 108.38 12.79
2037 10 97.27 16.51 4.21 10.36 71.12 12.3
2037 11 40.2 7.69 -3.43 2.13 32.38 11.12
2037 12 23.32 1.51 -8.36 -3.43 16.9 9.86
2038 1 53.92 0.16 -11.85 -5.85 14.89 12.02
2038 2 33.21 0.94 -10.06 -4.56 18.57 11
2038 3 120.88 4.59 -7.14 -1.27 36.91 11.73
2038 4 85.7 12.17 -1.43 5.37 73.64 13.6
2038 5 104.57 20.26 7.21 13.73 123.56 13.05
2038 6 51.25 24.67 11.08 17.88 152.72 13.59
2038 7 68.58 27.39 14.5 20.94 168.62 12.88
2038 8 134.88 25.88 13.18 19.53 149.47 12.7
2038 9 126.91 24.38 9.9 17.14 121.52 14.48
2038 10 66.94 17.1 2.59 9.85 75.84 14.51
2038 11 140.6 10.04 -1.4 4.32 36.45 11.44
2038 12 58.2 1.29 -8.93 -3.82 16.73 10.21
2039 1 113.66 1.28 -7.13 -2.92 15.51 8.42
2039 2 79.09 1.1 -10.12 -4.51 19.49 11.22
2039 3 86.35 6.68 -3.28 1.7 40.59 9.96
2039 4 93.19 13.67 1.64 7.65 76.7 12.03
2039 5 139.2 19.23 7 13.11 117.84 12.23
2039 6 129.53 24.91 11.55 18.23 153.2 13.36
2039 7 83.09 26.96 13.11 20.04 170.55 13.85
2039 8 111.74 26.28 13.13 19.71 152.24 13.15
2039 9 255.24 20.7 8.48 14.59 102.71 12.22
2039 10 197.43 17.39 4.68 11.04 73.23 12.7
2039 11 41.56 8.94 -3.57 2.68 34.9 12.51
2039 12 96.92 3.52 -6.53 -1.5 19.22 10.05
2040 1 65.24 -0.27 -11.18 -5.72 14.33 10.91
2040 2 155.29 3.05 -9.42 -3.19 21.82 12.47
2040 3 97.71 5.41 -5.52 -0.05 38.26 10.93
2040 4 39.36 13.27 -0.58 6.35 77.42 13.85
2040 5 86.55 20.24 5.58 12.91 127.53 14.65
2040 6 138.46 24.21 10.11 17.16 152.42 14.1
2040 7 95.1 27.59 14.49 21.04 170.42 13.1
2040 8 117.32 26.9 13.43 20.17 156.54 13.46
2040 9 203.72 20.97 8.48 14.73 105.08 12.49
2040 10 25.02 18.5 3.19 10.85 80.73 15.31
2040 11 56.82 8.13 -3.01 2.56 33.13 11.15
2040 12 157.44 1.75 -8.95 -3.6 17.39 10.7
2041 1 30.94 -0.44 -11.5 -5.97 14.14 11.06
2041 2 132.65 1.69 -8.97 -3.64 19.54 10.65
2041 3 115.7 5.29 -5.38 -0.04 37.82 10.67
2041 4 149.93 12.37 1.11 6.74 70.94 11.25
2041 5 90.57 19.59 6.13 12.86 122.03 13.46
2041 6 25.47 25.27 11.94 18.6 154.3 13.33
2041 7 59.72 27.66 14.34 21 171.73 13.32
2041 8 75.55 28.1 14.08 21.09 163.63 14.02
2041 9 231.08 22.19 9.57 15.88 109.36 12.62
2041 10 65.44 19.23 3.35 11.29 83.48 15.88
2041 11 151.35 7.65 -2.85 2.4 31.9 10.5
2041 12 266.59 3.44 -7.54 -2.05 19.54 10.98
2042 1 124.76 -0.05 -11.79 -5.92 14.63 11.74
2042 2 49.79 1.5 -10.5 -4.5 19.49 12.01
2042 3 53.19 4.96 -6.41 -0.73 37.53 11.36
2042 4 74.85 12.9 -0.62 6.14 75.86 13.52
2042 5 62.13 19.58 3.75 11.67 127.18 15.83
2042 6 170.03 26.06 12.79 19.43 157.48 13.27
2042 7 117.53 27.09 14.74 20.91 165.01 12.36
2042 8 121.36 26.4 12.31 19.36 156.72 14.09
2042 9 44.26 22.64 9.5 16.07 112.23 13.14
2042 10 79.24 16.93 2.64 9.79 75.1 14.29
2042 11 108.47 11.24 0.42 5.83 37.88 10.82
2042 12 131.29 1.56 -9.28 -3.86 17.18 10.84
2043 1 158.59 0.57 -10.48 -4.96 15.34 11.05
2043 2 104.49 1.15 -10.21 -4.53 19.59 11.36
2043 3 70.11 4.68 -6.42 -0.87 37.19 11.1
2043 4 138.81 13.5 0.06 6.78 78.27 13.43
2043 5 120.93 19.66 6.6 13.13 121.82 13.06
2043 6 114.94 22.5 10.97 16.73 136.39 11.53
2043 7 23.34 27.33 13.75 20.54 171.15 13.58
2043 8 47.19 27.28 12.98 20.13 160.56 14.3
2043 9 32.87 22.47 8.38 15.43 113.15 14.09
2043 10 92.55 15.93 2.32 9.13 70.77 13.61
2043 11 69.33 9.62 -1.4 4.11 35.02 11.02
2043 12 125.6 2.9 -6.1 -1.6 18.08 9
2044 1 65.01 0.31 -11.23 -5.46 15.06 11.54
2044 2 64.6 1.37 -9.55 -4.09 19.15 10.91
2044 3 120.37 5.24 -5.93 -0.34 38.04 11.17
2044 4 71.56 13.82 0.41 7.11 78.61 13.41
2044 5 105.24 19.03 4.7 11.86 121.78 14.33
2044 6 118.45 24.75 10.84 17.79 154.17 13.92
2044 7 17.33 27.19 11.99 19.59 176.76 15.2
2044 8 44.58 27.18 12.57 19.88 161.81 14.61
2044 9 47.9 22.78 10.1 16.44 111.45 12.68
2044 10 110.28 17.15 2.43 9.79 76.24 14.72
2044 11 118.21 9.95 -1.31 4.32 36.18 11.27
2044 12 32.78 1.83 -7.99 -3.08 17.27 9.82
2045 1 88.8 1.18 -10.56 -4.69 16.13 11.74
2045 2 50.68 1.05 -12.06 -5.5 18.83 13.11
2045 3 69.43 7 -4.84 1.08 42.34 11.83
2045 4 69.19 14.22 1.41 7.81 79.02 12.82
2045 5 102.14 19.48 5.21 12.34 123.5 14.27
2045 6 135.65 25.61 10.85 18.23 160.77 14.77
2045 7 130.69 27.02 13.35 20.19 170.34 13.68
2045 8 77.53 27.1 13.68 20.39 157.24 13.42
2045 9 119.25 22.55 8.35 15.45 114.54 14.21
2045 10 61.35 19.22 3.48 11.35 83.3 15.75
2045 11 138.18 8.89 -1.47 3.71 33.74 10.36
2045 12 81.56 2.71 -7.68 -2.48 18.49 10.4
2046 1 43.51 0.22 -12.04 -5.91 14.96 12.27
2046 2 119.07 2.6 -9.36 -3.38 21.09 11.96
2046 3 56.2 4.86 -6.37 -0.75 37.24 11.23
2046 4 114.82 12.68 0.66 6.67 73.1 12.02
2046 5 93.27 20.72 7.37 14.04 126.22 13.35
2046 6 192.79 24.7 11.48 18.09 151.5 13.22
2046 7 60.84 26.13 12.73 19.43 165.22 13.4
2046 8 35.03 27.14 12.45 19.79 161.89 14.68
2046 9 174.1 22.62 9.64 16.13 111.72 12.98
2046 10 29.1 16.94 3.28 10.11 74.28 13.66
2046 11 61.25 9.16 -3.06 3.05 35.53 12.23
2046 12 62.37 1.69 -8.35 -3.33 17.17 10.05
2047 1 79.88 0.83 -10.51 -4.84 15.68 11.34
2047 2 120.7 2.7 -9.77 -3.53 22.06 12.47
2047 3 98.19 5.67 -5.27 0.2 39.26 10.93
2047 4 126.04 13.49 0.32 6.9 77.88 13.17
2047 5 54.05 19.84 5.55 12.7 125.65 14.29
2047 6 43.21 24.48 10.67 17.57 152.86 13.8
2047 7 92.96 27.16 13.23 20.19 171.78 13.93
2047 8 86.23 26.42 13.96 20.19 150.09 12.46
2047 9 181.88 22.81 9.82 16.31 111.53 12.99
2047 10 242.01 17.57 4.31 10.94 74.59 13.27
2047 11 111.88 11.61 -0.56 5.52 39.2 12.18
2047 12 70.43 2.03 -7.73 -2.85 17.37 9.76
2048 1 59.53 0.6 -11.15 -5.27 15.43 11.75
2048 2 60.59 1.12 -9.81 -4.35 18.81 10.93
2048 3 44.61 6.93 -5.55 0.69 42.6 12.48
2048 4 93.15 13.28 1.58 7.43 74.35 11.7
2048 5 136.73 19.6 5.97 12.78 122.46 13.62
2048 6 36.99 26.35 11.57 18.96 164.07 14.78
2048 7 68.47 27.59 13.59 20.59 174.16 14
2048 8 166.05 25.69 13.17 19.43 148.01 12.52
2048 9 141.4 21.57 10.1 15.84 104.12 11.47
2048 10 127.43 16.96 4.51 10.74 72.52 12.45
2048 11 91.95 9.89 -1.63 4.13 36.27 11.52
2048 12 193.6 3.51 -6.59 -1.54 19.35 10.1
2049 1 115.36 0.07 -12.12 -6.02 14.77 12.19
2049 2 67.38 1.58 -9.14 -3.78 19.42 10.73
2049 3 34.48 5.2 -7.24 -1.02 38.59 12.44
2049 4 17 13.98 -0.38 6.8 80.31 14.36
2049 5 97.54 20.44 5.83 13.14 128.3 14.62
2049 6 91.94 25.78 12.69 19.23 155.56 13.09
2049 7 37.59 27.7 13.18 20.44 176.64 14.51
2049 8 43.49 27.42 13.33 20.38 161.03 14.09
2049 9 233.48 23.16 10.92 17.04 111.39 12.24
2049 10 87.52 16.82 3.1 9.96 74.04 13.72
2049 11 67.76 10.16 -1.21 4.47 36.6 11.37
2049 12 122.77 1.17 -9.12 -3.97 16.61 10.29
2050 1 35.96 0.52 -10.88 -5.18 15.32 11.41
2050 2 107.59 2.2 -9 -3.4 20.38 11.21
2050 3 100.16 3.87 -8.07 -2.1 35.36 11.93
2050 4 97.21 11.85 0.63 6.24 69.38 11.22
2050 5 51.51 20.19 5.48 12.83 127.45 14.71
2050 6 77.05 25.57 12.23 18.9 155.65 13.34
2050 7 58.99 28.21 14.37 21.29 176.33 13.84
2050 8 135.25 26.68 13.35 20.02 155.15 13.33
2050 9 54.61 23.08 9.87 16.47 113.83 13.21
2050 10 81.42 16.28 3.22 9.75 71.71 13.06
2050 11 85.5 9.35 -1.86 3.74 35.16 11.22
2050 12 112.27 2.2 -8.32 -3.06 17.91 10.52
2051 1 75.15 0.26 -10.45 -5.09 14.95 10.72
2051 2 79.78 1.12 -10.26 -4.57 19.55 11.38
2051 3 89.61 6.63 -4.62 1 41.6 11.25
2051 4 34.93 11.86 -0.26 5.8 71.38 12.12
2051 5 87.58 20.48 6.53 13.51 127.46 13.95
2051 6 92.84 24.49 12.02 18.25 148.12 12.48
2051 7 144.01 26.64 14.75 20.7 160.81 11.89
2051 8 104.76 25.09 12.25 18.67 146.25 12.84
2051 9 152.34 21.86 10.8 16.33 102.96 11.06
2051 10 109.74 16.15 3.61 9.88 69.85 12.54
2051 11 45.92 7.94 -3.2 2.37 32.42 11.14
2051 12 91.21 2.02 -9.38 -3.68 17.74 11.4
2052 1 63.08 -0.51 -11.73 -6.12 14.06 11.22
2052 2 155.28 1.97 -8.99 -3.51 20 10.96
2052 3 65.25 6.2 -4.64 0.78 39.89 10.85
2052 4 103.65 11.95 0.02 5.99 70.79 11.93
2052 5 113.25 18.86 6.28 12.57 116.87 12.58
2052 6 33.11 24.72 10.92 17.82 153.65 13.8
2052 7 135.59 27.45 14.29 20.87 170.1 13.16
2052 8 124.12 26.22 13.29 19.75 151.77 12.93
2052 9 21.86 24.46 8.65 16.56 124.86 15.81
2052 10 49.43 16.61 2.72 9.66 73.71 13.89
2052 11 136.99 11.07 1.12 6.1 36.73 9.95
2052 12 83.93 3 -7.77 -2.39 18.94 10.77
2053 1 59.99 -0.72 -11.96 -6.34 13.8 11.24
2053 2 60.84 1.16 -10.39 -4.61 18.95 11.55
2053 3 70.35 5.78 -5.85 -0.04 39.49 11.63
2053 4 71.86 14.66 -0.04 7.31 82.97 14.71
2053 5 254.94 18.18 6.74 12.46 111.05 11.45
2053 6 42.05 25.32 11.9 18.61 154.86 13.42
2053 7 86.47 26.88 13.79 20.34 167.26 13.08
2053 8 91.93 26.13 12.57 19.35 153.73 13.56
2053 9 133.66 23.17 9.7 16.44 114.82 13.47
2053 10 66.79 17.18 3.88 10.53 74.39 13.3
2053 11 61.64 7.97 -1.96 3.01 31.95 9.93
2053 12 86.24 1.79 -8.46 -3.34 17.35 10.25
2054 1 136.83 -0.05 -11.31 -5.68 14.62 11.26
2054 2 45.53 2.04 -11.58 -4.77 20.34 13.63
2054 3 113.1 5.83 -5.97 -0.07 39.71 11.8
2054 4 93.46 13.89 0.45 7.17 78.89 13.45
2054 5 60.03 19.61 5.44 12.52 123.79 14.16
2054 6 161.09 24.15 11.88 18.02 145.69 12.27
2054 7 84.07 27.68 13.21 20.45 176.36 14.46
2054 8 25.13 26.86 12.22 19.54 160.52 14.63
2054 9 91.53 22.91 9.34 16.12 114.19 13.57
2054 10 98.25 16.74 2.66 9.7 74.32 14.08
2054 11 29.79 8.29 -2.69 2.8 33.27 10.99
2054 12 73.53 0.9 -9.17 -4.14 16.24 10.07
2055 1 96.85 -0.8 -11.63 -6.21 13.7 10.83
2055 2 4.93 -0.21 -12.69 -6.45 17.57 12.49
2055 3 69.98 4.48 -6.4 -0.96 36.65 10.88
2055 4 55.52 14.13 -0.41 6.86 81.7 14.54
2055 5 88.89 20.18 6.3 13.24 126.01 13.88
2055 6 96.88 24.78 11.97 18.37 150.6 12.81
2055 7 42.45 27.79 14.81 21.3 170.6 12.98
2055 8 155.89 25.69 13.15 19.42 147.54 12.54
2055 9 171.02 22.48 9.38 15.93 110.77 13.1
2055 10 46.84 17.18 3.52 10.35 74.14 13.67
2055 11 120.54 10.07 -1.27 4.4 36.01 11.35
2055 12 70.71 0.81 -10.23 -4.71 16.18 11.04
2056 1 51.61 -0.81 -11.08 -5.95 13.65 10.27
2056 2 25.21 0.74 -11.63 -5.45 18.37 12.37
2056 3 62.3 5.44 -5.54 -0.05 38.34 10.98
2056 4 60.11 14.54 0.3 7.42 82 14.24
2056 5 66.4 19.31 4.34 11.83 124.36 14.97
2056 6 75.87 24 9.38 16.69 153.13 14.62
2056 7 83.1 28.07 15.53 21.8 170.02 12.54
2056 8 49.46 25.97 11.87 18.92 154.93 14.1
2056 9 57.01 23.13 9.53 16.33 115.02 13.6
2056 10 59.01 16.85 3.69 10.27 73.32 13.15
2056 11 119.45 9.4 -0.9 4.25 34.47 10.29
2056 12 91.83 1.96 -9.18 -3.61 17.74 11.14
2057 1 91.85 0.29 -10.9 -5.3 15.02 11.19
2057 2 108.34 2.61 -9.01 -3.2 21.04 11.63
2057 3 126.62 5.59 -5.35 0.12 38.63 10.93
2057 4 65.94 10.81 -0.82 4.99 66.98 11.63
2057 5 85.06 19.17 4.52 11.84 123.1 14.66
2057 6 14.14 25.04 11.2 18.12 155.18 13.84
2057 7 52.86 27.78 13.1 20.44 177.62 14.68
2057 8 49.79 26.94 12.26 19.6 161.01 14.68
2057 9 142.13 20.81 8.32 14.57 104.56 12.49
2057 10 96.48 17.37 4.24 10.8 74.63 13.13
2057 11 217.74 8.53 -1.13 3.7 32.55 9.66
2057 12 58.7 -0.67 -11.4 -6.04 14.43 10.73
2058 1 95.11 0.89 -11.25 -5.18 15.8 12.14
2058 2 76.02 2.43 -9.09 -3.33 20.76 11.52
2058 3 108.63 6.48 -5.4 0.54 41.23 11.89
2058 4 20.32 14 -0.26 6.87 80.28 14.26
2058 5 80.83 20.32 5.12 12.72 129.04 15.19
2058 6 27.16 24.94 10.53 17.73 156.62 14.41
2058 7 71.99 28.96 15.11 22.04 179.72 13.84
2058 8 74.21 26.91 12.79 19.85 158.99 14.12
2058 9 61.75 21.69 7.68 14.69 111.1 14
2058 10 159.79 16.21 4.58 10.4 69.23 11.63
2058 11 95.77 9.4 -2.19 3.6 35.51 11.59
2058 12 82.48 3.32 -6.53 -1.61 19.03 9.85
2059 1 84.97 -0.1 -10.83 -5.46 14.52 10.73
2059 2 91.61 2.51 -10.21 -3.85 21.78 12.72
2059 3 62.57 4.72 -7.04 -1.16 37.62 11.75
2059 4 79.17 12.87 0.79 6.83 74.38 12.08
2059 5 52.6 20.55 5.45 13 130.43 15.09
2059 6 136.63 26.27 12.26 19.26 161.36 14.01
2059 7 44.83 27.43 13.55 20.49 172.8 13.88
2059 8 67.74 26.55 12.55 19.55 156.45 14.01
2059 9 115.74 23.29 10.4 16.84 112.87 12.89
2059 10 137.88 17.89 3.64 10.77 76.84 14.25
2059 11 173.52 10.06 -0.72 4.67 35.53 10.78
2059 12 36.33 1.98 -7.2 -2.61 17.12 9.17
2060 1 55.77 0.25 -11.05 -5.4 14.98 11.31
2060 2 51.76 1.69 -10.14 -4.22 19.74 11.83
2060 3 88.97 4.44 -4.9 -0.23 35 9.34
2060 4 67.22 11.01 -0.83 5.09 67.88 11.84
2060 5 75.19 19.61 6.14 12.88 122.14 13.47
2060 6 77.28 23.71 9.77 16.74 149.76 13.95
2060 7 131.24 26.67 13.54 20.11 166.6 13.14
2060 8 45.36 26.41 12.12 19.26 157.48 14.3
2060 9 200.81 23.63 9.97 16.8 116.86 13.66
2060 10 56.11 16.86 3.39 10.13 73.82 13.47
2060 11 189.2 9.03 -1.36 3.83 33.97 10.39
2060 12 130.88 2.85 -6.37 -1.76 18.24 9.22
2061 1 119.75 0.51 -10.18 -4.84 15.23 10.69
2061 2 46.66 1.67 -8.77 -3.55 19.48 10.45
2061 3 97.41 5.58 -6.32 -0.37 39.2 11.9
2061 4 39.17 15.55 1.07 8.31 85.6 14.48
2061 5 157.66 18.39 6.09 12.24 114.27 12.3
2061 6 46.39 25.8 10.85 18.32 162.2 14.95
2061 7 12.38 28.12 12.98 20.55 180.91 15.14
2061 8 111.39 26.79 13.25 20.02 156.37 13.54
2061 9 272.3 20.2 9.29 14.75 98.25 10.91
2061 10 40.86 18.05 3.6 10.83 78.37 14.46
2061 11 38.55 7.45 -3.69 1.88 32.01 11.14
2061 12 101.1 1.93 -8.49 -3.28 17.55 10.42
2062 1 42.89 -0.46 -10.86 -5.66 14.07 10.4
2062 2 51.47 2.16 -9.38 -3.61 20.38 11.54
2062 3 52.5 5.47 -6 -0.26 38.72 11.47
2062 4 140.06 14.8 0.86 7.83 82.45 13.94
2062 5 119.22 20.4 5.74 13.07 128.18 14.65
2062 6 76.94 24.27 10.7 17.48 150.89 13.56
2062 7 129.96 28.3 14.06 21.18 178.37 14.24
2062 8 138.7 26.36 12.87 19.61 154.42 13.49
2062 9 164.52 22.68 8.65 15.67 114.55 14.03
2062 10 23.96 17.38 2.8 10.09 76.67 14.58
2062 11 72.43 8.58 -2.8 2.89 34 11.37
2062 12 132.22 3.21 -7.41 -2.1 19.16 10.62
2063 1 132.64 0.72 -9.27 -4.27 15.36 9.99
2063 2 101.95 1.03 -10.39 -4.68 19.41 11.42
2063 3 182.47 6.25 -4.27 0.99 40.2 10.52
2063 4 97.28 12.76 0.09 6.43 74.92 12.67
2063 5 71.78 19.26 5.85 12.55 121.13 13.41
2063 6 18.59 25.62 11.59 18.61 158.59 14.03
2063 7 23.48 27.71 13.28 20.5 176.25 14.44
2063 8 63.95 27 12.9 19.95 158.68 14.1
2063 9 87.35 22.25 7.47 14.86 113.91 14.78
2063 10 139.23 15.69 2.37 9.03 69.77 13.32
2063 11 105.02 11 0.09 5.54 37.12 10.9
2063 12 45.87 0.84 -9.28 -4.22 16.07 10.12
2064 1 107.49 0.18 -10.7 -5.26 14.86 10.87
2064 2 67.2 1.19 -11.84 -5.32 19.04 13.02
2064 3 89.74 4.9 -6.33 -0.71 37.33 11.23
2064 4 75.62 13.28 -0.2 6.54 77 13.48
2064 5 29.08 22.15 6.11 14.13 138.72 16.04
2064 6 41.67 25.31 10.36 17.84 159.98 14.95
2064 7 85.71 27.83 13.69 20.76 175.84 14.14
2064 8 66.08 26.77 13.15 19.96 156.59 13.62
2064 9 151.08 22.91 9.83 16.37 112.94 13.08
2064 10 37.08 17 2.85 9.93 75.1 14.14
2064 11 90.71 9.4 -2.44 3.48 35.68 11.84
2064 12 14.48 0.55 -9.4 -4.42 15.8 9.95
2065 1 72.22 -0.3 -11.63 -5.96 14.31 11.33
2065 2 69.62 1.36 -9.52 -4.08 19.14 10.88
2065 3 88.79 5.85 -4.37 0.74 38.64 10.22
2065 4 191.21 11.77 0.13 5.95 69.8 11.63
2065 5 199.11 19.18 6.53 12.86 118.27 12.65
2065 6 147.67 25.79 12.74 19.27 155.43 13.04
2065 7 47.32 27.15 13.18 20.16 172.08 13.97
2065 8 28.73 27 12.3 19.65 161.33 14.7
2065 9 55.46 24.68 10.35 17.51 122.15 14.32
2065 10 66.42 19.65 3.93 11.79 84.48 15.72
2065 11 144.25 11.61 -0.82 5.4 39.84 12.43
2065 12 111.81 2.04 -8.87 -3.41 17.79 10.9
2066 1 83.46 0.31 -9.51 -4.6 14.87 9.82
2066 2 76.22 2.27 -8.36 -3.05 20.34 10.63
2066 3 112.01 5.78 -4.33 0.73 38.4 10.1
2066 4 93.57 12.66 0.31 6.48 73.52 12.35
2066 5 118.58 19.41 5.04 12.22 123.44 14.37
2066 6 89.16 25.45 11.45 18.45 157.47 14
2066 7 43.62 27.89 13.75 20.82 176.08 14.14
2066 8 117.96 27 12.43 19.71 160.94 14.57
2066 9 87.13 22.14 8.04 15.09 112.87 14.1
2066 10 101.7 17.07 3.49 10.28 74.51 13.58
2066 11 102.12 8.93 -2.34 3.3 34.52 11.28
2066 12 54.18 3.16 -7.72 -2.28 19.16 10.88
2067 1 102.96 0.24 -12.61 -6.19 14.96 12.85
2067 2 86.85 1.63 -10.31 -4.34 20.36 11.93
2067 3 42.39 6.36 -6.94 -0.29 42.11 13.3
2067 4 180.73 11.64 0.56 6.1 69.11 11.08
2067 5 75.66 18.97 5.37 12.17 120.48 13.6
2067 6 161.44 23.68 10.88 17.28 145.94 12.79
2067 7 92.16 27.25 14.61 20.93 166.77 12.64
2067 8 71.45 26.18 12.61 19.39 153.33 13.57
2067 9 98.74 22.13 8.86 15.49 110.06 13.28
2067 10 77.24 17.18 2.59 9.89 75.34 14.59
2067 11 87.33 10.36 0.15 5.25 35.48 10.21
2067 12 57.03 3.57 -5.92 -1.18 19.05 9.49
2068 1 171 1.79 -8.31 -3.26 16.6 10.1
2068 2 70.66 1.63 -11.26 -4.81 19.71 12.89
2068 3 38.73 4.97 -6.35 -0.69 37.54 11.32
2068 4 79.22 13.92 0.77 7.35 78.58 13.15
2068 5 65.67 19.52 6.65 13.08 120.2 12.88
2068 6 101.35 25.03 11.78 18.41 153.01 13.25
2068 7 260.62 27.93 14.29 21.11 174.27 13.64
2068 8 53.33 26.63 11.91 19.27 159.79 14.71
2068 9 78.21 23.07 9.06 16.06 115.86 14.01
2068 10 26.01 17.06 3.72 10.39 74.14 13.34
2068 11 129.68 10.91 -0.87 5.02 38.17 11.78
2068 12 79.82 2.76 -6.89 -2.06 18.3 9.64
2069 1 131.14 1.11 -10.22 -4.56 16.01 11.32
2069 2 196.23 2.63 -7.51 -2.44 20.69 10.15
2069 3 40.29 4.66 -6.15 -0.74 36.57 10.81
2069 4 159.05 13.54 1.17 7.35 76.22 12.37
2069 5 156.62 21.36 8.22 14.79 128.17 13.15
2069 6 50.01 24.84 11.04 17.95 154.19 13.8
2069 7 114.36 26.57 13.47 20.02 165.97 13.1
2069 8 29.86 26.14 11.28 18.71 158.13 14.85
2069 9 59.73 23.17 10.99 17.08 111.28 12.18
2069 10 47.66 17.53 2.65 10.09 77.49 14.88
2069 11 112.76 9.34 -1.94 3.7 35.19 11.28
2069 12 29.69 0.48 -9.68 -4.6 15.76 10.17
2070 1 191.18 1.55 -10.48 -4.46 16.62 12.03
2070 2 106.85 1.47 -9.12 -3.83 19.22 10.59
2070 3 119.51 5.57 -4.42 0.57 37.87 9.99
2070 4 86.47 12.98 0.65 6.82 74.49 12.33
2070 5 65.92 20.58 5.67 13.13 129.55 14.91
2070 6 22.68 24.42 11.7 18.07 148.54 12.72
2070 7 80.56 27.8 14.24 21.02 173.37 13.56
2070 8 100.07 26.51 12.51 19.51 156.83 13.99
2070 9 152.11 20.72 9 14.86 102.2 11.72
2070 10 51.94 17.53 2.09 9.81 78.12 15.44
2070 11 41.39 9.37 -2.09 3.64 35.36 11.46
2070 12 79.86 1.64 -8.16 -3.26 17.04 9.8
2071 1 98.76 0.79 -10.13 -4.67 15.59 10.91
2071 2 74.6 1.01 -10.49 -4.74 19.4 11.5
2071 3 84.13 7.67 -4.94 1.36 44.88 12.61
2071 4 59.36 14.57 -0.16 7.2 83.36 14.73
2071 5 125.08 21.05 6.45 13.75 131.41 14.6
2071 6 80.73 26.02 12.1 19.06 159.93 13.92
2071 7 55.18 26.69 13.16 19.93 168.04 13.52
2071 8 57.94 26.78 12.9 19.84 156.97 13.88
2071 9 73.69 21.44 7.32 14.38 109.71 14.12
2071 10 88.19 17.54 3.25 10.4 75.96 14.29
2071 11 116.24 8.99 -2.23 3.38 34.16 11.22
2071 12 123.89 2.42 -7.71 -2.64 17.94 10.13
2072 1 53.36 1.16 -10.2 -4.52 16.08 11.36
2072 2 37.52 0.23 -11.54 -5.65 17.62 11.77
2072 3 45.69 5.7 -7.47 -0.88 40.02 13.17
2072 4 98.51 12.53 -0.12 6.2 73.56 12.65
2072 5 43.76 17.68 4.4 11.04 114.01 13.28
2072 6 65.92 25.12 11.1 18.11 156.12 14.02
2072 7 46.96 27.78 13.64 20.71 175.58 14.14
2072 8 243.1 25.88 12.79 19.34 150.99 13.09
2072 9 75.48 22.48 8.55 15.51 113.65 13.93
2072 10 62.7 17.08 3.41 10.24 74.67 13.67
2072 11 56.43 8.49 -2.43 3.03 33.54 10.92
2072 12 162.1 0.71 -8.34 -3.81 15.76 9.05
2073 1 110.18 0.18 -9.7 -4.76 14.73 9.88
2073 2 91.12 -0.11 -11.47 -5.79 17.12 11.37
2073 3 66.08 4.93 -6.62 -0.85 37.57 11.55
2073 4 115.03 12.45 0.11 6.28 72.9 12.34
2073 5 67.5 19.99 5.19 12.59 126.8 14.8
2073 6 92.52 23.8 11.57 17.68 144.06 12.23
2073 7 109.06 26.98 13.27 20.12 170.21 13.7
2073 8 181.13 25.17 13.54 19.36 142.4 11.63
2073 9 81.18 22.55 8.48 15.52 114.18 14.06
2073 10 39.63 16.78 2.79 9.79 74.31 13.99
2073 11 112.14 9.15 -1.29 3.93 34.21 10.44
2073 12 130.72 1.86 -6.85 -2.5 16.92 8.71
2074 1 28.83 0.24 -11.5 -5.63 14.98 11.74
2074 2 83.43 1.81 -9.66 -3.92 19.87 11.47
2074 3 40.52 5.59 -7.8 -1.1 39.83 13.39
2074 4 79.14 12.77 0.45 6.61 73.84 12.32
2074 5 100.16 20.97 6.58 13.77 129.89 14.38
2074 6 129.98 25.45 12.81 19.13 152.46 12.64
2074 7 202.5 28.14 14.11 21.12 176.73 14.02
2074 8 110.55 26.68 13.23 19.95 155.61 13.46
2074 9 60.04 23.84 9.49 16.67 119.31 14.34
2074 10 72.73 18.93 5.86 12.4 78.61 13.07
2074 11 87.57 8.9 -3.03 2.94 34.9 11.93
2074 12 94.42 0.66 -8.37 -3.85 15.7 9.03
2075 1 53.25 -2.33 -13.79 -8.06 11.85 11.46
2075 2 21.21 -0.46 -13.23 -6.84 17.15 12.77
2075 3 94.41 5.49 -5.31 0.09 38.79 10.8
2075 4 98.55 12.39 0 6.2 73.41 12.4
2075 5 134.92 17.77 4.22 11 115.53 13.55
2075 6 69.69 25.27 12.53 18.9 152.33 12.73
2075 7 130.21 28.06 14.65 21.36 173.67 13.41
2075 8 55.74 25.83 11.81 18.82 153.49 14.02
2075 9 173.48 20.65 8.76 14.7 101.68 11.89
2075 10 167.91 17.23 4.92 11.08 72.18 12.31
2075 11 120.64 9.07 -1.53 3.77 33.82 10.6
2075 12 124.87 3.02 -6.13 -1.55 18.28 9.15
2076 1 47.08 0.91 -8.42 -3.76 15.42 9.33
2076 2 50.97 1.58 -11.5 -4.96 19.63 13.08
2076 3 98.15 5.96 -4.54 0.71 39.12 10.5
2076 4 171.96 12.93 1.09 7.01 73.54 11.83
2076 5 118.06 20.03 7.17 13.6 122.14 12.86
2076 6 92.35 24.78 9.19 16.99 159.48 15.59
2076 7 76.04 28.47 14.9 21.69 176.39 13.57
2076 8 32.29 25.91 12.73 19.32 151.44 13.18
2076 9 86.74 23.73 10.13 16.93 117.03 13.59
2076 10 247.1 16.24 4.12 10.18 70.16 12.13
2076 11 96.24 8.43 -1.32 3.56 32.48 9.74
2076 12 110.4 2.46 -8.09 -2.82 18.22 10.54
2077 1 232.99 1.46 -9.74 -4.14 16.43 11.21
2077 2 132.87 2.09 -9.31 -3.61 20.26 11.4
2077 3 91.71 4.85 -6.09 -0.62 37.06 10.94
2077 4 147.18 13.51 1.36 7.44 75.81 12.15
2077 5 99.48 19.71 6.02 12.86 123.1 13.7
2077 6 61.6 24.77 10.57 17.67 155.16 14.19
2077 7 263.13 27.47 14.27 20.87 170.36 13.2
2077 8 53.51 26.77 12.38 19.58 159.32 14.39
2077 9 61.67 21.1 7.18 14.14 108.95 13.93
2077 10 90 15.64 1.69 8.67 71.19 13.95
2077 11 68.35 10.2 -1.5 4.35 36.91 11.7
2077 12 113.48 1.27 -9.54 -4.13 16.83 10.81
2078 1 143.98 1.63 -8.52 -3.44 16.44 10.16
2078 2 94.5 2.27 -9.05 -3.39 20.51 11.33
2078 3 56.67 6.43 -6.19 0.12 41.51 12.62
2078 4 53.98 14.7 0.01 7.35 83.08 14.69
2078 5 111.83 19.67 6.35 13.01 121.97 13.32
2078 6 126.6 23.95 11.93 17.94 143.9 12.02
2078 7 73.61 27.75 13.53 20.64 175.73 14.21
2078 8 57.98 25.56 11.82 18.69 151.97 13.74
2078 9 59.49 21.24 7.09 14.17 109.91 14.15
2078 10 180.85 17.08 4.34 10.71 73.27 12.74
2078 11 128.57 9.73 -2.08 3.82 36.2 11.8
2078 12 144.68 2.31 -8.61 -3.15 18.12 10.92
2079 1 103.99 -1.72 -13.08 -7.4 12.6 11.36
2079 2 63.85 1.09 -10.38 -4.65 19.5 11.46
2079 3 226.52 5.48 -4.99 0.24 38.5 10.47
2079 4 83.9 12.5 -0.13 6.19 74.06 12.63
2079 5 82.39 20.47 5.91 13.19 128.88 14.56
2079 6 77.2 25.88 11.37 18.62 161.38 14.51
2079 7 150.54 27 14.4 20.7 165.48 12.59
2079 8 86.89 26.84 11.79 19.32 161.13 15.05
2079 9 110.76 21.72 8.09 14.9 109.56 13.64
2079 10 116.88 16.74 3.55 10.14 72.3 13.19
2079 11 99.02 9.09 -2.51 3.29 34.6 11.6
2079 12 268.18 3.39 -6.73 -1.67 19.09 10.12
2080 1 85.06 0.59 -10.35 -4.88 15.35 10.94
2080 2 32.03 -0.15 -11.55 -5.85 17.06 11.39
2080 3 104.01 4.27 -6.07 -0.9 35.44 10.35
2080 4 33.61 13.55 -0.86 6.35 78.99 14.42
2080 5 142.64 19.27 6.73 13 118.34 12.55
2080 6 151.02 23.52 11.76 17.64 141.11 11.76
2080 7 46.68 27.58 14.5 21.04 170.27 13.07
2080 8 80.05 27.02 12.58 19.8 160.6 14.45
2080 9 59.44 23.88 9.53 16.7 119.44 14.35
2080 10 42.1 15.77 1.74 8.76 71.61 14.02
2080 11 84.56 9.96 -0.62 4.67 35.61 10.58
2080 12 56.03 2.66 -7.61 -2.48 18.39 10.27
