2000 1 21.2550040755327
2000 2 11.7820624835354
2000 3 4.77503931731127
2000 4 28.6943051988308
2001 1 14.1477385561588
2001 2 6.56267352676488
2001 3 5.4581171030642
2001 4 19.3086466582728
2002 1 34.065411345825
2002 2 13.7287356733635
2002 3 7.48396601059074
2002 4 26.6123816971989
2003 1 20.5261827295711
2003 2 3.30121282961311
2003 3 1.60566137732417
2003 4 42.8520737900414
2004 1 13.5465656733373
2004 2 8.85373789089572
2004 3 16.9943575069513
2004 4 26.752157030992
2005 1 22.2807986382001
2005 2 11.1449479659437
2005 3 7.29177855870101
2005 4 23.9896935997068
2006 1 20.5214932942035
2006 2 8.7774288729824
2006 3 8.16629547519972
2006 4 28.8947895651355
2007 1 18.7490732981151
2007 2 15.8061043438457
2007 3 30.9056925236835
2007 4 23.4655142779835
2008 1 14.385950345993
2008 2 4.1708487756784
2008 3 18.9669528591048
2008 4 33.8889573361747
2009 1 15.7141133895821
2009 2 4.28280014699264
2009 3 4.19380853181731
2009 4 35.1122187810293
2010 1 22.4375880603999
2010 2 9.25280600662825
2010 3 6.77592325225308
2010 4 18.4769648762665
2011 1 20.2208754387013
2011 2 18.1415698530116
2011 3 6.36831554174964
2011 4 19.099520633447
2012 1 20.2005520416537
2012 2 7.2568079198661
2012 3 18.2330740209743
2012 4 21.9399925415047
2013 1 21.4370318813495
2013 2 7.61539055345289
2013 3 8.93489220257786
2013 4 24.2126650602169
2014 1 27.7846429398315
2014 2 14.5630784409099
2014 3 3.63307250888945
2014 4 27.4300006842295
2015 1 20.0053983920766
2015 2 13.1592687553519
2015 3 13.5947991054002
2015 4 13.0230224374422
2016 1 43.5324117534513
2016 2 11.8905859074852
2016 3 3.94620727777265
2016 4 21.7686744592762
2017 1 11.9017848006669
2017 2 10.1723175269088
2017 3 5.4874496257354
2017 4 21.3035134626087
2018 1 25.9553500600646
2018 2 10.4298171748978
2018 3 15.7327796241328
2018 4 21.3020532446261
2019 1 26.2186023503208
2019 2 10.3569873909437
2019 3 8.90622441903693
2019 4 26.3408336871647
2020 1 25.3793235669722
2020 2 14.3971730639047
2020 3 5.18830268720149
2020 4 22.0036325840126
2021 1 29.7699735369602
2021 2 8.53916321573387
2021 3 3.63075236333559
2021 4 28.071035733651
2022 1 13.9875826953629
2022 2 8.02526957898035
2022 3 10.361591784267
2022 4 26.8901440185949
2023 1 20.7997093413143
2023 2 6.64008491119778
2023 3 5.64847202883478
2023 4 26.0008154887858
2024 1 22.3122371826324
2024 2 4.97647889463041
2024 3 10.0821210828023
2024 4 26.2211492982972
2025 1 17.7970575134907
2025 2 7.28595005961159
2025 3 7.8159636796588
2025 4 28.2277885247625
2026 1 21.1951322692654
2026 2 7.84927967079629
2026 3 6.82305878159421
2026 4 29.5871390208847
2027 1 24.6255128772291
2027 2 8.1808509885538
2027 3 3.50724524363776
2027 4 16.6947268544378
2028 1 24.4914080783896
2028 2 11.3452892983546
2028 3 9.71285085081899
2028 4 21.0533639180667
2029 1 17.6942882297685
2029 2 6.52780193927175
2029 3 3.86542453311351
2029 4 18.48415080306
2030 1 23.6908133793509
2030 2 7.32820320240302
2030 3 3.42338364753457
2030 4 17.1328828885844
2031 1 20.6230872806125
2031 2 5.27425458095042
2031 3 16.2828896530343
2031 4 20.6520365106199
2032 1 36.2200003650559
2032 2 5.76887439355162
2032 3 13.170061474496
2032 4 40.0538342033674
2033 1 13.5025075535379
2033 2 17.5308365817749
2033 3 18.2504617222538
2033 4 32.6800845790185
2034 1 29.7299775669723
2034 2 8.74026913908533
2034 3 15.8737503039869
2034 4 32.9614109396421
2035 1 34.0689327164483
2035 2 5.51735670494245
2035 3 9.58828407447406
2035 4 24.6335043792224
2036 1 29.3310459220902
2036 2 11.6933155881037
2036 3 9.59909177995797
2036 4 26.731445485687
2037 1 15.8173970553873
2037 2 4.64935619895696
2037 3 5.92060484155343
2037 4 19.465055665052
2038 1 27.6468761696796
2038 2 6.18763684403247
2038 3 11.9601948992326
2038 4 24.0754548148037
2039 1 35.4715200534108
2039 2 8.44119253931122
2039 3 4.76193567353963
2039 4 21.0829754937072
2040 1 25.9227615127396
2040 2 17.5319293814476
2040 3 4.06581469717722
2040 4 26.4889939240315
2041 1 25.9393632751192
2041 2 11.3160767686188
2041 3 13.6476912601779
2041 4 29.680682726051
2042 1 18.2209372789106
2042 2 6.61613568956922
2042 3 16.7625363775358
2042 4 22.4078734785605
2043 1 12.7336402608836
2043 2 7.69183285388287
2043 3 5.61641335154532
2043 4 22.6494400450776
2044 1 22.9576779408522
2044 2 8.80346209204164
2044 3 10.2593563144836
2044 4 21.4593833977143
2045 1 40.4211309907546
2045 2 11.0906222010878
2045 3 7.11234335352044
2045 4 27.6637957626391
2046 1 30.6246510735295
2046 2 8.08248978772411
2046 3 7.7568852319283
2046 4 26.1406996227247
2047 1 15.7140278879789
2047 2 8.28125096315587
2047 3 18.7551330406148
2047 4 24.0146360172927
2048 1 23.9144430110334
2048 2 5.73693758813041
2048 3 4.26100461139088
2048 4 18.5329137820335
2049 1 14.8552603035139
2049 2 15.1199706459151
2049 3 11.2698382574133
2049 4 29.1191418476996
2050 1 17.4848395267824
2050 2 10.5285239688339
2050 3 11.3556873344015
2050 4 23.1990326305929
2051 1 26.3186266266926
2051 2 10.4618120997882
2051 3 18.4836151525011
2051 4 24.3730887949258
2052 1 16.2216725060262
2052 2 7.84983748023361
2052 3 4.90620032374014
2052 4 31.6356485070448
2053 1 14.8824220902021
2053 2 10.0619957572807
2053 3 8.04661107458018
2053 4 26.3092158326877
2054 1 18.3610966438284
2054 2 11.6642494835123
2054 3 4.8713455271819
2054 4 18.1832286939526
2055 1 35.9053531607468
2055 2 16.1483722934067
2055 3 7.17016619501124
2055 4 26.4446854735856
2056 1 20.1507222767338
2056 2 9.47143420979358
2056 3 6.34813434440374
2056 4 23.3257820860968
2057 1 17.8311844218311
2057 2 3.65317809129048
2057 3 2.63799529871038
2057 4 14.319443658356
2058 1 15.7452240906743
2058 2 6.3962892818561
2058 3 6.22795902099148
2058 4 29.224276200083
2059 1 24.961731180981
2059 2 11.98597852862
2059 3 8.02079412210612
2059 4 29.6589086083088
2060 1 14.2249145923963
2060 2 13.3113553612011
2060 3 8.8725144392782
2060 4 21.2778608872266
2061 1 35.8673525990706
2061 2 10.4332196204724
2061 3 5.32036861798887
2061 4 28.4542109412944
2062 1 21.1107349127056
2062 2 14.2044567967212
2062 3 9.27048830742865
2062 4 21.9274690158002
2063 1 13.7780399780555
2063 2 8.22288013625055
2063 3 1.93379697883681
2063 4 25.892002637784
2064 1 41.6694408376207
2064 2 5.79579888587222
2064 3 6.36599716550957
2064 4 23.1682300335348
2065 1 40.7230877995454
2065 2 14.8106403722599
2065 3 17.2196116671661
2065 4 27.6292634442145
2066 1 23.6015076860405
2066 2 6.57344231422427
2066 3 7.76358747760955
2066 4 31.2625106377645
2067 1 25.0403828516795
2067 2 6.43760641408066
2067 3 5.07907268418056
2067 4 21.235454111788
2068 1 21.8964484469198
2068 2 5.28448511009722
2068 3 7.90609419392674
2068 4 24.1162040798022
2069 1 11.1628651871556
2069 2 7.15192657854826
2069 3 8.80366087775644
2069 4 32.0701768835556
2070 1 17.9409816455255
2070 2 9.92931925146311
2070 3 12.3627354422665
2070 4 44.8670339742044
2071 1 17.0935943469005
2071 2 5.82142460993689
2071 3 30.5336435410431
2071 4 34.6806412774871
2072 1 27.8972559603159
2072 2 6.14933550798475
2072 3 4.19646043683495
2072 4 29.5382514215964
2073 1 29.1627251592396
2073 2 7.9427429723931
2073 3 6.20337754803188
2073 4 22.7124157052248
2074 1 12.9722330081962
2074 2 5.25160788778154
2074 3 8.61075143001378
2074 4 15.3639544924955
2075 1 26.4235643209627
2075 2 6.23811867343015
2075 3 20.9709648695356
2075 4 21.5021797426742
2076 1 17.6788310622086
2076 2 12.6492001697091
2076 3 12.3093267676192
2076 4 21.3083925390091
2077 1 39.6876176806944
2077 2 15.7369186148276
2077 3 8.50349550818158
2077 4 33.8921286125319
2078 1 21.3496428287388
2078 2 9.64353489795509
2078 3 10.5259397249402
2078 4 28.3759128139324
2079 1 42.247357667873
2079 2 13.5245118456444
2079 3 28.8202890759961
2079 4 32.5331470788243
2080 1 20.4183658645585
2080 2 8.92113472794008
2080 3 3.75901360229779
2080 4 25.636625558983
