0
21.2139649845812
30.6361396098237
20.141989592453
25.2671296481243
15.2831518973303
9.49766439257395
6.40664047464346
27.4762738447102
17.862583294013
9.34165705300329
13.2500839112054
17.3069910296127
19.5166513156851
19.1983641878863
27.111108239515
16.2108638114086
7.96891328117215
5.26358826690043
3.65050017110385
4.15708057281576
5.25855216639068
5.00648039298479
14.6535770085113
15.326146046091
25.1264230716571
46.1399306572607
24.7222439281078
16.1081808422376
20.0492801696294
12.3578288899031
4.67842950424386
8.11706407895884
33.1889799080807
10.6630537530864
23.8273784065933
20.7551267504848
24.0575138198823
29.0679323777618
20.2699541657382
13.8619636381885
12.6885234801122
7.66615731646523
14.2919059474122
5.92274780261881
3.8815322598972
23.6294520833079
14.2804262381651
13.9953526739382
21.4542918421481
24.9571588649141
14.0947896448711
17.4459456656469
28.6560242049912
11.6745347202455
14.0102370387177
5.10364083749922
5.53510312738719
7.43245480826871
10.7576394501055
15.5690403187921
27.2866972005734
70.2098135869703
33.5614461693742
19.1323374202818
6.73898083016613
3.35780402150784
8.54043327325482
10.9188439111279
17.7802168012466
29.8750673427484
17.2167686284324
24.1090267189314
33.9725178832995
45.1213512413257
31.0356884572915
18.004293952823
9.21706893145395
6.11064799670691
10.3819379855116
25.0883202513481
25.7122862088558
20.3778818111172
46.3622446219288
38.5870214208699
24.9386100667706
61.2038706566362
31.4341009239793
18.7434565840246
11.109477963816
8.23692243290423
5.86838406541941
3.64290397845015
13.4381782183695
9.55623666679119
30.8835127950722
17.8158963291791
21.8930704098148
27.7781186227905
31.4465323760937
42.859732055373
28.9327659360676
7.17885053094151
4.27315112705644
3.67085697712165
5.43828483801202
11.6810295177607
11.3999597194059
19.5805896504766
38.0098612696204
48.0772786636791
32.827330977355
14.2620595518757
12.1894604169065
8.54986601106707
5.04967937200434
4.61434864124552
8.3310731408019
5.28933512084603
6.36958113767917
9.10060535011957
26.3212493681208
38.6983371887837
26.5328307823546
16.0518834254528
6.14240286980985
2.65901407488076
3.35958138499829
4.59096279432526
9.05289151094581
14.7510741987577
13.0774447879033
19.59105021904
16.6130133444694
30.2409651419294
30.9837264327996
21.3948817874092
17.7241410816959
13.5512333885129
8.36287117312192
9.95050624741204
14.6569692279698
16.9735508643975
18.460847862648
18.5051708751375
32.5603026566151
46.2276791403074
41.9210788878822
38.3343314789306
17.465274035732
7.78974490620384
6.49036806211044
2.40222145569999
8.51235281874187
10.2828128295555
18.2931009125268
17.2895185996896
22.3984774822687
53.9247692704783
78.2474292037958
43.2587143502352
9.40676699163173
17.3555411538591
9.09916812540928
3.31634939591213
4.92004163699356
6.11887465959419
5.87876785568833
10.0969866233699
15.1049563968937
31.436349968538
35.1167542701576
13.849224401652
5.21381127549758
2.60782620952735
14.9356618472463
3.41463044042258
19.3871139622824
59.8039792773482
51.4985822314008
43.6942816346947
27.1275979451055
55.1346810899578
30.2228185103103
16.0194516953912
11.3952509188341
3.7603894670062
7.3804026285917
8.43411431045865
12.8508407714464
10.3984142275626
14.1206758745731
16.2830222271652
28.1747560073724
41.9205376403693
28.4283072738604
38.3374155157082
13.1717107971338
4.91724204753348
2.85287394262576
11.4984958995667
15.1014158281882
41.3244451909385
50.6279971863788
24.1856426135963
28.9602309313808
21.6099246015592
35.5564767796065
21.1703737120859
21.9355790980699
28.5780586170336
30.6842203705243
7.73247037768471
3.19310650387205
9.73276263886636
9.10793850601202
7.57649641663546
14.4071161565122
44.3982096304539
23.5276021124966
21.2881406839785
12.6994099956749
10.56197787512
8.30522481687874
12.1473886529291
7.11244439535999
5.92140199957282
8.5730582726264
34.6477957204374
20.3579354603724
46.0723273081667
26.8104053020891
16.0415552601655
8.24117854588941
6.06384507320937
5.23082844586303
8.51616552085002
5.19116372916011
5.12354766079014
5.93151998986127
13.7697221253142
29.804269377957
60.6398344671267
26.3840143538423
18.0148031573667
18.6361058837301
9.13046551443086
15.0989853205115
9.28414667433274
21.122891403911
16.6764944492001
17.4022618619991
16.2546763639281
18.7424135091511
49.9395063870129
25.1801213576407
20.7723933256627
18.0811500480594
7.64711326607678
3.36984829434985
7.71461768412199
5.03709791849555
10.039724939041
14.3028656848657
28.6331606357836
34.386924925882
50.1870256984684
36.0886650918693
27.9580439423636
16.9019366212698
14.5930794790735
5.87592606961658
4.78869726544389
16.3527712937775
7.20785446575026
10.6962191163356
14.4913066976445
25.7862175235966
23.0834058661609
26.9642487717479
13.5999491300372
8.53905368374146
15.6427322381579
8.10377108825404
4.73766394013133
5.92491125465389
4.72606541186458
4.57244868958269
10.4081541139027
33.3989787355241
67.0525537549897
28.7868692722881
19.5271538766431
11.2025115140899
4.77973859563779
4.9641866264247
17.1246713562591
30.4830369373646
14.4052389507816
12.8954292513204
13.8568667200457
14.2826968656309
26.983169180055
60.3355663456137
23.8020792708539
6.76684458652167
2.99128543279294
10.6930544238506
16.1048516628924
21.9036992576277
17.7677665026459
12.2677760427386
12.6524081516939
33.5242861389714
35.3614684971965
18.4759090083956
18.3979676937631
6.52266151193677
3.06131485773068
3.70496548862581
2.65642544289257
9.15289034617985
18.8612633089766
21.9510426213982
41.1420107673555
27.9805116238781
38.1373923483711
21.5235072482107
11.6480552917056
10.7473445270997
6.99781516538422
27.4992356454701
9.87099373372795
17.237232655843
16.5353716713701
22.6831538933621
25.1046919329013
34.7469586690791
44.0593115965424
51.9998974658341
21.3201961814731
13.5106775108908
7.35778641099193
3.73273014693737
2.24786671547957
1.43467335719785
2.080954978426
7.62276253686143
12.2272677189656
15.3369276446581
40.1097227613975
33.2705768889368
16.5865527474118
9.29001633670914
6.00910494552339
7.07558088186273
8.8486899350114
5.17231767354132
5.58903614470418
12.4326531853645
16.3241438155761
26.149554604246
32.1937448100968
21.4615674795611
14.3783144394004
5.71206131022913
13.1541888714042
5.41094084486023
4.39963092483405
4.82762965349084
12.6085727237929
22.4000407082622
25.8067184793932
19.3675793535441
29.2756554494731
19.8727775964348
13.7714025983853
7.69016847495396
5.62287481689465
3.30872974287046
2.60263886261266
8.86131389126552
15.0567055818845
34.737631487017
29.7590014917808
21.9607329975711
23.4075747301695
18.9575093652465
11.5001401996662
5.36966754424428
5.49783621981211
15.9976263959562
12.0741994102518
7.01682345680133
22.2160570282824
21.9983331684596
16.7932629680564
17.2647149594869
22.6460822803043
34.4203643421363
14.9532257307306
16.5452982812372
8.69494706665976
4.45053922847477
5.24086962760741
3.15088890018405
3.94103287476799
6.29824769842823
13.1735834009655
14.7825920427211
22.9768332038635
34.5107110168686
11.8952361435448
4.78070008318996
3.78090724558781
3.60774091203311
6.81267830974805
52.8246596230956
23.7181801980044
24.1495579431364
21.873009850571
21.3668728232548
24.5830155534644
16.282685063381
10.8551818530875
6.27900957707824
3.965911142905
5.75757368963055
29.2696421152569
35.7159424150017
16.801500413575
37.3092911302454
33.0867862088674
32.067522837228
57.8805206016061
52.1105578830565
20.2946463662802
11.7597856029758
3.98000075190203
2.32584691158142
4.0709547289941
3.89712531857582
8.87039434589972
21.842789326761
18.3579046642764
23.9303200680168
24.9312051820042
23.4180303374472
30.2330994518454
11.1559392503379
6.56330836549025
2.2633193890892
1.52336148549506
1.24486171308476
5.59171269278897
10.8638411514771
27.5049587393037
55.2326234095944
36.8565363644328
17.2579515039843
25.5870211830276
10.580239265395
4.08352667940443
1.73007863439243
24.7429527971148
24.8532841714219
27.1431424311406
34.9868699715856
21.5246509673096
29.4151325829317
36.1835836788469
22.0041564768081
20.996673928503
12.2366453929471
4.50453605648934
3.84565640500176
12.393251515698
16.56555205094
19.4556367414583
20.6962042530852
24.2171716253582
22.7645782016427
64.1914467913674
25.8643428249364
12.7669831365824
8.25459009966879
4.89328249372337
5.01022564676287
6.10255304009317
6.74407306476565
7.34624024823456
26.7779242579466
18.7571892210357
17.5687340333383
48.4441102368746
24.9459779445728
18.323964624022
10.4201464242196
7.59095510346337
11.1140462718254
22.2094098565613
19.6974765660378
40.7339698483569
19.052888386896
15.7613445977678
55.5154794007979
21.2054435379449
65.9689358288027
21.2503752326415
13.3367171594676
5.15880009096583
3.14576971654015
3.96271121865502
22.9644487001096
36.3540751206348
24.2286081084945
30.8099979384847
23.3577472189769
33.061745738759
18.454644665096
14.7680117028302
10.5650471988808
11.6610634787568
8.65692704122523
4.78390920505834
4.96125339453971
8.87399568628594
7.46628562737368
15.1230704545984
27.8205406525857
46.5747130674269
28.9897220116729
13.1089679943757
7.64138622703856
13.2090404580183
6.0630955205329
8.33127815156469
4.15668612012872
10.3746339712522
24.5895855055686
22.3327539494952
25.4656763575731
51.0202216510515
26.1344119626203
23.563968572433
8.59821058794328
15.0504460220065
5.88002570355239
2.08576307383483
3.08301150623407
5.1238850098443
13.2837945262462
34.6143975796496
33.734340767487
39.5769078949336
25.4927349375431
18.0753151198765
16.2917866667924
8.92848525242397
3.06806420931696
5.15747187796431
3.12190571039495
4.38443429084738
10.1511190260973
12.582500294596
12.0647524735607
25.7724050955576
30.9807391561271
22.9685093046214
10.3599658546554
7.26832315475943
5.21327401319107
6.26342919961913
13.8267957037709
31.3895549536866
20.6638817793643
22.1811680553101
15.9345075524702
43.8523820994669
44.6271304299933
33.9213878374272
8.93550604807389
5.322712970852
7.25214326537241
2.99116361816741
2.11782118788263
11.8511478627575
12.606281758076
18.1630740973865
19.3095450762147
43.5322291879384
34.2145977851875
45.1358853182284
14.6679667598427
5.01248928477023
2.21301773173901
1.67249306893506
1.93871026640661
9.80468020231066
24.1902827785522
22.1227767419656
31.9026798788515
46.2808224790791
45.5886604255749
16.5606438843258
8.37332763804355
11.4026325416748
10.6449549169033
12.0258119345933
18.5595408635469
15.8625362843
27.7427975446725
23.6233793091532
37.4325422274716
50.6209627153428
27.4226404380424
15.5697894460496
7.28422060517148
5.94866199246819
9.87520542095097
6.91612705665732
14.9168704297681
9.3361580521972
21.7276393160863
16.2330558720022
20.4992607929604
44.5975372296063
37.2815422221762
20.3973799552296
13.7950894896595
9.92747259240675
18.0401667724109
8.89013706690337
29.2489463684112
22.023715864355
33.1959949736264
21.5095019017986
39.810973231917
23.7761425312584
22.4005537309088
9.73406998007394
4.77181538638484
2.97021304050055
4.48889359476681
2.93040247584348
1.40687658384884
2.17406033932226
4.76681798252417
5.44271377980495
9.24054890941814
22.3367530814175
34.690396646859
16.15558993092
8.3827878548951
5.60250320452077
5.85569628629477
10.6243522735256
10.0768702958886
5.23379486336367
14.0316200053164
23.2551852990954
35.9601980960769
51.1334694146024
36.2127806233197
31.7616102509389
13.7373563943319
10.4602075590079
3.38933981597934
13.8839998427625
5.54837793364114
24.7063609959525
25.8145211369351
18.7841730550979
46.6244962054034
37.2253091050268
60.4142799300139
20.8222514517274
13.7511962560817
6.32501384542808
22.1393420320169
10.3815314857233
13.9480194296489
11.0644994378643
56.9009382199816
26.684754336193
41.45600652182
36.7225665490367
16.0079117056779
18.2749406294911
11.8151639463807
10.1875997898706
5.2933113598231
2.76446667291445
5.83149820341751
7.91227324460629
9.39649614969181
9.83424505938261
21.8327881209745
19.2807478007193
30.9335442509202
17.1884988866114
23.6500089772538
6.50390151341835
3.87592023265374
2.1219932297818
4.05777965671231
11.2675371389822
12.3485217568422
16.800703187369
28.552991851291
43.982175975602
40.6517434811933
11.9273112752514
9.25143430428375
8.58087376316973
3.50791826987331
1.39631234563843
1.31003428633712
1.51909369347353
1.71011304959691
2.93081943723171
6.02229864530941
27.3134603452326
21.9892804175713
18.891048200146
19.79632704987
8.6600614709912
8.95672389089485
4.9819308089555
2.05714272234291
7.10681180881889
8.27537317347987
12.5536732199758
15.8239613525557
37.1082491339355
31.4482772567888
19.4852904259514
28.936897401231
8.52165217007099
43.2557562976089
7.06215212263406
4.52741927399724
6.79866874130956
15.5055869760715
15.6119901823055
16.6308670560225
41.7676996047333
18.4417186706623
26.4577580817148
13.7557674254179
11.8562088479508
26.1771885768336
12.0015392306591
7.23835775900871
10.3693112453991
7.92554569901642
9.61624271066691
16.6134269835056
29.0086552221737
24.3643074223483
21.3356377158473
18.0005694919921
8.40559854044876
8.55107828721091
10.5752105438307
7.5306177851834
11.5452258969271
25.5538565322463
17.0710768093208
17.3216203003561
23.5375937527896
22.3248174936142
21.7421342912724
19.1972711834742
7.24713471176589
26.3887899817059
13.55528025522
8.23572587579867
10.3698571406354
12.7884996942563
34.7293027185674
24.5992812458411
50.4204934382585
24.3841563184125
24.2406500891815
13.7460997395504
17.168880867915
8.21390109002419
22.6527869058482
6.49961309054374
14.3845828155051
15.2561841836142
12.5373816172186
22.2087926826353
25.0677552103686
48.9454768503455
18.9302575249607
10.768203811054
9.79045564420923
2.7958164033568
4.46105315503779
3.52027800772112
6.14274721422807
11.8417640867157
16.2911469997323
18.6055350225079
23.6536841142854
33.2134855018356
11.4268528182295
8.89194630017137
3.938263713528
13.2626167147238
8.77550718866022
8.06649041513894
12.810563181089
14.0183721063979
14.9953698252123
80.0064866666787
50.9931430177598
25.1913846908084
16.9938862943655
8.89071786947397
3.7924515135402
1.70060200187614
3.56312402596524
7.67278797786541
7.07259118866177
11.7978399773874
24.300418697305
20.1865606542401
22.2083573739848
33.7528721053599
37.8922561081639
12.8891370502355
11.5012408433021
3.86065725223891
5.3247526973852
8.60138707236502
8.15519564988127
10.0238861142574
11.5058270384436
24.1635588573812
28.1728882267401
19.5336758853782
27.6042724080853
11.5523881861785
10.6302865307779
3.08570559973136
2.41700031596857
10.7259493784256
18.0204416359695
15.5276163811327
30.5997363371012
33.6394217513384
32.0158506407679
35.7628151370024
20.3447394969327
11.6433129347189
6.36121148571293
7.23247345975839
6.45794205775136
3.57788047843756
6.33952146565573
9.29433197244908
19.3418359334706
43.9412932178616
43.9632566484024
34.0302854169608
23.4217544146045
8.14316743877647
5.69408758251177
3.26111610229923
3.02000184418329
2.9892422408263
5.92060117325587
7.92387694696554
12.5876318264753
14.8890394973787
24.9640915276926
28.7771356822692
26.611452775681
23.0578807287064
14.7901509469914
3.49212834217028
18.7814512941976
17.2733940304205
14.4645543546115
13.9730872632932
18.2688163095721
23.8907119369296
43.3415524274716
20.1820250260334
16.5910864126653
7.8666359957255
3.88025489480925
2.14279711237246
2.11922612069668
3.90989281769125
6.64718381046951
15.7003747739726
16.7897294817856
33.5689025691004
61.7811434912973
32.2474191864758
15.0952385284323
8.80783504627243
12.8979446295203
6.30821723523277
11.3493212367586
15.5502800856485
28.5810152953331
20.7842675378681
24.0594002488919
28.4434758420439
31.4843742603526
45.6758964554647
28.4988781346625
21.5797702907452
20.917385079454
5.12347283191022
4.14046865282297
3.48918408430439
5.16079581866002
17.5556523561136
19.9423337677539
19.4481100367133
26.2213281492422
32.7493474226397
20.0112278428718
10.8646761829667
8.15029734752914
5.11587606230203
20.5566960942409
8.29005124401001
30.8469714874305
16.9255033034481
37.9542752520695
27.3393927304486
39.8378847252291
30.214760030463
23.7494152003491
12.2831294030427
17.7658449814365
5.85887072689642
6.80793054841991
2.36207664549303
4.81800210050463
6.58179993415661
7.93788954872442
15.8137936117974
18.6875796409571
12.4208503179653
13.5977742531363
13.481185213111
18.8005797265201
11.1652634491289
7.63879011756373
53.3793526443853
49.7002061771117
23.5221573043533
54.3633784783852
43.0419669928091
48.05224995736
29.9235257581561
21.5105470973299
10.9809916371974
45.4446029124781
8.80389727803659
8.8704572601897
6.87796776622546
6.13249164965278
7.33635236973697
