2000 1 40.4626250396323
2000 2 11.0898542641878
2000 3 10.3246826243647
2000 4 23.4332393402739
2001 1 43.6435493769968
2001 2 17.4535068205528
2001 3 17.291520882238
2001 4 26.5524630996346
2002 1 25.3903229441419
2002 2 19.4609597160426
2002 3 9.4010848375447
2002 4 19.332857349705
2003 1 25.6679386449377
2003 2 14.0255078589038
2003 3 18.5185580886859
2003 4 30.1826539193605
2004 1 12.5832500625976
2004 2 7.01585175940913
2004 3 19.3187078864056
2004 4 28.4380964295025
2005 1 37.3715341853697
2005 2 8.60950857663115
2005 3 3.87119184706144
2005 4 17.0228686451769
2006 1 27.608293347848
2006 2 6.64254410643412
2006 3 12.6276700153404
2006 4 29.8286385385236
2007 1 36.111453110455
2007 2 9.09787604537097
2007 3 10.3359435558564
2007 4 29.6950141584228
2008 1 13.0601640923652
2008 2 9.65883628215406
2008 3 29.2989934060556
2008 4 23.4126497010213
2009 1 31.1206318788903
2009 2 12.3718469128258
2009 3 24.637827966987
2009 4 31.8017050924395
2010 1 16.3116366912749
2010 2 9.35166264482656
2010 3 5.61528232653581
2010 4 20.847815749484
2011 1 18.627998703045
2011 2 6.13983607309602
2011 3 12.8512768305129
2011 4 18.5193849823066
2012 1 32.5477887248188
2012 2 5.6785047128161
2012 3 9.72822882778036
2012 4 20.0780975092181
2013 1 23.7661224885713
2013 2 6.43695757400156
2013 3 7.59113647397501
2013 4 18.7915834304568
2014 1 35.716226610941
2014 2 14.0390889357881
2014 3 10.6575943201916
2014 4 16.1726893596675
2015 1 30.7473707577671
2015 2 7.53322811064202
2015 3 4.54438994686353
2015 4 21.5957199572004
2016 1 35.4187284971298
2016 2 12.5073912431123
2016 3 10.4736425570431
2016 4 29.2317817337658
2017 1 42.6355752598623
2017 2 6.14068106643998
2017 3 6.70761090889801
2017 4 26.8683431809838
2018 1 22.0053110829493
2018 2 6.82027856411747
2018 3 10.4832019270282
2018 4 45.2093614599473
2019 1 19.6242200039462
2019 2 14.6021936520206
2019 3 15.6728017050134
2019 4 30.2608230435536
