0
20.591187712586
59.6742886424484
29.1560665801289
51.7691834991358
12.4165015784966
10.1780100858991
10.6750511281677
9.52412179542143
9.95148359264324
11.4984424850295
13.4674810060612
15.6862659858718
32.6274538840181
37.8405864727068
37.5186845799336
49.7684141740599
14.4131430780576
14.6605900359497
23.2867873476511
8.84882992902626
12.3104599753252
30.7152727423626
20.0555460559416
14.8916465216655
24.1247766254606
23.9574858920888
25.1294006149141
25.6512452733698
35.4794705278625
11.1220149741342
11.7813936461312
10.5881452326578
6.13875290051214
11.4763563794642
14.3575203596052
18.3697171405975
18.8088908763888
51.4399299579493
36.8083354490427
14.5275418408327
22.9980752952914
13.1955057115434
5.88294256987647
6.3818614980246
18.9754731620016
30.1983396060316
32.1120777025063
21.0933039802308
24.2713660794317
32.9386021525014
15.4492636246653
9.71723650052987
12.5430329249919
5.42451939872781
3.08000295450766
8.40902852839921
14.1774164800541
35.3696786507635
35.4491135058463
17.2574582922728
14.3030513684007
23.8674192409596
50.4313930187491
24.3116753519903
7.37194555393825
12.1069177749486
6.34966240100656
2.3235138409774
3.58807063058768
5.70199106961924
12.6635456790744
20.8634871378796
28.1990898050232
44.8554658774229
35.7411265034744
19.4754601922216
10.3557212408763
5.66921206379392
3.90269901463218
6.01377030492597
8.04223381061637
23.8270059304788
25.3965113337687
30.9935435304727
29.4240213197322
44.5707679796596
49.5480114101932
22.6748948107168
6.91765596251058
12.5074672219368
7.8685049516655
9.25521383188757
8.17933392749993
13.5732829081817
13.7917238038269
23.2222549952605
17.9388260284953
30.7161514708363
13.1771694230714
12.943158761659
13.1926669869151
9.45803482946234
6.32580703008474
11.9212231144266
38.2985126207062
37.6772444830339
21.773366309493
26.6471689217291
23.4631305527086
51.0127200930453
37.2209159696877
25.0203477880929
16.3811915490665
9.62282542727542
11.1115237621356
19.8853539383787
21.1014843450145
32.9266456175679
26.0838008022751
24.23728104036
22.0151212106895
29.6291177802792
17.9935121085728
14.6297612739771
9.281596799284
13.2157709935207
5.557620141675
5.64597941313943
3.25908314024334
7.94078442622465
7.50974296660717
10.0158846670523
10.1438546492918
24.7412727060298
24.6997095884756
12.5562878176145
7.58169968652846
6.24417543332938
4.59363309943022
2.3810466838512
13.201625872071
22.9711579356166
29.1765279068523
22.8006597770621
17.759033891903
19.9133490213023
39.9941900463473
25.1013874032903
7.70542008568969
4.66482163154724
4.66527242121136
2.76176907796376
13.4145416146014
13.008375790776
19.8393473466051
18.8175129225839
19.0301559955516
24.9858089546412
23.8265079480174
23.7057370291251
9.01207893496236
6.77691715191862
3.52187663512369
4.37544585553284
3.95308750155409
14.4448760648381
12.3328558490502
14.7685525281174
15.4767050429795
22.6340685230002
37.5541301985856
33.8783230232964
28.2123439490518
9.60580959563757
4.29911326267507
3.94171636020082
14.695289716765
13.335776883609
11.8114313445728
14.2454912747651
18.9716428204033
40.5052640702076
39.3852314947702
22.109510020764
11.545728152315
6.29739782563693
4.75655835397413
1.84724678006
2.71406363728981
9.07185942324077
12.6604816634257
14.2296544985176
23.934604876561
53.3870914700772
51.7729957399089
19.0644612543507
14.0362629879792
14.7274835281865
8.75842721317106
5.00028114495029
15.2268077205778
11.1938388056012
25.3757760899076
27.3517063453589
28.6927785214269
36.8707525539488
60.7313997232509
24.5397507964737
9.34031041109279
6.3668532030216
2.71487958520554
1.97058871350274
3.67857004323842
14.4736739699529
14.5581353032005
19.5364559640758
77.4088988497952
51.2495075321835
27.4435056833475
16.5671164825511
4.9530370490403
9.62038713790846
5.88741150540364
5.592349371568
12.3006100166538
13.5566463928628
32.6425834937349
17.2105328564036
27.0796613697161
38.1816495076407
24.3483909631231
14.9000490447693
7.74687199803867
22.6120639350582
13.4476450229648
11.6162020742187
5.32122069262368
30.0809823481979
38.571448440454
