0
26.710848058823
25.2219653316823
26.8153757866347
20.8457220176008
8.60335670335096
6.37950795477963
5.96089948438099
6.61666899018062
6.55335230612963
5.73496075552896
7.71905234931517
22.1036022496246
27.1244928364752
31.0032855679822
44.8273204782266
24.5731511113067
13.7165835566982
6.98847801694698
5.48400153379949
3.52112553597267
3.73322611742251
17.3930631705176
26.1771418531832
27.8886769935545
39.7626574558851
60.0937165980959
32.7881863744349
18.404584467634
14.8534348984023
8.26821727161133
8.40199091004131
7.84897320946147
15.1659003264263
26.1879196149791
30.72768742646
35.4653257989424
33.4905415020254
39.3549976347421
33.8744437505023
31.3275429119041
22.2733431124978
12.3898638133256
8.62262996573405
9.99311948815971
5.11520795845539
6.47408431627717
15.4429104775449
38.6820186186265
34.4737783758887
78.2614975876202
48.4943284919327
36.354521483795
12.4316205133623
4.52872465611544
3.09474431619354
2.48932470712573
7.15673317191662
7.33119529304458
16.444333718278
12.3591607756551
20.2032987965342
35.0386803042087
31.0097753474769
31.876766851917
15.6445456063904
8.89627173712117
10.7470163215654
24.5718456602669
12.2896625805423
27.5189723439761
25.9813909779818
15.796711276312
24.0613704608162
41.2075746456712
40.0508604784549
16.515685561441
11.4740888109617
5.58590940540546
58.8365825421973
14.872175946698
76.7342496357523
36.819213691809
13.922623925011
16.8444170739288
28.3379337029806
38.6845282003994
49.7969944098805
16.8590316393348
8.82482801812931
7.8179789639794
4.12715746424033
13.9953815217929
7.8685483794018
10.3192179836727
20.7564953159686
13.1720129773844
15.815744319197
18.880240261426
16.7689773625556
17.247544670198
12.3405752126588
4.69632584612235
2.46592579271035
1.96470695696567
2.30150402544601
9.82531364851339
27.6566103176714
27.4498142286526
22.0801682148884
43.5195705216656
37.4255669466041
17.7952377485001
8.08906872253407
12.0096495420134
9.65286645803405
11.7983730041657
10.6952058090268
15.6028780896164
9.2579768634224
13.8300549030453
15.4618818563098
49.9876546286326
31.747428650848
10.4467267302359
10.0418398326804
13.4145072533314
14.3016192883027
5.22038046474282
28.6244575049971
29.6328151301906
29.3286451956021
23.6364887399354
40.4026455042957
28.8968796814375
50.2277023497271
24.1855995931541
14.2627217412662
19.9889290464679
8.88354772912355
25.7872856392274
13.2527781406803
10.7693268981932
8.65515253260605
6.4647546070621
15.5981249683954
50.8546501178676
46.2927795450193
23.4009130195751
15.8375482858303
9.55718416109001
5.28240554406581
4.01833048660535
3.34529740908005
7.77508883798918
9.89911545051699
12.3970780800877
17.607945587839
41.8615522807616
25.4282908492837
14.0887527225539
6.72811047963816
3.50560618190353
4.14698577085591
7.24907997694337
12.3956123719639
11.7515136400414
11.6759269354005
12.9974156733002
12.0158992286801
51.9889475690016
21.86296581504
12.4286263604726
11.5594342470758
4.70776277026539
3.99898089705002
5.30668119171516
2.61285905068238
13.1110451010906
9.71791194522458
22.2831187739836
22.931457734039
46.322989683512
26.5395658775581
10.4171174179872
5.05512391122894
5.32443108999384
5.49470769154057
2.63381422254404
2.18690240094037
3.76713864803509
7.17962706887024
7.82987168068139
12.7095572988109
26.7064968144259
19.5236265510422
10.1618375183878
5.85140525240204
5.69334649713161
6.18440864522681
7.92295685320448
7.86615468381431
8.24801399484168
9.60373719448518
12.084030998139
19.9394426757992
30.3305236977402
15.2173792250612
10.8595879550073
7.66285175596052
12.7963682190839
3.59489787860672
10.3853792486695
12.0757230491214
15.5400738477947
13.3448216807555
13.3180871659087
15.2380771947843
23.9523154458193
48.8581179168768
34.2531608659976
21.4385990966308
14.8202831506631
7.10853131765154
4.72384061425754
7.04207961224606
8.48563473440592
20.3384284158465
14.0486355487459
13.3461150400636
37.1023916539891
23.387604364561
20.750876708243
35.5862665049847
6.6318943422828
3.09253046589165
5.54239103828611
6.52031642792559
20.0245206685868
24.8225325269869
18.7448936177784
24.0645550935136
34.2419930838805
40.7817551532379
15.9669653356498
13.0086550718068
17.4359235147488
11.9536109409639
11.0298588476036
6.39392187188954
24.4468320018226
31.2816847300077
14.5723890878168
28.8925547920384
48.5366703503268
35.4002533698239
25.7229385885257
14.2075435351572
6.15586015716716
7.73261899483465
5.60964228725977
5.52942726376539
9.25450359556443
12.018970658543
9.72551520263008
21.7050872072172
47.9070147023615
20.3791404499435
19.553595909453
9.73557129968385
7.02270378199897
17.5194631788827
9.62722216968597
9.09751585112047
16.1849550722004
19.7989814751069
17.4990938846632
24.6515260379386
44.1240265530853
51.9981718986776
46.3369934819221
51.7655570362253
14.2075281323351
6.96560117522627
3.93904850840255
5.1796375920043
32.1618571707098
40.0628933566815
31.5641263600287
26.4310705077897
41.0846401233718
44.8045757909295
35.6867235471022
29.4299601380574
11.5129338954839
9.32090478267635
4.4816718576016
5.89623466570531
6.63633227430958
41.6160778922196
29.5682279113214
24.8162471160718
47.6891746558401
29.9573602364868
23.79034790822
14.2432157358801
10.2093175934139
7.71815725012732
20.0309016858846
9.19738682488377
12.8827078391813
17.6377943443087
28.3900435948929
29.8460920130115
45.6626842558959
24.5519709759408
17.1909501548627
19.0798848344106
35.6624286901589
27.9377217607216
37.6790789841162
24.9823824903104
28.4168942626928
25.3317589757058
18.9554500320436
38.4166125942212
47.9707562198141
27.6835249283483
23.8911129791999
13.3435222459053
7.10325244131215
16.3771886578899
8.1447903446401
13.0540300329484
7.33625722851493
6.89890488953537
5.99991913604001
12.1885182446031
58.0087090217498
36.9216818041061
19.7281838587807
11.3866631624007
11.8507301610965
13.526760213129
31.9188565354448
31.8434930320817
35.1725690624833
28.7059636587638
42.4875088815274
23.1476044028806
35.467049248306
40.0150138713317
24.8078635488326
15.3534284459446
5.74639757387167
10.864149866002
3.85719281240429
3.98179914671663
5.0754038470225
11.5946515680695
42.7619105236965
20.8682278383071
73.071417413232
44.0351109730793
40.784003437947
9.59025740357869
10.9366800069781
12.7746941598072
14.5331286637544
20.7309004195091
21.2860632800743
17.0810411965083
13.047478034893
11.5781282225354
51.7398433609965
42.3398963225434
14.1587368578913
13.2116636755322
6.62385940115328
3.38094031211158
2.61691575487516
4.11935824750325
7.9577872625295
5.88596897684509
4.93468249166388
62.8678410511844
16.2352019168726
19.3449689218779
13.1758520741987
8.72261288076563
7.49855022129437
3.220429167675
4.188870603651
12.526773042648
9.20574655068146
19.2422694423128
12.0967549282106
25.5432510951276
63.9652624347767
36.5629567109235
17.2038714078852
42.1485211157564
16.0648149258339
5.19584570269965
4.33221882167871
3.65863789756219
6.51528985814097
7.04458683427159
15.6957296740263
27.7093380922186
63.8717520287372
85.5652678281741
41.7670468464081
17.8254846848883
7.81145673152438
6.19594765340659
4.12367392997158
8.18046772035452
28.2633570509482
33.4422882408851
20.0378377633555
88.1999655284516
39.1938620744723
54.0106731894437
85.6780025836578
14.9181402028299
11.9652999290311
4.60929242442497
2.35689207499664
3.95600411049817
7.77980854858341
12.7956451909259
8.59615072937067
12.8794118196114
25.0686920299523
11.9738199326885
14.4268793025575
9.33975080691576
9.59236238659896
9.35189555709246
13.4062882335279
9.23350384100382
25.9887743699298
14.7902029873737
28.9531110012492
29.2755868625506
49.5629215290712
18.0164387683943
13.2217054720016
16.165071009021
30.0930690698735
7.81142318132346
4.19456030926612
4.93631417847968
16.0247117540237
35.1216677798837
29.4890259815028
18.9490876363655
39.8539062855119
53.40276042086
13.534355099585
10.7662686012483
6.59898326349036
7.70416245820435
25.5646453443381
21.3580644950281
16.9154237252546
12.9725053166961
12.8711765641501
23.0736890800713
30.9731340047925
23.6242700852433
20.0349032700252
6.77326272355273
20.2245579817688
13.5637191018532
5.7459350803267
6.0779805419455
24.6859012798879
13.2469766332217
12.7434199634472
16.5799190752637
24.5542739697878
25.5866587914244
51.0157304786684
30.8251283254076
14.5459651458435
15.9609951470686
17.0793978378502
39.5727592403623
20.6101936518378
9.00259563286304
26.0500049017234
31.7193912053757
31.9717001513736
31.6984997149163
43.1991393125856
12.6748171756358
7.33188119975144
31.4701153839355
9.23751582128861
22.5463608855141
18.3107020283898
28.5802614168307
19.943832023073
21.7405326095661
35.4796133425608
32.6564058233571
20.0079416911793
8.82272338590444
3.56388988741792
22.6597762518943
32.3733342205444
20.901882296893
23.4745702504141
22.7392748681998
19.8827069776881
21.4131487287836
32.6401684498175
35.2179620900184
24.7097320106246
15.0429165887721
13.8261652383154
16.3179906228169
8.757315942524
7.12862668808451
15.5757377900022
21.3168066953107
20.3188373730257
18.3684275083353
55.0307312941852
68.8722259134967
15.8859641981608
6.29707126159918
5.05020841985107
3.4160076321243
6.17741140983413
9.61803385299556
15.9302055878491
20.2403335636062
11.5210125195551
13.5079155690648
56.7883947356508
72.8845197256019
28.184155298403
11.1978888213479
13.0517923210382
11.5559141129375
12.8456914406568
5.89859658601405
9.86070994830244
23.2082685319267
25.892966809402
22.1384775385555
28.1957542088904
19.3895327600381
10.907396520739
8.06953451326088
9.27307186778565
6.71838813964799
5.29664058937436
48.3285994431688
35.3523049238892
17.1416709912833
28.9987012238376
30.4490324765312
33.2067240435213
96.4570762091467
28.9917412873888
26.1080918512307
27.6061664063521
6.68682015778677
21.0210585590164
24.4067935315129
22.8595853019732
48.1413896795214
26.7042508983906
28.4338051522931
49.6672155808522
27.8091258967278
21.9951747983893
7.43476759475813
7.88489629982891
13.277086583292
6.74556127908214
6.59569538575198
26.3680304736639
16.9162927258527
31.6254266207924
35.672063094744
29.703120312855
21.3776370832647
33.2788323812286
41.0859722069617
9.1627627262098
3.74836718409114
3.18021834075325
8.93996935263214
8.77761402631056
7.82401970816941
16.2745558252951
30.3108318317687
54.3418112622279
17.0006461522156
18.9676717115573
10.9454231931326
5.26126949252515
6.64715465094357
56.818192115504
19.7219539327815
16.5673905761989
13.1388556733789
14.043608770244
22.8354521234855
41.5985957503019
34.4099477632397
28.0774355005784
44.3275778879974
32.085584684858
17.952868725801
15.7488849462916
9.0497846398518
9.76065321123909
13.6624216895891
12.641813826504
21.1712913317491
56.5397707939919
38.8411051512316
20.2232841529401
21.9584218730234
9.08034674631767
3.77131132659438
8.93020020726401
4.02115711836393
3.62444593239935
6.01347442258319
7.11646630733272
10.8127643970976
20.9739505431466
21.5213806471871
24.7627691376583
18.3645158110244
7.20565797843999
5.72435163885676
5.15956367584896
10.2473561271775
22.0006390186731
25.8292530308477
16.4241388267826
19.2165460611857
59.4792061708657
28.1257513843443
25.3975490883209
18.7777809531202
7.62266364284756
23.0401869460761
45.286236297668
30.233185456631
23.6425420977456
31.8878790312877
15.8904597659999
17.3262801500381
34.9632173731548
38.6873137755331
23.4347688731482
8.83330089429972
7.98736412108517
8.34750355058151
28.6573486567607
11.4138425402282
12.8392348859836
15.9799593802507
20.633683755857
30.0334072182526
39.0954372654035
66.8464863721805
17.9664291727224
16.695691390801
13.8905064050565
9.32194344041807
4.73708582149514
78.9554751855218
39.4495516449986
24.834780861239
48.0041316469807
29.4798523035335
19.9872163666547
20.0022044913597
30.4581539194941
31.4768823761687
12.9304406446498
10.0338149338622
8.56205396351822
21.8051802659577
22.4293243419995
16.3109137566722
16.2356162425168
13.9424102199486
33.0361974482642
67.3502611523287
22.2171453763923
13.2831907794701
16.206315974783
4.65504511151818
4.62402182523501
7.66720838236906
9.40791518171091
16.854650556875
16.4972990849479
66.0520137685988
83.9522530573987
37.519528003685
13.151350597335
23.3123876072587
24.2568861047856
10.0616625930949
32.3949390978117
14.538981590674
16.480667383553
33.0679021036351
17.533533998288
20.6431549736528
38.6261402303586
25.6768205713963
21.729084226925
25.7960174174035
40.1824953658617
13.8086725070335
5.30128418730343
14.4761362810553
14.1340030391316
19.8953726155303
20.8140610772947
33.8316703071933
66.7205157370661
16.6675270523879
10.2253600846416
9.16056394693912
6.90964754790485
4.16336281273198
7.02175893653257
15.8988619475995
18.6224897930415
21.4820292808182
