0
20.4851541048755
16.9727681620527
11.8647670389107
6.03260391938246
4.53603791208758
22.6032917534212
16.2401306257775
18.5739570754972
15.208287575025
44.7278315325219
26.7568089770395
35.1410786809168
19.9088168103034
17.8247607993083
16.7184407057584
11.0463806202366
12.1870922881447
9.0997350904799
23.8892660212328
38.9092349315784
24.0430263324338
13.6545784605961
22.7593783541559
54.7265072459375
49.6437977524657
22.6228361623987
11.2225090718269
19.2337848794991
32.709893645659
6.38158300536848
4.42961486291907
7.75442726597921
14.1616981015173
32.2641203985329
50.1572053145023
27.836642490806
24.9503791404726
25.513038925294
25.2853008884723
14.0025714831
8.03750391443492
9.4966881849935
6.94111633863943
16.8495668676191
21.7763498799772
9.32225056909491
13.6329925494556
40.1966692848177
30.8650560730514
41.5959844508298
24.4022906943876
22.5864936976349
33.140494095555
57.6226207001856
67.2065860078354
16.8042551616604
15.7601394671123
14.3324029864686
13.1192745793069
21.2662632134352
29.5365286443278
61.5187030097879
37.4062408231018
17.0600888562978
40.6163990971448
19.7756633148235
10.6936542889671
15.5656505077412
11.2005909139887
11.7998789603268
19.1573472903824
50.6607705668587
30.718567771112
21.6759261694707
18.2964588979625
8.10023011906444
4.40044047612489
28.1088863787361
27.9254001161127
12.4189418232215
9.75890169120367
6.81756888379437
8.1025468802342
17.5049267661006
43.6077257789525
54.7183064990859
31.9567600204164
32.2191392043241
26.2205907197731
11.441368791284
18.4471383683364
40.5972885651171
11.0826685899658
15.7614191290779
18.1332734991484
21.4140368244272
21.6931789860903
13.7068979041112
8.41588093576812
19.4558589961461
17.2273365895505
14.4507194324986
10.3013651683278
5.2550886943517
7.69658299243997
47.4473981634887
32.5629564091165
32.3707046513416
56.1040386138539
19.9723911540036
25.0913153582867
13.1783725513828
14.3035458319385
24.0654364602641
15.2219400771052
11.8775156721435
19.753110252542
37.660359880125
31.6295140602252
64.9697913947314
35.0778205455842
16.6135476085931
29.7699874056897
34.1773512748423
60.0099090272516
34.4365097651296
23.9406335936178
30.7335866322157
29.2782129065027
29.0914320786672
35.6999436645678
36.5743203812494
19.7510006898549
13.5471688961629
5.80502349484115
3.28695565572811
2.42342139686712
9.26541463410055
6.14149235765679
17.6337391140276
15.9368694101491
15.8690934978734
22.4201022475003
51.6107218621181
70.3916476244762
22.042928952977
8.75279071924256
4.41434400052282
2.14420484935553
4.99942736823949
5.47913563689507
6.06140593365498
9.3905513783421
16.0377975251383
20.6478129241089
34.3927919419768
15.2737233235909
7.13060503734197
8.075591530291
8.11689932027138
2.03080100890229
24.3120861022982
14.6398769605481
14.4679290830292
23.9782949325715
47.3612107621555
23.4191024428623
27.9841964244299
49.8442579724518
52.9919154900404
30.4014151842955
5.25972685106199
7.56285026669119
25.3227644847812
13.3314555562559
9.44822394114789
32.8984495160227
18.7637277837329
16.7396460032177
23.6496421509447
79.7185575237046
32.6350288639549
24.1356261032701
23.0572699918851
40.4732129039242
37.3811837282316
12.6462398958714
8.38782132363168
17.9926892253281
12.8076660923629
31.4607990326942
54.7982709139384
22.0652407666144
17.0256331023316
17.7616102795852
15.6676791969342
37.8245588987342
12.0950212579041
15.7954926325006
18.2267175983944
14.3801543161303
11.0899043882724
13.7201715408811
16.760314429802
56.0597240231811
91.7095412917131
53.5901006024835
16.2662301767919
26.8075916156842
7.39942353543278
23.5707045079625
24.2537477815584
16.3922901896519
12.2257666847485
11.6002059987528
21.3824026322076
41.1393573892038
23.3652073014477
37.158099220198
27.7497570666337
21.9384685050288
19.4073133559901
7.2118349938494
24.7845601717333
19.9234682423814
12.5614051427037
15.3833638339241
48.4338721505585
20.5112184343306
37.474189655667
14.0919349748034
13.6249840768977
11.221602158442
11.0976651231334
6.19479207345489
7.57142338770346
12.9934418298573
9.4488713301513
8.73379922100906
47.3607333246402
51.7318374089204
36.4361171814332
26.1006834509331
14.2420983376173
41.4781933800325
43.6574839743811
54.9072597923442
40.4709564816244
37.7349860399885
17.1652198365803
16.489451672831
42.2859369541499
41.9352436278586
23.2569132396596
15.4664950579473
9.61343735695745
9.74133131400105
16.6078564604825
19.3314323012824
27.7137797570532
19.5872797203778
15.0632038739539
23.2906452414964
33.9550505470512
35.8753805905424
14.8650977386175
7.00295688713972
8.88102730853418
16.1547797129469
26.6408187490587
42.8564385937089
16.3930436659442
33.0905745281578
34.5382206243023
24.9687333939751
69.4918071376171
28.5241240054161
14.5292441342743
49.1047641603555
40.4954610362905
24.4159717940082
32.3869683267684
36.5435845316561
16.0624427645626
15.8288803102504
31.4404451201044
14.519710530553
19.0806440541047
7.74828764050408
18.9972907826924
28.1767355383677
14.3599970475822
11.7008479775453
13.1984084400357
15.6234063058762
33.8685472740236
20.72846582757
13.9226340621322
37.3006950034829
35.4269988396116
77.146277179256
39.7703446345582
8.98888147580673
9.3817525104637
3.14628654084471
23.185549971348
24.2703805089866
40.0208881989665
24.8033426997936
18.9389320162289
13.4586466932675
53.4123128731542
23.010973998428
17.4298806772206
8.42780673132756
8.66800461194587
3.20579667284278
1.90807668257511
7.92549054523037
6.72831879274055
9.55546691520927
6.90838344906828
22.9214479584862
41.895151976228
79.4144101473998
51.3228885216716
14.8619722599805
32.3005500444148
14.9242584470634
14.9403927368731
65.5498924690818
19.8595463713555
26.967992016227
17.6524802041811
21.6546423916084
30.5819832602966
22.7933580105442
36.4888965200213
29.2599251588879
14.1898188693126
5.86235256944904
16.1729536536323
5.69218767270058
8.00482985862676
12.2144676969264
14.8300047418458
32.2912088606086
26.117874877669
48.2783929264417
23.4934048334802
22.4939372403169
50.5465434241123
29.2678243638322
9.26951770422296
8.49944638307133
3.87270001025039
3.27416696696908
2.30825616243336
4.83361698876464
26.0221670779143
27.457160530243
29.3273636400741
43.4381289883447
30.2491480571068
17.5706834438254
23.7276402761543
33.6987378763524
30.8416012523897
39.2604273400355
37.7065483847875
20.1056749237995
27.5304892141291
30.6380694419282
40.6622701369462
36.0197278634227
22.6769443280254
13.4761422800941
87.6976683198219
19.1745310501756
7.65775186413882
20.646704796197
18.7116573303428
29.9998889274998
26.6355963891401
14.4208783135939
17.407507876131
41.1024796021678
35.4176435507337
39.7689683999475
9.73614162502515
34.0203565376629
26.9550791865575
15.7268801569614
22.8115872020883
21.5447024767531
28.9639916325935
20.1997068680832
13.3014749842573
40.6012653883894
24.5049633739394
16.6963376661634
8.63075713412764
10.422565564727
21.033835312491
12.6806349764893
14.235413445261
25.9072008746675
40.4942454655036
9.76021648332205
16.8016205235956
15.9345971680297
33.3769886322785
57.6534704465623
15.3594472450272
7.86305312509766
12.9419767620689
14.6747567818009
23.4364138783981
19.9434884502408
30.6721100766691
19.4715534632572
10.5108236008892
5.80638122083108
5.15765318347339
11.6971230331061
11.2481078149827
30.614793550354
23.4664416247352
17.733162559125
32.9755682213666
53.2995207562948
76.2945807797068
27.461467721916
15.9739923092595
11.2481808855545
9.7470687523108
15.1715051516973
20.6114199335547
23.5421566922298
20.659335277565
12.3009836080631
15.978271904095
22.0119699494162
35.2998767599471
53.5431906307406
14.568789028254
31.6424662416519
28.2951113477397
25.1769924357656
8.99823744760644
11.9415107361853
15.9240450886158
32.3697721315976
28.1557558206503
43.4391177012838
39.8136053023421
51.5190857716954
20.3875194468939
20.0261484373716
11.3810618894852
14.5917319606171
9.00485704496365
10.9455251008156
66.1938886959415
69.7387298400002
35.1422095567427
34.063460950162
31.1285385347264
21.743718755684
22.089356426135
6.82375743120971
5.00064046285709
9.62293893076661
6.29293812907781
3.10803273618797
15.8281003150461
9.5947167225387
16.8019880668777
27.6194602537476
31.7997989835971
31.7732745885848
31.9167837737021
20.9306701422483
15.9064314194358
10.9350667455825
4.02635036104258
2.31568294005128
30.4273263363551
43.2595872776126
32.9508490283668
18.3555119816514
30.0858436928114
16.2145571268532
15.0953436615675
15.7490194469907
21.3299159973167
13.5422077055354
3.88855422007927
5.09987757257203
9.51713357047442
33.6177925856527
14.4066649411254
44.013637368065
68.087963562388
21.3825880300588
17.8314232443194
15.8556291687705
9.93595939456576
8.27908567828022
10.0844550293469
8.33940790415809
6.51863602619968
6.09297327934092
20.9535261617448
75.301366463282
23.7804280582417
56.2175228600494
36.6430697572923
18.7009579729777
16.1262135826484
7.6103783886632
7.24202588871051
4.04349400686009
12.9620910070087
6.30413248467798
7.65208959143977
10.2542073414797
15.0205096671178
26.2769524373072
20.5475824063769
23.7101092791485
24.5812672646009
12.4363210575925
12.1850756072703
7.88859686801916
28.9733312623896
25.8717795124731
55.6034989346382
37.923737823654
65.4207676735368
71.5645721122562
16.8720876592984
34.8156882359521
29.9952088460481
46.0635445525082
27.4530382342894
22.7825101944163
32.642616421426
30.9531551029632
23.7669757961417
29.4274538768526
21.0067468936264
12.543854545276
34.830396309037
29.5663206979159
17.5755273944307
12.2351237651493
20.7279019269661
13.6085158236906
8.22605118082017
33.1825775726459
30.7382825589716
30.0693536652491
47.5432864113695
29.4130393013504
13.6177719259525
21.9944437169568
14.3185836185379
31.2243353090546
11.0282597910857
13.6315516025577
21.8807681863365
20.7715004435724
10.041223999243
26.8242934076619
9.16179458719504
24.7075791182068
31.6991288203815
18.6418540905259
8.83783156526194
30.3002048397625
16.0191909639677
13.798046910498
34.7452739490682
46.6433294867461
18.6456691762839
22.6556853564745
39.257275865703
13.049751119085
6.33276838403666
8.63630511047416
13.0022722935835
7.5042097614117
37.2194958479226
14.8813214982414
23.2521639738058
36.4350651957404
28.9996115483202
32.4637388577635
12.3151569876265
9.6699714789694
25.2450751367118
22.344263981858
43.2828935220683
30.1529829587421
29.8477001540407
77.351383205467
16.3756781190744
61.2972933863042
31.542438538951
19.2965826056509
19.5253589688945
11.5071528303685
11.3909756537027
14.6245368191323
31.1967899701192
16.1417603721154
4.82417801287165
2.79391007923427
3.60435706473551
5.30007046587948
8.10949427243568
18.586311596748
40.6945409764163
26.6855465423533
16.4381377988055
11.3561619056987
14.2432857229364
4.38671237023629
9.90300158959167
13.2158476644559
38.1712586037035
36.4540976123463
18.9327062374568
32.0713393779763
38.5617072681924
25.7928099529737
38.7644607733189
49.0076580195347
25.0710518260529
9.29212794957797
28.7710695164071
23.0017924235902
11.1373575427678
16.2974336791704
37.7911233067594
33.698518973765
47.7917786015252
63.0095893398112
31.9323390431981
29.1255571085876
19.7335388566128
14.2248839298568
6.17474248602514
3.06907786065003
7.102898281487
7.5170265265356
26.2763592723871
29.4775723551036
35.1212775705914
51.9087517439609
81.4225074424919
35.7743036277255
27.2958097050794
43.6458033961486
43.6523285515831
43.619360103105
15.0533014813088
9.57540653859094
18.5167539121057
10.1807224137729
47.7569369717943
48.2668615180127
59.4057303304049
26.2562692168215
21.1774293100844
14.3345885181051
9.22048164559135
5.32386157552335
12.092556665356
8.48192664984775
17.8364989174371
28.5289913471949
75.4904788140206
24.3216135681175
19.9606753267856
14.8035774830217
26.1020700803742
14.9827912152486
55.4912299678809
98.5723596417498
21.434339824118
11.0454036390042
22.8688127614505
16.2908312821406
26.5554862925181
23.0413739613203
22.7461106236191
70.1718996316318
23.9117879891001
25.3968352688217
21.6214439911106
27.1875420481225
14.2201629228917
10.3171464197839
13.8755970026747
25.650276144151
9.0254359842678
11.4971424812767
10.2386154350702
13.7123034294521
25.593075742087
19.1356618614239
69.7882601353445
19.668433361416
21.5392897535236
17.2736432280401
10.6261291524164
17.3236138103641
57.8073429183982
47.7370143042771
21.8528525730562
93.1159182887308
38.3217663265141
22.4282012146843
13.6439635920327
19.6164960872613
17.9282657546895
35.7453460516258
48.4266713014074
49.903477252373
76.6317080169187
77.5621674673944
27.8245123598929
32.682411538918
31.5252349405625
23.7465905208122
35.5316912294486
47.0146476825677
51.9939198260156
51.8597121868647
22.8697385933743
27.8475453696981
24.8657252287404
29.6206625492346
15.38285762489
9.28485589839784
4.4229740153117
18.5389425153996
14.5764017474685
13.7035713428951
12.2065233687079
7.4558546535178
19.6714742088841
22.3769747965996
47.0217880046373
20.2903493767151
11.6608310419546
8.70397101252976
5.05559076342779
3.9705476371603
3.85034909553218
4.37795674219493
8.81108914055339
8.83898321253024
26.9003350033035
26.4589046451746
21.781407932301
15.2486312061134
11.2088167762983
7.12222331320842
8.2571654621677
45.6356969625511
12.4929143448226
6.7865553218184
20.6757540472323
38.632677647251
29.149312952452
37.3310968608682
51.9710960500581
27.1833936900043
23.5216109436673
9.68725699845002
8.42745081804572
5.43276506765715
3.8828132931344
11.5767271425902
26.3449670671014
32.2974402260092
32.1037025858627
16.3519423672478
21.9180514896353
13.642634287713
19.4494007567591
12.6881621516589
11.6795174493778
7.33338955526477
45.8089299207867
23.261353802652
58.3675430769469
34.7860840854229
36.3512423153371
38.6583629669401
28.5955954429934
18.1768771368381
32.6777277026872
36.0664677352309
6.19042140688112
3.5912919197155
2.59964317571984
2.49852994163796
10.6292420548003
10.2289141632482
11.0900414459572
17.6717069544585
22.1948659444455
27.1743860121991
36.7961663401362
15.3484429511834
11.0501403346237
5.42505466850555
8.08891576157036
8.44537368783406
2.77566268458909
15.1604481226943
11.8114580050777
16.6389822014023
35.4113717558607
39.6951283457084
30.2241039625868
18.1289877554907
10.4107108297906
11.272225665493
9.3621868033111
6.33801152032918
5.75358560840635
6.72329838409545
9.17268634798515
21.8247558657527
24.4769893078111
28.5021135903929
25.911038383751
28.4930961592175
22.6322720437825
27.3376631994448
9.92602941730289
9.93261563916887
6.25893114462842
8.18981190239866
15.185017548474
26.0861317531145
26.354082483054
76.9169898407291
24.6075502350121
33.1894037155617
26.3409803359257
68.1787495901057
17.0931849494134
16.7593250714348
16.2944664611326
41.8943938778288
20.5894018687226
14.7881726120714
32.0133093100798
19.707726728765
13.3683599779449
11.2527442592575
10.9702965503442
24.4213046594397
22.3924716066419
9.05176823446708
11.0411380286467
8.01876308710514
6.53036579425348
30.5177220796803
41.9872950115888
32.4545492405835
17.5322197351372
11.0810910158596
13.1575962743397
19.802389804576
27.7792884568214
11.5926564149044
16.1508455089481
12.7735440269948
19.3787290032223
43.7761553038575
38.6626103341133
28.8754030363815
16.8342882362462
8.18845635481704
13.2198769358442
11.7479727596605
19.9776268342202
18.8767411798396
13.465387307264
8.47189192040206
16.3062450600267
15.4436429597892
33.8495175136468
15.594201244587
15.6829833337091
28.7791574062894
15.2643540643104
11.9236073812292
13.3371072009994
18.5041021733665
24.3615007184302
35.193226303264
31.4941060730666
16.6871134987027
27.2851739466395
29.0531920668596
27.50710802565
24.3091568120654
20.1964731107278
24.1984367358983
9.95290333365069
17.8141583927048
33.4075948487759
38.8161046839956
22.8475084990896
26.4623700275103
25.5535167780762
17.5905553041855
5.59904119584785
14.653846049954
7.28235620081858
9.95625319848189
10.8245976152467
16.5789971123182
12.6127247881726
11.4759113917874
17.2565812216439
14.1930508727279
25.7718092557699
25.7553714132133
33.9913653019846
14.4264358597243
13.8101431752961
8.50589552340525
7.3615668269266
7.44156512059957
3.36539990342955
4.64131284066884
24.0206820948558
19.8115229671662
41.3153186523843
50.6782161378322
28.6135580937534
105.775416730322
12.5706739855499
14.3627606052315
8.07836829620953
10.9481684303845
9.46367796960211
15.8817521462252
16.5398940364685
20.1163761637595
41.0307356376241
26.559300164874
35.6226431760733
19.8500910002603
12.9565487701544
55.3947128916969
19.0999527095915
8.68722261830735
6.66953390612746
29.2558631022694
16.0003099228398
23.2778072252403
47.2707979227524
27.3209974916022
17.4174338597773
25.9864247227022
36.541259643477
27.8523323154172
163.927473937758
60.3715714017981
37.1719017786279
19.671833419974
26.1348696512616
50.5224107887963
31.5426456024102
24.997406239623
30.9133758856996
12.5979600910285
27.9673713650314
20.2762390015613
12.5165942917402
4.29161709316007
6.49865379440543
12.8752549307965
23.924067346764
25.1063782023016
86.495921139051
27.4265667015222
40.2826973242718
48.6838752659301
31.060022584048
36.4756163019562
58.5900660423256
13.9294236316001
11.4430919382989
25.2091104516199
21.4011112651922
26.2672578713379
51.7618430232467
19.8790183213662
15.9948440225379
10.0922005451436
30.9773103481402
35.0337081929835
27.6700933558903
13.4722835864449
14.098205237816
8.77114241831209
32.2435270496737
27.5655344907259
36.5629104139272
34.2551448991945
27.287077315744
36.4922442517656
43.7020416936945
16.8841922178705
12.3789067137801
10.0917536594459
5.00168166420107
7.43961952395503
23.1406720284767
27.6430163966572
55.9434369118451
14.7698331802835
27.5551728403868
21.1072350987627
15.6327185145611
44.7231171200817
22.602680032759
10.4622271609311
16.2462729271207
22.5435972056461
65.8955169337901
48.3215817567551
46.6093326143302
12.9731071322934
19.1307189301234
12.0337628968493
8.72536959425711
79.6865594067824
52.8036404200033
132.496861166896
56.7442775036204
66.9812029420911
26.3914363792834
21.1669479973637
24.364529729749
13.6966930851605
11.5288962434678
11.0224356302371
8.07378626350211
7.7318394059461
55.4217485695073
20.7835239647021
30.6122551749526
18.3806251492357
24.3210952922922
16.2418100439761
61.4099584643434
27.0605289086558
8.24126043208618
8.08035558268465
10.3362578637069
6.08262902150583
12.2796500502328
16.8521865770572
19.3569312908422
19.2403505540695
17.7063159048459
31.5467210530413
45.5448522405233
16.8967040328998
11.6082477933659
6.33913434301758
12.34843773132
5.85901781086616
24.7412825852719
29.7744283258795
34.9186042776076
24.6467836629029
48.331239243256
17.6278985524082
20.5365584719962
21.5307741352474
17.0760218345461
16.3591252988251
13.8417265745029
25.2605731712066
10.0663727944076
25.4618400427758
8.41149241714726
14.9989894425018
15.5770888959627
11.9278223040503
29.5240714600931
18.827988593829
28.9702522623585
15.7439756680506
10.8207549970324
12.348445992483
17.9059032442773
6.18565947013346
8.27641700900643
6.18175318681418
32.4140650918654
68.4973589421531
29.695132205477
31.3639765174793
31.1864543419273
10.7934479902569
11.4741898128856
4.56606644012531
3.06063010548867
14.7539141257965
4.91262423670665
7.95880621198689
11.5593840552438
41.8271910080532
41.9034475344523
27.1985260050762
42.9445599982991
16.6528273712464
7.25970862312701
5.66102019421532
2.97700280026577
3.05993586721747
2.11483758026604
2.26205481655404
4.0169287936944
4.67174967973644
12.1315442564431
19.4058295397862
22.4856222640904
24.2550088872604
25.8076723874483
16.9303131747572
5.31107584786819
2.45785625147377
25.6524474376629
23.8780303969327
19.8401212529128
22.4709900984392
45.3502485271494
67.5284974364415
78.8321643250248
29.9311694816194
28.7166165068144
7.99024664303202
56.478648502973
43.353335290115
22.3865734526346
18.6645914513805
32.034146805122
38.1545545014261
50.2064921352019
60.8902043383067
30.5111965772533
27.1004218731485
22.6799921664281
21.0478760077684
15.6050506730559
59.0534404881118
48.2140982114601
49.7949672540332
22.2883756584943
39.2673117735291
NA
NA
NA
NA
NA
NA
NA
NA
NA
NA
NA
NA
NA
NA
NA
NA
NA
NA
NA
NA
NA
NA
NA
NA
