Run	Gage	A	B	C	D	E	F	DIF	Sint	Gint	Aint	RMSE	ABCD	SqMi	Nash	RMSE	Lat	Long
1	1013500	0.9508	278.9	0.262	0.051	0.489	3.09	9.97	271.96	75.64	78.32	26.56	0	869.765991	0.787024799	24.19930703	47.00778	-68.57562
2	1017550	0.9720	262.0	0.175	0.296	0.240	0.46	10.00	302.32	120.33	13.74	19.01	0	3.87348	0.876355774	17.30589624	46.6431	-67.96973
3	1021470	0.8859	195.8	0.584	0.503	0.302	-4.66	5.17	236.46	86.47	1.00	19.73	0	6.216259	0.746675827	19.36415462	44.78037	-67.74614
4	1021480	0.9308	341.7	0.021	0.000	0.250	-1.70	9.05	326.44	19.80	68.29	23.66	0	29.628799	0.78998506	23.82405908	44.9869	-67.79255
5	1022260	0.7971	438.2	0.000	0.642	0.616	-1.02	8.02	60.31	61.24	49.17	22.69	0	62.5452	0.843400063	22.52624456	44.77489	-67.91327
7	1022500	0.8805	362.3	0.000	0.198	0.453	-4.15	5.26	184.81	5.35	146.75	30.47	0	221.466995	0.675593954	30.71518229	44.7811	-68.06102
9	1027200	0.9004	323.4	0.106	0.917	0.343	0.30	9.98	304.50	1.00	107.72	24.90	0	224.729003	0.857890642	24.84150988	46.0628	-70.10178
10	1029200	0.8867	397.3	0.071	0.784	0.261	0.26	9.02	102.33	199.93	117.82	36.95	0	171.792999	0.622438449	34.96864035	46.23613	-68.6331
11	1030500	0.8975	268.3	0.161	1.000	0.375	-0.71	9.17	88.71	199.96	65.42	30.54	0	1419.369995	0.715818092	28.92909143	45.80439	-68.1492
12	1031300	0.9572	191.1	0.494	0.933	0.069	-1.84	10.00	5.25	200.00	28.15	31.09	0	117.519996	0.774402147	29.69694342	45.33209	-69.66748
15	1037380	0.9652	318.0	0.000	0.544	0.565	-4.06	3.53	246.36	46.23	65.96	36.34	0	15.0668	0.716934613	36.3866448	44.36117	-69.09787
16	1044550	0.9594	380.5	0.392	1.000	0.428	0.38	10.00	358.92	15.01	62.60	19.39	0	192.957	0.881383439	19.4419003	45.44695	-70.26489
20	1052500	0.9278	315.5	0.000	0.831	0.706	0.25	10.00	78.04	124.17	177.73	22.57	0	148.194	0.889255104	22.27983736	44.96217	-71.1733
21	1054200	0.8639	310.6	0.167	1.000	0.415	2.46	10.00	26.24	156.25	27.92	33.86	0	69.876899	0.852891962	27.95899385	44.31045	-71.05925
22	1054300	0.8980	253.4	0.408	0.998	0.217	-3.28	6.94	275.89	54.75	1.00	26.41	0	130.397994	0.801514845	24.20425114	44.66758	-70.76115
23	1055000	0.7519	386.8	0.000	0.394	0.152	-4.00	5.91	216.12	90.23	17.54	31.45	0	96.771896	0.782546906	30.0149469	44.75182	-70.62656
24	1057000	0.9981	341.1	0.607	0.575	0.017	-1.53	10.00	51.25	161.99	50.35	24.88	0	73.713897	0.801103805	24.59327298	44.34505	-70.6025
25	1064300	0.9549	437.0	0.156	1.000	0.709	1.91	9.83	167.70	50.49	200.00	27.52	0	10.5922	0.814420614	28.14022207	44.24604	-71.2691
26	1064400	0.4336	288.7	0.000	1.000	0.422	3.80	10.00	36.58	25.81	53.29	42.23	0	4.69911	0.636985768	42.96864863	44.05977	-71.2007
27	1064801	0.9295	536.9	0.301	0.000	0.642	-0.65	7.98	352.52	122.05	19.23	33.18	0	66.949996	0.739781832	32.33081453	43.85529	-71.4027
29	1073000	0.9631	415.5	0.000	0.570	0.001	-2.85	4.24	296.61	48.90	50.33	19.99	0	12.0843	0.903233842	20.11469819	43.15717	-71.00616
30	1074520	0.9889	329.9	0.537	0.045	0.739	4.76	8.83	276.07	200.00	156.39	30.81	0	114.745002	0.736560632	31.94663276	44.11041	-71.54086
31	1075800	0.9402	389.2	0.227	0.072	0.704	-1.18	4.08	265.04	100.30	1.00	34.17	0	2.963049	0.603059312	34.23255919	43.85727	-71.86824
33	1078000	0.9306	432.0	0.077	0.528	0.214	-0.88	8.23	250.95	96.04	1.00	22.29	0	85.890602	0.803262073	22.18495833	43.56155	-71.89263
35	1085800	0.9492	370.8	0.224	0.092	0.744	-1.33	1.37	285.92	1.24	1.00	31.36	0	5.70197	0.70136698	31.46671338	43.26328	-72.05088
36	1086000	0.9421	347.1	0.000	0.578	0.536	0.03	6.99	281.23	27.43	131.62	25.00	0	147.326995	0.805880771	25.03131455	43.29709	-71.90951
38	1093800	0.9281	256.1	0.413	1.000	0.000	-1.98	4.36	7.32	34.89	168.43	20.42	0	3.62537	0.831747856	20.40245253	42.87108	-71.85449
44	1117370	0.9833	255.5	0.899	1.000	0.781	1.83	5.71	303.81	11.30	47.05	18.07	0	19.4894	0.901012741	18.15980915	41.58031	-71.56052
45	1117468	0.9979	240.0	1.000	0.897	0.943	2.06	8.16	164.02	29.46	200.00	17.02	0	9.78429	0.895186352	17.08383402	41.53813	-71.64443
46	1117800	0.9802	234.3	0.840	1.000	0.003	-3.47	6.01	109.48	200.00	32.48	16.41	0	35.044799	0.900159411	16.53956151	41.627	-71.75014
47	1118300	0.9449	285.0	0.180	0.977	1.000	-0.52	6.60	1.00	180.43	174.98	23.11	0	4.001699	0.891783494	23.20524154	41.4947	-71.84127
49	1121000	0.9954	250.0	0.595	1.000	0.419	-1.29	10.00	265.87	14.62	83.62	17.31	0	27.125	0.893379789	17.67552929	41.89066	-72.17576
50	1123000	0.9934	326.6	0.606	1.000	0.000	-3.63	5.96	118.50	115.93	130.55	15.86	0	30.059	0.893166496	15.96027441	41.75766	-72.05084
51	1127880	0.9275	292.0	0.183	0.990	0.941	0.16	10.00	83.37	40.43	174.84	28.89	0	6.549149	0.731208238	29.16978782	45.15858	-71.22028
52	1130000	0.9721	469.6	0.218	0.360	0.834	1.84	10.00	294.81	29.87	62.14	18.51	0	230.871002	0.881733924	18.69772305	44.61169	-71.35359
53	1134500	0.8200	263.1	0.000	0.037	0.339	-3.83	6.15	207.11	79.33	57.70	21.37	0	75.339797	0.819224185	21.17593807	44.57532	-71.79814
55	1135150	0.9732	354.1	0.350	0.266	0.037	-1.70	9.99	350.79	32.07	4.86	14.05	0	3.900229	0.861680689	13.74481348	44.48609	-72.14939
56	1135300	0.8946	335.6	0.000	0.207	0.499	0.29	7.68	256.50	64.38	34.05	14.51	0	42.9025	0.854442143	13.92341352	44.47455	-72.10905
57	1137500	0.9876	967.8	0.310	0.271	0.639	2.11	10.00	500.23	129.26	168.37	27.62	0	88.245002	0.747308942	27.06036286	44.25314	-71.46682
59	1139000	0.9567	545.9	0.029	0.484	0.352	-1.78	5.98	97.83	200.00	117.61	16.77	0	95.109397	0.791996448	17.74022228	44.21833	-72.21703
60	1139800	0.9320	454.4	0.000	0.018	0.189	-2.14	6.82	328.11	79.07	49.17	20.99	0	8.80298	0.79945415	20.18764238	44.09475	-72.36938
61	1141800	0.9869	284.1	0.472	0.338	0.669	-0.07	4.45	131.55	82.56	32.86	23.92	0	4.741509	0.752256592	23.98158645	43.70501	-72.17057
62	1142500	0.9515	507.4	0.000	0.595	0.345	-2.34	6.21	255.52	137.77	1.00	23.48	0	31.724599	0.756352451	23.17937264	44.00449	-72.66386
63	1144000	0.9471	414.4	0.163	0.035	0.842	0.96	9.84	384.64	33.02	68.59	21.64	0	691.213989	0.790136551	21.17227725	43.88719	-72.66232
67	1154000	0.9875	553.3	0.264	0.901	0.568	-1.67	6.61	182.66	200.00	95.05	23.72	0	72.3274	0.819982901	22.22689358	43.15332	-72.6068
69	1162500	0.9673	261.5	0.351	0.975	0.234	-2.03	10.00	152.50	200.00	31.33	19.37	0	19.1914	0.85291209	19.50333734	42.75581	-72.12729
71	1169000	0.9236	265.5	0.000	0.135	0.598	0.62	10.00	259.04	152.98	7.07	27.88	0	89.050697	0.807014493	26.32658328	42.73693	-72.77696
72	1170100	0.9381	360.8	0.000	0.095	0.207	-2.17	10.00	313.75	152.91	47.49	26.19	0	41.309799	0.790375709	24.80335544	42.79599	-72.70463
75	1174565	0.9552	338.4	0.277	0.998	0.520	-3.07	5.10	240.56	19.16	79.39	20.18	0	12.739	0.809357265	20.2457962	42.49774	-72.38596
76	1174600	0.9289	459.9	0.000	0.147	0.242	-2.14	5.64	289.92	104.79	1.00	24.02	0	0.625829	0.701271967	24.13554498	42.36428	-72.39327
77	1174900	0.9214	381.2	0.000	0.024	0.903	-4.13	8.13	92.64	94.30	112.03	24.36	0	2.743789	0.73720291	24.40872338	42.35007	-72.38534
80	1181000	0.9398	312.4	0.000	0.293	0.394	-3.15	5.33	39.59	200.00	91.85	28.78	0	94.013198	0.769592657	29.02498196	42.3049	-73.03261
81	1187300	0.9693	305.2	0.035	1.000	0.327	-2.20	4.32	206.13	167.73	1.00	27.57	0	20.818199	0.812509516	26.54281427	42.07991	-72.97573
83	1188000	0.9788	409.8	0.263	0.885	0.718	-0.50	5.30	231.01	122.65	22.41	21.10	0	4.101739	0.799056929	21.88080034	41.77472	-72.9911
84	1193500	0.9762	469.2	0.000	0.231	0.806	-1.92	6.44	268.93	115.11	123.73	21.24	0	104.732002	0.842196368	22.08221957	41.62599	-72.41191
88	1203805	0.9761	393.7	0.000	0.436	0.936	-3.17	0.91	192.36	118.18	104.49	18.70	0	27.059799	0.848958094	19.26595115	41.61632	-73.24417
89	1208950	0.9189	252.1	0.000	0.009	0.361	0.56	2.54	126.25	138.34	113.29	25.10	0	7.428309	0.825449107	25.10562846	41.18609	-73.30899
92	1333500	0.9985	253.3	0.411	0.556	0.462	-6.70	4.04	181.04	40.43	1.00	27.41	0	54.407901	0.68048231	27.74349777	42.70135	-73.33844
93	1343060	0.6022	280.3	0.000	0.761	0.875	0.31	10.00	1.00	145.57	102.68	41.69	0	235.440002	0.626297193	41.03086928	43.46568	-74.7339
95	1349810	0.9777	848.9	0.001	0.847	0.000	-4.42	6.17	311.39	184.83	180.17	35.80	0	28.4386	0.689318956	34.46803978	42.19692	-74.33753
97	1350080	0.9732	488.0	0.018	0.947	0.160	-3.01	7.01	268.59	133.91	1.36	27.78	0	32.3708	0.695192347	27.6575945	42.39734	-74.33873
98	1350140	0.9792	351.4	0.014	0.195	0.653	-2.68	5.00	348.22	30.21	17.27	25.79	0	16.8957	0.738612053	25.76045522	42.44656	-74.54384
100	1362198	0.9971	910.7	0.030	0.000	0.752	-3.83	5.49	544.48	170.76	166.74	25.55	0	59.512599	0.835554916	25.81509139	42.10207	-74.44208
101	1362200	0.9973	1000.0	0.451	0.939	0.797	-3.78	5.25	855.67	149.68	82.05	38.39	0	65.324401	0.681191738	37.70211513	42.10102	-74.43754
102	136230002	0.8617	406.3	0.000	0.704	0.996	-0.47	6.37	232.64	50.42	76.95	46.82	0	20.534999	0.607218519	44.65520601	42.04331	-74.35716
103	1362370	0.8916	427.4	0.000	0.495	0.618	-2.81	7.13	308.78	109.76	38.97	57.40	0	30.983999	0.602152296	51.61582208	42.12983	-74.25258
104	1362497	0.9308	282.8	0.000	0.946	0.851	-2.65	10.00	89.17	114.68	103.95	41.08	0	16.6636	0.663746259	39.88382501	42.02694	-74.20502
105	1363382	0.8033	267.8	0.000	0.031	0.001	-2.38	6.90	106.58	153.35	143.77	46.05	0	17.0993	0.668691742	41.66055338	41.95753	-74.32395
106	1364959	0.4452	383.8	0.000	0.835	0.000	-2.38	4.55	88.60	18.93	70.80	38.63	0	5.420509	0.675224048	39.17915295	41.95516	-74.36809
107	1365000	0.9191	414.7	0.000	0.416	0.353	-3.58	6.21	354.79	1.00	7.27	38.12	0	38.443599	0.698814449	36.23297318	41.91598	-74.42416
109	1409810	0.9245	289.9	0.507	0.529	0.613	-0.75	6.74	1.00	90.66	105.10	10.68	0	84.426696	0.807320053	11.22702329	39.78091	-74.53436
110	1411300	0.9916	853.6	0.486	0.777	0.767	-1.33	1.35	652.88	1.00	109.09	6.59	0	30.6243	0.946742446	6.554594565	39.34949	-74.86045
111	1413408	0.9872	691.3	0.083	0.524	0.734	-5.06	1.03	568.27	1.00	79.45	28.02	0	82.151603	0.767197231	26.4177638	42.15005	-74.52563
112	1413500	0.9936	588.0	0.369	0.900	0.000	-5.38	1.84	466.62	117.84	56.79	24.05	0	163.746002	0.790717344	23.56984431	42.20269	-74.55378
113	1414000	0.9723	361.6	0.177	0.051	0.525	-3.96	3.63	387.59	151.30	21.77	24.59	0	34.911998	0.734067595	24.20681913	42.20711	-74.6916
114	1414500	0.9812	382.6	0.218	0.766	0.010	-4.59	3.68	237.24	37.54	114.16	35.39	0	24.884799	0.62346143	33.92920567	42.07979	-74.65098
115	1415000	0.9667	410.4	0.033	0.496	0.637	-3.06	6.24	297.01	1.00	63.58	27.90	0	33.061298	0.658268568	27.77450045	42.18626	-74.80083
119	1421618	0.9833	405.8	0.096	0.075	0.000	-4.81	2.76	339.27	60.85	66.65	30.31	0	14.4118	0.70071196	30.1714468	42.36308	-74.60577
120	1422389	0.9922	882.3	0.481	0.008	0.444	-1.87	5.86	540.12	91.60	121.12	16.95	0	1.235679	0.626885232	17.08698321	42.23246	-74.73137
121	1422500	0.9285	317.5	0.000	0.270	0.415	-3.99	4.95	230.65	147.03	53.75	32.09	0	49.780101	0.600614564	31.81187263	42.27162	-74.77815
122	1422738	0.9867	322.9	0.036	0.038	0.068	-4.18	7.23	100.81	200.00	18.23	26.18	0	0.643204	0.737671749	26.70375229	42.26205	-75.03291
123	1422747	0.9609	282.3	0.035	0.225	0.773	-2.06	7.72	149.56	200.00	72.48	28.26	0	24.6725	0.717328031	27.8904907	42.23678	-75.06989
124	142400103	0.9433	208.2	0.000	0.485	0.508	-2.43	6.67	154.88	151.60	3.09	29.57	0	20.4036	0.692515577	29.36001552	42.22091	-75.26887
126	1434017	0.8672	462.5	0.000	0.025	0.174	-3.69	6.44	283.86	149.48	89.06	37.18	0	22.991699	0.663144643	35.88971156	41.9632	-74.45422
128	1434025	0.9940	718.9	0.525	0.865	0.000	-5.29	4.11	602.71	103.58	43.67	37.90	0	3.745249	0.638993292	37.41429245	42.0151	-74.48435
130	1439500	0.8830	342.4	0.000	0.040	0.535	-3.19	3.52	304.65	81.86	1.00	25.50	0	118.099998	0.711635699	24.46091308	41.21327	-75.09908
132	1440000	0.9418	283.2	0.000	0.536	1.000	0.10	9.25	216.38	63.56	19.06	18.44	0	64.757003	0.835562931	18.31307335	41.21277	-74.79575
133	1440400	0.7984	244.0	0.000	0.421	0.728	-5.12	0.04	152.80	29.80	76.50	29.70	0	67.647697	0.637345333	29.06215613	41.18664	-75.24336
134	1448500	0.9394	438.4	0.015	0.606	0.000	-5.70	7.96	1.00	131.07	32.31	30.12	0	2.436949	0.662743288	30.18268504	41.03129	-75.52241
135	1451800	0.9398	196.3	0.000	0.361	0.213	-1.07	8.50	59.10	1.00	104.70	26.58	0	52.449798	0.65262667	26.31869335	40.66179	-75.68973
136	1460880	0.9859	223.3	0.000	0.162	0.237	-0.91	1.26	182.79	47.90	1.00	21.73	0	22.9736	0.88059781	21.38226724	40.49368	-74.99226
139	1471875	0.6610	207.5	0.001	0.039	0.071	-1.00	1.78	135.56	1.26	23.38	33.20	0	57.175399	0.603842838	32.77255983	40.4047	-75.74175
140	1484000	0.9718	374.6	0.000	0.474	0.00	0.00	0.00	1.000	78.31	0.00	10.94	1	12.534999	0.889011307	10.95695838	38.98611	-75.59545
141	1484100	0.9877	554.4	0.000	0.444	0.00	0.00	0.00	1.000	190.37	0.00	8.80	1	3.476739	0.911881898	8.841410136	38.8938	-75.52843
142	1485000	0.9615	316.6	0.000	0.304	0.00	0.00	0.00	41.176	115.30	0.00	21.06	1	53.260799	0.699702481	21.42931321	38.47223	-75.35914
143	1485500	0.9974	296.5	0.313	1.000	0.00	0.00	0.00	1.069	90.74	0.00	13.22	1	54.648399	0.855006577	13.32381793	38.31377	-75.47497
144	1486000	0.9708	493.8	0.000	0.000	0.00	0.00	0.00	337.646	31.13	0.00	21.50	1	4.31687	0.686468877	21.64587313	38.22175	-75.64058
145	1487000	0.9721	535.0	0.000	0.525	0.00	0.00	0.00	196.696	200.00	0.00	12.55	1	72.359199	0.854485625	12.62635557	38.79942	-75.56355
146	1490000	0.9952	505.2	0.432	0.781	0.00	0.00	0.00	438.214	31.51	0.00	9.45	1	15.6576	0.88620384	9.522744145	38.55916	-75.882
147	1491000	0.9859	386.4	0.000	0.342	0.00	0.00	0.00	311.742	47.32	0.00	12.51	1	112.757003	0.883834851	12.59932272	39.07689	-75.70639
149	1492500	0.9923	380.9	0.439	0.230	0.00	0.00	0.00	1.000	199.97	0.00	9.49	1	7.333089	0.845613334	9.546028497	38.98595	-76.08253
151	1502000	0.9377	270.7	0.000	0.775	0.563	1.27	10.00	13.59	101.91	112.95	16.19	0	58.777999	0.849859265	16.75033928	42.64221	-75.17357
152	1502500	0.9551	314.8	0.051	1.000	0.681	-3.51	2.45	175.33	42.28	106.33	19.76	0	519.768005	0.773240482	19.3185782	42.69071	-75.26929
154	1510000	0.9977	250.1	0.479	1.000	0.387	-3.20	10.00	97.66	146.78	117.75	23.82	0	147.869995	0.676512675	24.99415957	42.68785	-75.80814
157	1516500	0.9909	374.2	0.000	0.644	0.000	-5.73	7.33	1.00	183.46	46.12	15.02	0	12.1538	0.740911149	14.14359081	41.76926	-76.96975
159	1518862	0.9917	217.5	0.162	0.926	0.574	-2.59	10.00	1.00	167.06	44.71	17.79	0	90.313102	0.75492105	15.43785375	41.93248	-77.62095
160	1525981	0.9952	236.6	0.313	0.114	0.021	-4.09	4.92	219.08	68.78	62.87	14.67	0	101.126998	0.671611019	14.04704551	42.11387	-77.44263
163	1527500	0.9679	200.3	0.081	0.104	0.514	-1.09	10.00	111.46	108.37	103.96	16.46	0	159.229003	0.644310034	15.7831202	42.50333	-77.47683
164	1528000	0.9817	279.0	0.000	0.036	1.000	0.19	9.21	238.87	142.74	1.18	17.14	0	67.5261	0.768236214	18.03445507	42.50396	-77.28118
165	1532000	0.9667	204.3	0.000	1.000	0.834	-5.19	3.76	109.75	128.83	16.65	17.85	0	213.876007	0.728321582	16.56245443	41.66344	-76.69471
166	1539000	0.9206	252.4	0.000	0.585	0.810	-6.70	0.94	116.86	65.66	92.61	21.61	0	270.957	0.731390765	20.92160776	41.23709	-76.34208
167	1542810	0.9714	250.2	0.020	0.750	0.000	-3.71	7.94	1.00	171.92	22.70	24.07	0	5.26031	0.672233602	22.38626005	41.61154	-78.28828
168	1543000	0.9607	277.4	0.000	0.824	0.491	-4.05	8.66	284.25	1.00	1.00	24.78	0	272.393005	0.706079452	22.097472	41.54218	-78.29747
169	1543500	0.9867	245.4	0.289	0.692	1.000	-2.10	7.84	246.86	67.88	1.00	21.85	0	686.585998	0.764626894	18.64482862	41.40371	-78.3588
170	1544500	0.9367	257.9	0.003	0.894	0.993	-2.28	7.04	127.41	11.71	96.32	21.63	0	137.089996	0.712385491	18.50932137	41.58821	-77.71912
171	1545600	0.9622	289.5	0.000	0.280	0.573	-3.12	5.58	220.33	24.22	34.32	18.92	0	46.3311	0.73829154	15.96909388	41.467	-77.63816
172	1547700	0.9834	225.7	0.163	0.407	1.000	-2.32	2.68	197.56	1.00	69.67	19.44	0	43.837299	0.754220112	17.68976401	41.04465	-77.74579
173	1548500	0.9585	248.8	0.000	0.721	0.698	-8.60	0.00	107.29	20.27	130.97	19.01	0	601.176025	0.726726369	17.00218357	41.71095	-77.5102
174	1549500	0.9729	249.3	0.023	0.035	0.805	-3.75	7.18	269.91	145.61	1.00	19.09	0	37.639099	0.748521185	16.59176506	41.51404	-77.13615
175	1550000	0.9800	150.4	0.627	1.000	0.100	-5.55	0.47	108.24	1.02	98.94	19.98	0	174.777999	0.737724121	17.64470554	41.53111	-76.95227
176	1552000	0.9085	212.7	0.226	1.000	0.521	-5.15	2.47	195.62	18.69	1.00	22.35	0	436.095001	0.620253109	21.17658014	41.46524	-76.60313
178	1557500	0.9612	263.3	0.000	0.412	0.872	-0.42	4.58	21.30	33.01	200.00	20.72	0	44.515998	0.788083214	17.80970163	40.74236	-78.2121
180	1564500	0.9859	235.0	0.000	0.247	1.000	-0.86	3.66	107.05	115.56	95.14	17.13	0	172.031005	0.828638089	15.90689548	40.09832	-78.01316
181	1566000	0.9902	258.9	0.280	0.196	0.759	1.09	10.00	33.10	1.06	194.08	16.18	0	209.923004	0.769226669	15.02403715	40.35862	-77.63032
182	1567500	0.9837	308.3	0.165	0.382	1.000	-4.34	1.67	87.17	27.95	160.92	12.43	0	14.970199	0.799802726	11.39446121	40.38763	-77.44076
183	1568000	0.9761	244.2	0.089	0.062	0.170	-0.46	10.00	146.68	50.35	61.69	18.16	0	206.330001	0.758882157	16.53585747	40.31935	-77.40754
184	1571184	0.9858	436.5	0.000	0.069	0.609	-3.78	1.10	321.20	200.00	45.81	15.25	0	13.7721	0.805705411	14.86407991	40.0038	-77.35841
186	1580000	0.9822	499.2	0.461	0.212	0.411	-0.77	6.20	169.03	152.41	200.00	7.65	0	94.351303	0.841949375	7.649789535	39.69375	-76.53267
187	1581810	0.9932	577.8	0.469	0.127	0.452	-0.70	5.72	527.25	48.90	1.00	7.11	0	27.217199	0.855488376	7.132293851	39.70605	-76.84491
188	1581830	0.9948	1000.0	0.231	0.047	0.00	0.00	0.00	861.213	199.91	0.00	8.09	1	7.634719	0.799513208	8.108585233	39.66105	-76.82876
189	1581870	0.9847	1000.0	0.173	0.000	0.00	0.00	0.00	761.446	1.36	0.00	10.04	1	15.497699	0.673204885	10.01214546	39.62502	-76.8246
190	1581960	0.9874	347.0	0.692	0.174	0.584	-3.31	0.00	290.11	146.40	2.00	8.29	0	9.844759	0.728242035	8.296769379	39.70481	-76.67278
192	1583500	0.9897	1000.0	0.000	0.159	0.00	0.00	0.00	578.256	199.96	0.00	8.18	1	60.1735	0.760801146	8.236490377	39.53389	-76.76842
193	1583580	0.9902	1000.0	0.000	0.129	0.00	0.00	0.00	661.388	121.07	0.00	8.83	1	1.503939	0.7803585	8.898597532	39.48121	-76.69711
194	1586610	0.9913	935.3	0.000	0.067	0.00	0.00	0.00	706.964	200.00	0.00	11.74	1	28.0713	0.678607662	11.82350345	39.48948	-77.01427
195	1591400	0.9954	271.7	0.628	0.125	0.00	0.00	0.00	233.128	200.00	0.00	10.07	1	22.8162	0.68630484	10.11458394	39.30703	-77.0638
196	1594936	0.9597	328.6	0.000	0.113	0.00	0.00	0.00	166.914	199.95	0.00	28.64	1	1.91433	0.626192874	29.00838633	39.27402	-79.4239
197	1594950	1.0000	187.4	0.515	1.000	0.00	0.00	0.00	224.263	1.46	0.00	28.84	1	2.36224	0.650634977	29.05738817	39.28311	-79.41164
198	1596500	0.9893	191.3	0.000	0.183	0.450	-2.72	3.81	30.50	36.83	157.90	18.32	0	48.127601	0.87777335	17.77684157	39.63227	-79.05802
200	1601000	1.0000	156.6	0.520	0.896	0.995	-2.00	2.50	79.18	42.13	98.71	21.16	0	145.947998	0.815574112	19.59016981	39.86255	-78.80358
202	1605500	0.9902	425.2	0.075	0.412	1.000	-2.98	3.80	8.11	131.70	192.31	10.87	0	179.091995	0.838699781	10.99525878	38.52434	-79.4592
203	1606000	0.9885	232.5	0.099	0.293	0.169	-5.69	0.00	170.72	63.52	28.21	14.77	0	310.805999	0.846320184	14.80447014	38.75934	-79.46272
204	1606500	0.9893	322.0	0.106	0.114	0.975	-5.09	1.30	261.10	1.00	24.95	10.27	0	650.405029	0.870863412	10.24086601	38.69848	-79.41865
206	1610155	0.9850	244.5	0.136	0.165	0.808	-0.52	0.76	198.63	1.15	9.55	12.28	0	102.768997	0.853491404	11.85579784	39.78048	-78.34892
207	1611500	0.9915	282.4	0.178	0.057	0.695	-2.49	2.87	226.32	62.17	1.01	8.40	0	675.091979	0.876178534	8.384413058	39.15763	-78.62861
208	1613050	0.9890	231.0	0.004	0.136	0.741	-3.43	3.73	154.31	9.21	33.79	14.21	0	10.771499	0.851368295	13.44007478	39.92325	-78.16783
209	1613095	0.9907	211.4	0.088	0.028	0.908	-0.85	7.73	112.22	55.94	49.92	10.67	0	112.960998	0.874381638	10.18916344	39.8295	-78.19242
210	1613525	0.9867	219.0	0.378	0.254	0.655	-0.27	2.66	197.62	1.00	10.64	14.56	0	193.869995	0.76971847	14.3595376	39.88726	-78.04192
211	1613900	0.9945	322.6	0.000	0.705	0.00	0.00	0.00	1.000	86.08	0.00	11.72	1	16.014499	0.865255743	11.44955115	39.19205	-78.32928
212	1614000	0.9919	302.1	0.218	0.036	0.823	-1.16	0.47	261.57	7.12	1.00	9.62	0	234.507003	0.87596145	9.529632463	39.32047	-78.24111
214	1620500	0.9680	144.2	0.000	0.652	0.726	-3.74	1.93	78.84	134.43	1.00	20.81	0	17.2742	0.799537544	19.77667796	38.39021	-79.27884
215	1630700	0.9957	382.8	0.237	0.075	0.00	0.00	0.00	351.770	200.00	0.00	14.50	1	22.685199	0.641021399	15.58600378	38.79995	-78.23022
216	1632000	0.9952	257.5	0.338	0.863	1.000	-4.71	0.37	196.00	1.01	54.15	13.22	0	209.789993	0.767174937	12.83793496	38.70096	-78.96177
217	1632900	0.9871	392.7	0.044	0.249	0.00	0.00	0.00	128.809	119.59	0.00	6.64	1	94.612998	0.8370074	6.660895807	38.54203	-78.72898
218	1634500	0.9873	297.9	0.001	0.051	0.682	-1.82	2.27	170.83	60.42	55.83	10.02	0	101.924003	0.85263103	10.11149595	39.06883	-78.45002
219	1635090	0.9902	303.9	0.198	0.214	0.995	-2.79	0.95	269.34	21.43	1.88	9.11	0	153.490005	0.741660651	9.462010705	39.06814	-78.40711
222	1636690	0.9846	455.7	0.211	0.012	0.561	1.32	7.69	387.47	51.43	1.00	9.62	0	13.669899	0.842437978	9.591870248	39.26949	-77.73239
223	1638480	0.9945	422.8	0.277	0.493	0.001	0.71	8.95	23.61	142.32	42.66	14.40	0	89.573501	0.733595421	14.85159601	39.2001	-77.67471
224	1639500	0.9743	360.2	0.216	0.000	0.00	0.00	0.00	319.414	71.13	0.00	10.55	1	103.157997	0.752459334	10.63633989	39.64552	-77.05217
228	1643395	0.9875	502.0	0.152	0.181	0.00	0.00	0.00	1.000	200.00	0.00	13.74	1	1.278419	0.648524836	13.7939969	39.26016	-77.29631
229	1643700	0.9927	487.7	0.000	0.340	0.00	0.00	0.00	82.804	136.91	0.00	10.92	1	121.666999	0.884390207	10.79721577	38.94963	-77.92361
230	1644000	0.9914	476.3	0.260	0.022	0.469	-0.63	0.00	443.48	1.00	12.34	10.16	0	331.726013	0.819012613	11.46549328	38.9927	-77.80382
232	1656500	0.9872	388.6	0.016	0.044	0.00	0.00	0.00	277.495	200.00	0.00	11.21	1	50.451499	0.873988925	11.69273641	38.82814	-77.75336
233	1658500	0.9907	407.4	0.000	0.979	0.00	0.00	0.00	1.162	77.77	0.00	15.43	1	7.46805	0.698058865	15.56168461	38.61188	-77.44757
237	1661050	0.9917	698.6	0.263	1.000	0.00	0.00	0.00	616.883	1.00	0.00	9.35	1	18.4766	0.804069878	9.891543154	38.37459	-76.7102
238	1661800	0.9838	410.5	0.334	0.177	0.00	0.00	0.00	165.051	109.05	0.00	9.62	1	7.221199	0.839628587	9.766544005	37.87847	-76.52232
239	1662000	0.9872	431.1	0.112	0.330	0.00	0.00	0.00	270.360	1.00	0.00	11.16	1	195.401992	0.874514741	11.23920988	38.79087	-78.00035
241	1662800	0.9904	393.1	0.001	0.222	0.00	0.00	0.00	2.037	200.00	0.00	11.36	1	25.7348	0.793659152	11.18699805	38.71036	-78.09417
242	1663500	0.9774	352.5	0.000	1.000	0.00	0.00	0.00	256.224	40.51	0.00	15.53	1	285.449005	0.692428952	15.22441796	38.62864	-78.17993
243	1664000	0.9873	352.6	0.000	0.255	0.00	0.00	0.00	7.481	200.00	0.00	11.44	1	619.72998	0.805557393	11.35677473	38.67597	-78.06408
244	1665500	0.9691	327.0	0.001	0.018	0.00	0.00	0.00	274.170	200.00	0.00	14.71	1	114.514999	0.732098692	14.29020349	38.38018	-78.40821
245	1666500	0.9684	397.4	0.000	0.115	0.00	0.00	0.00	293.448	91.19	0.00	12.24	1	178.820999	0.719715966	12.10799987	38.43429	-78.24256
246	1667500	0.9817	402.6	0.002	0.028	0.00	0.00	0.00	329.519	200.00	0.00	9.79	1	467.084014	0.835222557	9.570317202	38.35775	-78.26871
247	1668800	0.9775	742.8	0.172	0.138	0.00	0.00	0.00	325.277	95.69	0.00	7.85	1	15.437999	0.849376328	8.029699705	37.92634	-77.00494
248	1669000	0.9715	378.7	0.561	1.000	0.00	0.00	0.00	150.919	62.07	0.00	12.36	1	27.737699	0.857952732	12.43999342	37.86889	-76.9688
249	1669520	0.9851	230.3	0.672	0.761	0.00	0.00	0.00	89.613	90.33	0.00	11.86	1	107.097999	0.848603337	11.93632251	37.73885	-76.80347
250	1670000	0.9833	641.7	0.000	0.451	0.00	0.00	0.00	400.177	75.84	0.00	8.22	1	7.21564	0.83031934	8.915072649	37.48093	-76.58118
251	1673638	0.9944	837.9	0.000	0.702	0.00	0.00	0.00	650.932	89.88	0.00	6.17	1	8.629229	0.750070402	6.635550963	37.6501	-76.97216
252	2011400	0.9936	378.0	0.126	0.043	0.00	0.00	0.00	321.880	200.00	0.00	9.60	1	157.419006	0.851108264	9.458244143	38.20982	-79.71814
253	2011460	1.0000	186.0	0.564	1.000	0.712	-4.98	0.29	146.57	15.44	29.60	15.93	0	60.3633	0.853059134	15.10161633	38.3385	-79.72167
254	2013000	0.9879	340.6	0.000	0.540	0.324	-6.56	4.27	147.79	1.00	100.91	10.00	0	164.005996	0.856787668	10.00585408	37.74979	-80.1854
255	2014000	0.9803	308.4	0.000	0.017	0.999	-3.37	4.34	82.05	116.51	154.12	10.66	0	153.197998	0.84961768	10.6327356	37.59861	-80.21655
256	2015700	0.9574	248.7	0.000	0.301	0.506	-4.15	1.62	156.25	25.61	32.22	11.04	0	110.195999	0.87340675	10.36717971	38.32103	-79.53113
257	2016000	0.9787	242.3	0.090	0.097	0.735	-3.74	0.00	164.25	80.68	31.37	10.72	0	461.21701	0.871299547	10.33551178	38.12155	-79.6011
258	2017500	0.9554	209.5	0.232	0.227	1.000	-0.70	4.99	1.06	61.79	83.57	15.31	0	106.622001	0.726569542	15.33637925	37.46125	-80.31612
259	2018000	0.9709	229.1	0.270	0.280	0.617	-2.41	0.27	183.48	1.00	6.18	12.78	0	329.089996	0.787407069	12.93445175	37.48372	-80.18493
260	2024915	0.9619	468.7	0.000	0.467	0.00	0.00	0.00	151.977	200.00	0.00	11.54	1	27.431299	0.820735758	11.23382649	37.75565	-79.253
261	2027000	0.9186	301.9	0.000	0.839	0.00	0.00	0.00	261.180	25.42	0.00	22.90	1	92.960296	0.6891137	22.15658338	37.82822	-79.02663
262	2027500	0.8725	334.7	0.000	1.000	0.00	0.00	0.00	158.548	107.58	0.00	23.53	1	47.622501	0.64228887	22.44082029	37.76756	-79.11196
263	2028500	0.9635	313.6	0.000	0.815	0.00	0.00	0.00	1.000	156.93	0.00	17.80	1	94.769699	0.772077892	17.16102448	37.93155	-78.86428
264	2030500	0.9639	350.7	0.313	0.000	0.00	0.00	0.00	249.016	62.68	0.00	6.71	1	226.251007	0.880629488	6.761485151	37.58338	-78.56168
265	2032640	0.9856	368.1	0.000	0.586	0.00	0.00	0.00	1.048	127.21	0.00	9.87	1	108.205001	0.861476985	9.617454851	38.26333	-78.50798
266	2034500	0.9701	334.5	0.104	0.002	0.00	0.00	0.00	224.779	123.89	0.00	9.52	1	263.020996	0.888652979	9.723055907	37.51665	-78.36352
267	2038850	0.9978	285.2	0.561	0.136	0.00	0.00	0.00	238.872	64.57	0.00	7.57	1	8.495599	0.847062927	7.615360153	37.43173	-78.67076
268	2043500	0.9999	310.2	0.534	0.632	0.00	0.00	0.00	217.931	90.51	0.00	18.31	1	23.0946	0.76616798	18.53449163	36.63406	-76.64925
270	2044000	0.9745	271.9	0.000	0.303	0.00	0.00	0.00	173.329	1.00	0.00	12.42	1	38.7886	0.834174146	12.51001617	37.1064	-78.2601
271	2046000	0.9807	360.0	0.241	0.000	0.00	0.00	0.00	275.343	24.04	0.00	11.59	1	111.399002	0.807172777	11.68964545	37.09555	-77.73746
272	2051000	0.9753	310.4	0.388	0.000	0.00	0.00	0.00	234.817	28.89	0.00	12.77	1	55.916099	0.722237441	12.87602915	37.05039	-78.37508
273	2051500	0.9705	360.1	0.359	0.000	0.00	0.00	0.00	267.657	1.01	0.00	9.96	1	551.624023	0.754700651	9.966798919	36.86548	-78.21412
274	2051600	0.9719	342.5	0.168	0.004	0.00	0.00	0.00	205.334	1.01	0.00	8.15	1	30.8561	0.919172265	8.385560656	36.87105	-77.97728
275	2052500	0.9977	361.9	0.170	0.069	0.00	0.00	0.00	278.430	149.28	0.00	12.33	1	69.2966	0.816472095	12.56653008	36.60497	-77.79709
277	2053800	0.9992	458.0	0.537	0.084	0.00	0.00	0.00	411.128	123.70	0.00	10.00	1	108.386001	0.808423464	10.05849779	37.10629	-80.25422
278	2055100	0.9722	446.6	0.103	0.000	0.00	0.00	0.00	346.999	78.35	0.00	7.44	1	11.789699	0.88757103	7.028282988	37.43924	-79.93098
279	2056900	0.9852	324.2	0.336	0.144	0.00	0.00	0.00	260.806	47.54	0.00	9.39	1	115.098999	0.85064437	9.183215414	37.0603	-80.00947
281	2059500	0.9713	404.5	0.259	0.012	0.00	0.00	0.00	294.201	1.00	0.00	6.14	1	187.416	0.876811157	6.117643661	37.30352	-79.65164
283	2064000	0.9749	363.6	0.184	0.000	0.00	0.00	0.00	255.313	44.88	0.00	6.22	1	165.162002	0.896457125	6.250728666	37.24965	-78.97492
284	2065500	0.9885	417.4	0.470	0.035	0.00	0.00	0.00	348.039	19.40	0.00	9.05	1	97.520797	0.715292281	9.119775019	37.21609	-78.76482
286	2069700	0.9707	777.6	0.313	0.007	0.00	0.00	0.00	585.372	199.85	0.00	7.58	1	85.379501	0.810744592	7.584433476	36.63053	-80.25321
287	2070000	0.9814	433.5	0.544	0.055	0.00	0.00	0.00	371.428	200.00	0.00	8.71	1	104.482002	0.694513482	8.758548259	36.66259	-80.0757
288	2070500	0.9636	266.6	0.362	0.081	0.00	0.00	0.00	204.969	200.00	0.00	13.23	1	259.707	0.721822294	13.17863762	36.62796	-80.1377
289	2074500	0.9468	384.2	0.365	0.000	0.00	0.00	0.00	255.949	22.30	0.00	9.06	1	111.402	0.735925404	9.121545726	36.69522	-79.6093
290	2077200	0.9688	169.0	0.001	0.103	0.00	0.00	0.00	1.000	135.18	0.00	34.22	1	46.9859	0.60778814	34.48784189	36.29578	-79.22796
291	2079640	0.9870	366.0	0.230	0.000	0.00	0.00	0.00	2.303	63.06	0.00	11.55	1	53.573299	0.729323198	11.30402972	36.75004	-78.3557
293	2081500	0.9911	233.4	0.000	0.089	0.00	0.00	0.00	1.000	119.62	0.00	20.46	1	165.391998	0.777924885	20.62744821	36.30184	-78.71951
294	2082770	0.9947	260.0	0.385	0.142	0.00	0.00	0.00	144.700	200.00	0.00	11.94	1	172.613998	0.77369006	12.0305855	36.19464	-78.17577
295	2082950	0.9987	265.9	0.566	0.224	0.00	0.00	0.00	236.888	61.12	0.00	12.65	1	177.936004	0.695880607	12.75414806	36.34525	-77.94641
298	2085220	0.9777	380.6	0.180	0.000	0.00	0.00	0.00	188.308	24.40	0.00	13.20	1	80.354797	0.801955661	13.98042845	36.17416	-79.02782
305	2102908	0.8386	429.6	0.247	0.181	0.00	0.00	0.00	225.321	1.07	0.00	13.78	1	7.61595	0.64564004	13.84945273	35.15322	-79.20388
306	2105900	0.9961	205.4	0.878	1.000	0.00	0.00	0.00	278.497	1.00	0.00	33.57	1	22.739099	0.642430176	33.47965776	34.24281	-78.13102
310	2111180	0.9722	403.5	0.000	0.011	0.00	0.00	0.00	334.073	200.00	0.00	20.69	1	50.7593	0.781595724	19.83628689	36.1512	-81.51244
311	2111500	0.9140	586.7	0.000	1.000	0.00	0.00	0.00	213.941	72.50	0.00	13.58	1	90.216499	0.797197017	12.85976288	36.27648	-81.27745
312	2112120	0.9621	754.7	0.239	0.016	0.00	0.00	0.00	496.709	1.00	0.00	8.17	1	124.428001	0.819552905	7.998558672	36.34931	-81.09203
313	2112360	0.8905	514.3	0.001	0.563	0.00	0.00	0.00	286.789	1.00	0.00	14.33	1	79.264999	0.818907452	12.22840145	36.40756	-80.89204
315	2118500	0.9261	297.7	0.000	0.704	0.00	0.00	0.00	211.052	1.00	0.00	16.89	1	154.643997	0.768865825	16.70992679	36.08403	-80.90131
316	2123567	0.9969	453.5	0.594	0.163	0.00	0.00	0.00	375.464	46.49	0.00	9.08	1	3.469	0.849756337	9.23029734	35.36173	-80.00844
318	2128000	0.9833	248.7	0.001	0.079	0.00	0.00	0.00	146.196	200.00	0.00	20.75	1	105.588996	0.697102214	20.92581959	35.52558	-79.83937
319	2135300	0.9896	281.6	0.698	0.042	0.00	0.00	0.00	245.972	200.00	0.00	6.35	1	96.553596	0.622108151	6.26678949	34.24205	-80.38522
320	2137727	0.8483	320.5	0.000	0.107	0.00	0.00	0.00	142.859	159.69	0.00	20.99	1	127.236999	0.676604994	20.76030117	35.63744	-82.17825
321	2140991	0.9255	351.5	0.028	1.000	0.00	0.00	0.00	1.000	163.32	0.00	17.01	1	201.539001	0.80346132	16.31711571	36.00289	-81.72579
323	2143000	0.8577	299.5	0.002	0.876	0.00	0.00	0.00	1.001	93.82	0.00	24.44	1	83.657302	0.693986163	24.02490929	35.66504	-81.5752
325	2147126	0.9961	275.2	0.000	0.072	0.00	0.00	0.00	177.615	200.00	0.00	16.93	1	34.8815	0.753069809	17.06805716	34.87456	-80.71863
326	2147500	0.9928	340.7	0.281	0.000	0.00	0.00	0.00	258.490	74.37	0.00	7.79	1	198.546005	0.769650083	7.856609006	34.64567	-81.07001
328	2152100	0.9303	328.8	0.000	0.705	0.00	0.00	0.00	1.003	123.38	0.00	23.79	1	59.843399	0.718123219	22.91650832	35.54455	-81.75413
332	2157470	0.9776	223.8	0.445	0.253	0.00	0.00	0.00	109.293	157.53	0.00	9.49	1	32.747501	0.844082315	9.510422323	35.09459	-82.27501
333	2157490	0.9779	411.1	0.340	0.059	0.00	0.00	0.00	292.137	200.00	0.00	6.89	1	15.854999	0.867376847	6.927708132	35.0219	-82.25826
334	2167450	0.9889	347.4	0.351	0.002	0.00	0.00	0.00	266.731	200.00	0.00	6.30	1	223.955001	0.872534887	6.339557008	34.37177	-81.92107
335	2171680	0.9957	279.7	0.931	1.000	0.00	0.00	0.00	231.592	9.16	0.00	13.50	1	15.2389	0.693160054	14.41976366	33.31317	-79.82471
336	2174250	0.9914	566.3	0.000	1.000	0.00	0.00	0.00	368.006	22.55	0.00	9.44	1	23.7945	0.694033443	9.520573434	33.41894	-80.75822
337	2177000	0.9481	408.3	0.951	1.000	0.00	0.00	0.00	336.521	82.56	0.00	18.36	1	203.388	0.865921164	18.05284053	34.95787	-83.20237
338	2178400	0.9886	654.1	0.646	0.624	0.00	0.00	0.00	561.467	168.99	0.00	16.01	1	58.407501	0.866926666	15.74161074	34.95437	-83.53246
339	2192500	0.9733	395.2	0.365	0.000	0.00	0.00	0.00	260.307	197.29	0.00	6.54	1	214.623992	0.862799267	6.588838452	34.27541	-82.4812
340	2193340	0.9754	279.4	0.395	0.000	0.00	0.00	0.00	153.612	63.09	0.00	9.18	1	33.9276	0.788406971	9.259058438	33.72317	-82.9147
341	2196000	0.9888	380.4	0.418	0.000	0.00	0.00	0.00	238.683	118.21	0.00	9.47	1	543.776977	0.699582306	9.543608065	33.93152	-82.0761
342	2197300	1.0000	159.6	0.984	0.038	0.00	0.00	0.00	523.632	200.00	0.00	2.65	1	88.454399	0.842280757	2.611052175	33.46699	-81.61987
343	2198100	0.9941	369.3	0.341	0.248	0.00	0.00	0.00	294.117	1.00	0.00	8.91	1	30.6914	0.795970353	8.984985367	32.96425	-81.87393
344	2198690	0.9996	331.1	0.575	0.448	0.00	0.00	0.00	4.988	131.97	0.00	10.86	1	162.095993	0.721925591	10.94585128	32.47273	-81.36614
345	2202600	0.9990	325.4	0.714	1.000	0.00	0.00	0.00	243.392	66.50	0.00	9.15	1	227.981002	0.838503976	9.223484221	32.2819	-81.6404
347	2212600	0.9950	314.9	0.279	0.008	0.00	0.00	0.00	245.289	105.28	0.00	7.51	1	72.570999	0.926349294	7.500306752	33.17264	-83.71018
348	2213050	0.9907	344.2	0.339	0.031	0.00	0.00	0.00	260.335	1.00	0.00	11.01	1	31.2644	0.844651665	11.54701734	33.02019	-83.60172
349	2215100	0.9908	281.3	0.603	1.000	0.00	0.00	0.00	119.668	51.94	0.00	11.88	1	162.274993	0.872982468	11.96498955	32.28597	-83.68409
350	2216180	0.9914	298.6	0.285	1.000	0.00	0.00	0.00	116.965	90.07	0.00	16.11	1	49.8498	0.808211255	16.24057949	32.0319	-83.02274
351	2220550	0.9845	402.2	0.335	0.000	0.00	0.00	0.00	325.943	1.00	0.00	8.74	1	16.786899	0.810261069	8.952648168	33.40945	-82.98364
353	2221525	0.9898	379.6	0.350	0.013	0.00	0.00	0.00	288.498	1.00	0.00	6.92	1	189.496994	0.917818579	6.955339493	33.35752	-83.63566
354	2226100	0.9997	709.8	0.000	0.034	0.00	0.00	0.00	590.109	197.15	0.00	7.85	1	199.494003	0.953558997	7.923704986	31.49051	-81.87806
356	2228500	0.9984	579.2	0.460	1.000	0.00	0.00	0.00	548.419	1.00	0.00	11.82	1	191.871994	0.890021944	12.18611632	30.60708	-82.22543
357	2229000	0.9924	865.1	0.000	0.762	0.00	0.00	0.00	753.965	1.00	0.00	27.77	1	125.996002	0.600192755	28.20099107	30.32996	-82.39223
358	2231000	0.9947	559.3	0.453	1.000	0.00	0.00	0.00	377.095	74.85	0.00	11.51	1	675.04602	0.842651705	11.60892695	30.36949	-82.2719
359	2231268	0.9959	462.2	0.000	0.359	0.00	0.00	0.00	1.066	29.82	0.00	17.75	1	15.0135	0.888404352	17.90121933	30.5763	-81.90398
360	2231280	0.9984	528.9	0.000	0.028	0.00	0.00	0.00	434.769	200.00	0.00	22.01	1	33.293098	0.84897896	22.16843428	30.45272	-81.89215
361	2231342	0.9861	598.2	0.000	0.974	0.00	0.00	0.00	1.005	29.54	0.00	16.16	1	43.074199	0.805004281	16.29118323	27.51489	-80.83126
364	2244473	0.9968	552.2	0.399	0.076	0.00	0.00	0.00	237.611	62.08	0.00	12.61	1	47.094299	0.766284665	12.71914112	29.66223	-81.78512
365	2245255	0.9978	809.6	0.000	0.816	0.00	0.00	0.00	722.848	1.00	0.00	20.09	1	21.779499	0.789740749	19.86622835	29.70105	-81.40287
366	2245500	0.9930	907.8	0.000	0.473	0.00	0.00	0.00	1.000	122.44	0.00	13.94	1	134.531005	0.739402434	14.05982205	29.90372	-81.8769
367	2246000	0.9955	422.0	0.452	0.093	0.00	0.00	0.00	382.001	1.00	0.00	7.85	1	174.154998	0.925157425	7.880736128	30.1476	-81.96405
369	2246900	0.9918	438.2	1.000	0.648	0.00	0.00	0.00	29.093	1.40	0.00	22.46	1	18.0622	0.653998736	22.64455472	29.86922	-81.39261
370	2266200	0.9984	827.5	1.000	0.790	0.00	0.00	0.00	48.749	13.65	0.00	17.76	1	10.0724	0.665089124	17.70338091	28.38951	-81.6514
371	2268390	0.9797	1000.0	0.315	0.049	0.00	0.00	0.00	796.537	199.97	0.00	7.74	1	46.036899	0.644981231	7.775850226	27.84186	-81.50894
374	2297155	0.9956	1000.0	0.354	0.013	0.00	0.00	0.00	185.408	189.61	0.00	12.54	1	36.139701	0.684255107	12.61476396	27.55912	-82.04356
375	2297310	0.9969	959.3	0.127	1.000	0.00	0.00	0.00	764.427	1.00	0.00	6.86	1	204.003997	0.84916741	6.910298172	27.40355	-82.00105
377	2298488	0.9052	579.4	0.688	0.000	0.00	0.00	0.00	20.613	1.05	0.00	8.63	1	26.9715	0.654557128	8.691759463	27.4747	-82.11604
378	2298495	0.7978	275.2	0.604	0.003	0.00	0.00	0.00	188.487	1.00	0.00	15.39	1	4.3968	0.64087452	15.51400537	27.38772	-82.11133
380	2298554	0.9917	784.7	0.000	0.244	0.00	0.00	0.00	1.000	25.42	0.00	13.03	1	81.518203	0.771629546	13.13623107	27.42974	-82.15237
381	2298608	0.9930	777.7	0.000	0.258	0.00	0.00	0.00	1.001	2.85	0.00	11.30	1	120.595001	0.799590151	11.3910287	27.4058	-82.13156
382	2299950	0.9954	743.3	0.118	0.086	0.00	0.00	0.00	1.001	102.67	0.00	13.65	1	67.2863	0.83312265	13.75924766	27.54887	-82.14455
383	2300700	0.9779	580.7	0.000	0.869	0.00	0.00	0.00	392.566	1.00	0.00	19.59	1	28.510099	0.670955701	19.75245156	27.76026	-82.31271
384	2301990	0.9983	761.3	0.320	0.092	0.00	0.00	0.00	1.001	108.69	0.00	2.72	1	92.246597	0.89847189	2.725029385	28.23449	-82.13022
391	2315000	0.9955	742.3	0.000	0.163	0.00	0.00	0.00	383.827	200.00	0.00	13.22	1	1933.579956	0.777236065	13.9303725	30.86278	-82.56251
394	2321000	0.9990	510.6	0.528	0.152	0.00	0.00	0.00	1.001	109.88	0.00	9.99	1	179.662994	0.772034042	10.062002	30.06404	-82.14338
395	2322698	0.9605	977.4	0.923	0.092	0.00	0.00	0.00	1000.000	200.00	0.00	4.47	1	248.889999	0.712799917	4.98006472	30.088	-82.68959
396	2322700	0.9637	570.2	0.987	0.058	0.00	0.00	0.00	1000.000	198.69	0.00	2.64	1	252.688003	0.800704993	2.641867746	30.08624	-82.69082
398	2324000	0.9968	1000.0	0.574	0.678	0.00	0.00	0.00	1.008	73.58	0.00	10.05	1	305.415008	0.605502613	10.12050807	29.92676	-83.24094
399	2324400	0.9997	1000.0	0.882	0.276	0.00	0.00	0.00	1.005	95.19	0.00	5.69	1	68.056198	0.744659247	5.711588434	30.18076	-83.41978
400	2326000	0.9971	709.6	0.589	0.046	0.00	0.00	0.00	348.803	118.69	0.00	12.63	1	214.830993	0.646599891	12.72829999	30.28465	-83.60605
401	2326512	0.9996	1000.0	0.611	0.226	0.00	0.00	0.00	819.338	12.56	0.00	10.29	1	818.343017	0.795496494	10.42291839	30.5577	-83.70609
403	2327100	0.9938	274.8	0.443	1.000	0.00	0.00	0.00	274.221	49.64	0.00	30.01	1	104.679	0.615661474	30.26326944	30.23274	-84.55807
404	2330400	0.9799	364.8	0.000	0.144	0.00	0.00	0.00	346.931	4.02	0.00	28.19	1	173.289001	0.64513897	28.42599442	30.15935	-84.87233
406	2338523	0.9869	878.7	0.261	0.907	0.00	0.00	0.00	437.228	54.51	0.00	9.21	1	16.687999	0.907179106	9.242263821	33.35207	-85.2625
411	2342933	0.9922	588.5	0.000	0.165	0.00	0.00	0.00	460.144	1.00	0.00	18.77	1	112.005996	0.868306485	18.92515178	32.02579	-85.41953
413	2343300	0.9837	1000.0	0.000	0.910	0.00	0.00	0.00	478.456	8.55	0.00	11.75	1	146.225006	0.753578237	11.82165958	31.54152	-85.24197
414	2343940	0.9959	475.0	1.000	1.000	0.00	0.00	0.00	296.802	111.59	0.00	24.05	1	64.995002	0.642790581	24.24223004	31.27141	-85.00751
415	2349900	0.9807	470.2	0.258	0.008	0.00	0.00	0.00	306.919	1.00	0.00	9.37	1	47.439098	0.869840456	9.448637297	32.24108	-83.83753
416	2350600	0.9520	531.4	0.330	0.010	0.00	0.00	0.00	275.224	199.99	0.00	9.65	1	186.089004	0.908717885	9.622760316	32.21899	-84.6023
417	2350900	0.9981	363.4	0.715	0.261	0.00	0.00	0.00	314.562	30.42	0.00	12.55	1	527.072998	0.797193416	12.6200702	32.06954	-84.50081
418	2361000	0.9817	717.3	0.128	0.000	0.00	0.00	0.00	497.072	118.40	0.00	16.35	1	687.880004	0.804703498	16.43187946	31.58696	-85.46488
419	2362240	0.9243	521.0	0.184	0.063	0.00	0.00	0.00	265.885	117.05	0.00	16.98	1	21.312999	0.764869035	16.95960172	31.32385	-85.97114
420	2363000	0.9918	924.3	0.014	0.332	0.00	0.00	0.00	706.965	1.00	0.00	13.94	1	499.040008	0.849632639	14.04914645	31.8684	-85.65758
421	2364500	0.9801	735.5	0.007	1.000	0.00	0.00	0.00	497.405	1.01	0.00	17.91	1	1183.829956	0.798604648	18.04014843	31.65955	-85.85926
422	2364570	0.9868	545.7	0.000	0.256	0.00	0.00	0.00	202.178	33.20	0.00	23.22	1	26.390199	0.882750053	23.48601777	31.12142	-86.24274
423	2365470	0.9851	516.6	0.396	1.000	0.00	0.00	0.00	314.848	118.36	0.00	29.21	1	149.216995	0.641202503	29.44516672	30.95997	-85.64524
425	2366996	0.9026	978.7	0.250	0.051	0.00	0.00	0.00	490.864	200.00	0.00	20.71	1	38.881099	0.634575934	20.88267483	30.70881	-86.23603
427	2367310	0.3182	1000.0	0.956	0.357	0.00	0.00	0.00	528.301	77.02	0.00	15.13	1	28.2618	0.791143352	15.07196728	30.59967	-86.49271
428	2369800	0.9879	719.2	0.535	0.786	0.00	0.00	0.00	488.071	111.13	0.00	15.32	1	87.842903	0.831673587	15.40573257	31.08643	-86.66732
429	2370000	0.9848	511.5	0.695	1.000	0.00	0.00	0.00	512.926	1.00	0.00	18.38	1	206.307006	0.821201547	18.48711882	31.00617	-86.69587
431	2371200	0.9894	538.7	0.342	0.069	0.00	0.00	0.00	330.398	200.00	0.00	12.78	1	8.94684	0.78459375	12.62500968	31.83997	-86.12871
432	2371500	0.9926	672.5	0.538	1.000	0.00	0.00	0.00	513.267	19.20	0.00	16.96	1	499.144989	0.789286934	17.07180781	31.87342	-85.97791
433	2372250	0.9938	771.1	0.291	0.514	0.00	0.00	0.00	600.663	69.17	0.00	14.07	1	442.170989	0.861280662	14.15294255	31.85478	-86.2607
434	2373000	0.9932	683.6	0.000	0.406	0.00	0.00	0.00	516.900	1.00	0.00	19.02	1	468.572998	0.876336715	19.17899603	31.68974	-86.78915
436	2374500	0.9927	920.8	0.377	0.110	0.00	0.00	0.00	788.670	152.84	0.00	10.35	1	172.091003	0.90578045	10.38806324	31.54482	-87.04728
437	2374745	0.9852	788.3	0.183	0.000	0.00	0.00	0.00	624.346	106.84	0.00	13.28	1	182.283004	0.9056834	13.36185066	31.33139	-87.15102
438	2374950	0.9657	660.6	0.277	0.002	0.00	0.00	0.00	490.101	200.00	0.00	8.99	1	194.404006	0.937096428	9.021378775	31.31932	-87.34517
439	2381600	0.8314	364.0	1.000	1.000	0.00	0.00	0.00	299.040	11.28	0.00	28.22	1	3.986409	0.697486205	28.40940789	34.58076	-84.44764
440	2384540	0.9923	296.5	0.266	0.069	0.00	0.00	0.00	252.232	200.00	0.00	12.45	1	8.251509	0.891867398	12.16525496	34.87649	-84.67772
442	2388900	0.9486	610.7	0.516	1.000	0.00	0.00	0.00	448.081	1.22	0.00	15.19	1	69.644401	0.834288753	15.31391862	34.58594	-84.11834
445	2390000	0.9749	388.3	0.780	0.442	0.00	0.00	0.00	393.451	1.00	0.00	15.13	1	89.015998	0.816364558	15.24612532	34.51524	-84.24177
447	2395120	0.9963	311.9	0.540	0.201	0.00	0.00	0.00	217.837	74.90	0.00	9.25	1	32.4365	0.870703197	9.324457438	34.29302	-84.8512
449	2408540	0.9899	410.0	0.439	0.819	0.00	0.00	0.00	174.364	96.90	0.00	12.80	1	263.479003	0.900335662	12.82523129	33.06463	-86.1076
450	2410000	0.9825	269.1	0.555	0.544	0.00	0.00	0.00	1.007	23.05	0.00	15.73	1	4.872509	0.84183321	15.8975606	32.69915	-86.11383
451	2415000	0.9811	690.9	0.000	0.999	0.00	0.00	0.00	383.122	42.48	0.00	11.64	1	189.723007	0.904666938	11.73633187	33.1763	-85.87737
453	2422500	0.9879	856.2	0.102	0.005	0.00	0.00	0.00	641.164	1.00	0.00	10.34	1	203.686004	0.897170379	10.38939121	32.78317	-86.85092
455	2427250	0.9948	644.4	0.000	0.093	0.00	0.00	0.00	473.924	84.65	0.00	11.53	1	260.712005	0.92295586	11.6226801	31.87029	-86.96229
456	2427700	0.9939	462.6	0.034	0.012	0.00	0.00	0.00	168.176	68.47	0.00	9.51	1	97.481498	0.94608146	9.588959117	32.0744	-87.67123
459	2430085	0.9899	355.9	0.384	0.070	0.00	0.00	0.00	298.121	195.78	0.00	11.43	1	15.6611	0.822400819	11.51614381	34.47527	-88.24474
460	2430615	0.9303	631.9	0.453	0.000	0.00	0.00	0.00	463.015	199.99	0.00	7.92	1	11.0867	0.819775595	7.840874226	34.40806	-88.33529
461	2430880	0.8996	667.3	0.440	0.000	0.00	0.00	0.00	444.709	199.46	0.00	7.84	1	18.404499	0.83125149	7.725671786	34.33432	-88.34786
463	2438000	0.9913	346.9	0.227	0.121	0.00	0.00	0.00	283.001	133.60	0.00	12.75	1	279.618988	0.908665038	12.8527061	34.1715	-87.83582
465	2448900	0.9980	366.8	0.064	0.155	0.00	0.00	0.00	141.083	133.81	0.00	18.91	1	159.003005	0.748278468	19.06277617	32.79668	-88.44402
466	2450250	0.9954	313.7	0.444	0.731	0.00	0.00	0.00	319.767	1.00	0.00	19.03	1	89.507797	0.840278096	19.10959269	34.34357	-87.43168
467	2450825	0.9956	307.7	0.510	0.354	0.00	0.00	0.00	283.941	1.00	0.00	13.89	1	101.714996	0.875693575	13.86855881	34.18127	-87.51086
468	2464000	0.9913	346.0	0.000	0.902	0.00	0.00	0.00	259.227	47.11	0.00	12.99	1	223.531005	0.920923774	13.08400537	33.65317	-87.61272
469	2464146	0.9523	501.5	0.290	0.005	0.00	0.00	0.00	360.785	199.84	0.00	12.46	1	6.10923	0.84277804	12.51361872	33.40953	-87.49371
470	2464360	0.9688	419.5	0.233	0.013	0.00	0.00	0.00	327.767	191.43	0.00	11.51	1	57.380401	0.850462107	11.57727511	33.47058	-87.6825
471	2465493	0.9893	520.4	0.505	0.039	0.00	0.00	0.00	432.029	200.00	0.00	8.01	1	32.2075	0.856001568	8.062424035	32.96922	-87.52304
472	2467500	0.9834	462.9	0.133	0.022	0.00	0.00	0.00	295.415	1.06	0.00	10.14	1	607.767028	0.839105602	10.21457768	32.66547	-88.54848
473	2468500	0.9950	245.6	0.354	1.000	0.00	0.00	0.00	90.872	8.26	0.00	13.28	1	257.519012	0.900469001	13.40698177	32.33516	-87.66422
474	2469800	0.9888	492.8	0.393	1.000	0.00	0.00	0.00	365.017	1.00	0.00	11.19	1	163.197998	0.933696316	11.26474971	31.81062	-87.90434
475	2470072	0.9847	440.9	0.099	0.000	0.00	0.00	0.00	325.122	1.01	0.00	12.10	1	10.6436	0.929964813	12.20223203	31.89722	-87.76097
476	2472000	0.9976	361.8	0.430	0.614	0.00	0.00	0.00	190.281	97.00	0.00	9.64	1	744.067993	0.90636724	9.661711771	32.04461	-89.44998
477	2472500	0.9841	596.6	0.276	0.002	0.00	0.00	0.00	436.922	87.56	0.00	7.85	1	304.994995	0.906356852	7.890200775	31.58639	-89.65966
478	2472850	0.9666	627.0	0.214	0.000	0.00	0.00	0.00	445.375	1.01	0.00	10.38	1	256.41101	0.85913574	10.41486042	31.73275	-89.61243
479	2479155	0.9896	682.0	0.109	0.000	0.00	0.00	0.00	548.164	1.00	0.00	13.73	1	53.0041	0.89179529	13.83653708	31.09865	-89.00619
480	2479300	0.9861	640.1	0.000	0.933	0.00	0.00	0.00	386.531	46.94	0.00	14.07	1	441.777008	0.904437022	14.14457222	30.86827	-89.16792
481	2479431	0.9443	327.3	0.193	0.017	0.00	0.00	0.00	155.128	1.00	0.00	18.67	1	20.411899	0.855579116	18.80552794	31.20999	-88.4117
483	2479560	0.9771	372.0	0.481	1.000	0.00	0.00	0.00	188.370	44.00	0.00	17.94	1	561.517028	0.865701663	18.08119758	31.15042	-88.3872
484	2479945	0.9175	673.2	0.456	0.009	0.00	0.00	0.00	496.083	200.00	0.00	11.90	1	31.6599	0.764104258	11.99495587	30.91509	-88.32209
485	2481000	0.9824	437.8	0.000	0.996	0.00	0.00	0.00	347.573	1.00	0.00	22.42	1	96.228103	0.836817882	22.61049855	30.68079	-89.20785
486	2481510	0.9864	484.3	0.000	0.910	0.00	0.00	0.00	301.897	46.41	0.00	14.93	1	309.135009	0.900464071	15.0402053	30.77043	-89.41456
487	2483500	0.9986	437.0	0.639	0.990	0.00	0.00	0.00	349.780	1.00	0.00	11.84	1	1979.5	0.868368505	11.86539762	32.77356	-89.25056
488	2488700	0.9959	937.6	0.273	0.055	0.00	0.00	0.00	650.712	200.00	0.00	12.73	1	136.007003	0.835585565	13.06893403	31.5899	-89.87281
489	3010655	0.9671	249.5	0.000	0.454	0.970	-6.07	3.65	169.96	17.96	72.00	23.04	0	98.2397	0.606576524	21.13628716	41.91688	-78.05025
491	3015500	0.9379	204.3	0.000	0.034	0.022	-5.75	0.00	158.72	149.61	41.00	30.10	0	303.031005	0.618656031	29.95506594	41.9213	-79.51004
495	3022540	0.9725	290.1	0.013	0.105	0.636	-4.64	4.70	7.58	119.22	200.00	14.63	0	30.3936	0.830442205	14.71495862	41.68072	-79.97749
497	3026500	0.9563	220.1	0.038	0.250	0.715	-2.74	8.29	223.41	1.10	1.00	23.14	0	7.840079	0.724347743	20.78161177	41.66186	-78.60734
498	3028000	0.9478	232.9	0.000	0.339	0.481	-3.56	6.85	195.90	36.05	34.37	27.86	0	62.204799	0.722678662	23.9931023	41.64346	-78.69828
499	3049000	0.9808	272.6	0.000	0.975	0.197	-2.42	9.08	46.55	65.29	125.11	16.54	0	137.895996	0.742976414	16.65495881	40.85344	-79.69501
500	3049800	0.9721	227.0	0.106	0.036	0.557	-1.18	3.69	105.64	53.03	55.53	14.56	0	5.748189	0.78495955	13.92175687	40.54712	-79.91875
501	3050000	0.998037112	255.4261062	0.179230718	0.167115647	0.487974127	-7.185880003	1.531327364	215.6538138	73.50691247	32.60304219	24.55396541	0	188.141006	0.685945332	24.70516101	38.63579	-79.99228
502	3065000	0.980943584	169.8940423	0.000101795	0.210679583	0.999999991	-3.0445737	5.255483178	151.2861294	171.0412564	1.011027429	22.47468595	0	346.680999	0.801832851	21.63880447	38.89427	-79.56895
503	3065400	0.929052863	147.1712203	3.41E-05	0.462492212	0.478039976	-1.56499916	9.99999887	72.85202646	101.7927405	58.16449389	26.17824725	0	54.9817	0.745434608	25.88395698	39.0822	-79.40626
504	3066000	0.747016641	121.5259381	9.34E-07	0.736584519	0.366861417	-7.47593474	0.155207744	50.53553691	1.014689202	70.9020798	24.81674861	0	86.017501	0.777735786	24.35642931	39.11188	-79.40261
505	3068800	0.949642705	167.7555966	2.40E-07	0.57862922	0.007539053	-5.329452851	3.200854459	90.67208531	199.993928	21.01466333	34.93865226	0	149.934005	0.665931679	34.40776057	38.67418	-79.84431
506	3069000	0.904616144	270.7283201	0.078930206	0.999999746	0.540357333	-3.110826321	1.777597399	57.94309335	27.3750224	66.47340688	26.52715132	0	212.740997	0.709646854	26.65302794	38.77478	-79.81227
507	3069500	0.94478185	149.0199295	9.30E-05	0.266890405	0.745252523	-1.934640655	7.263812588	36.530312	49.24594209	114.247015	24.26386796	0	716.929992	0.793316731	23.70796505	38.90715	-79.6206
509	3070000	0.685684129	178.9559197	2.18E-11	0.810470008	0.403072886	-6.548577479	2.739541524	1.000002313	31.67103214	5.773388181	31.19142443	0	935.213989	0.771819372	31.51766973	38.98109	-79.63111
510	3070500	0.980631443	226.5341206	0.00017087	0.033072499	0.711291693	-1.778345588	5.580935654	80.26139492	114.2608259	143.4136979	23.81255954	0	199.759002	0.787442678	23.43451649	39.70261	-79.61786
512	3076600	0.990200779	195.2077864	0.132618575	0.687706899	0.999999997	-2.782500079	4.082006884	115.8246603	64.30490222	89.79523066	23.29153733	0	49.188899	0.809000619	23.15042757	39.63273	-79.32198
513	3078000	0.98245842	156.0508702	0.000265339	0.513145499	0.595812303	-1.114999493	7.183916621	168.1733134	31.39771684	3.662615825	25.2198527	0	62.348499	0.797682498	24.71833924	39.64484	-79.19625
516	3092000	0.967503924	251.3163287	4.79E-05	0.118483213	0.553519816	-2.414017031	1.137376096	1.000002824	66.63803068	4.629997005	15.13220437	0	22.5188	0.77621683	15.29379448	41.09164	-81.04053
517	3092090	0.983281082	144.1221968	0.18867989	0.502566873	0.829298031	-2.984998902	2.347812426	24.16099008	58.3620532	21.54060918	16.29978491	0	21.4284	0.783205591	16.58679295	41.20835	-81.19813
518	3102950	0.994107063	244.1020181	0.09690409	0.564485464	0.993448544	-3.844999988	6.88126111	100.0755026	35.82378746	28.85928522	16.86458963	0	96.824798	0.751427331	17.15847939	41.49953	-80.63984
520	3114500	0.988374469	218.2387943	4.61E-09	0.374852771	0.626723727	-6.47778073	9.260684978	45.56610615	149.7457581	47.77052441	16.53289685	0	458.414001	0.880599141	17.27291413	39.37225	-80.75776
521	3115400	0.984930632	249.8802635	2.66E-08	0.606158386	0.881772046	-6.52757986	5.328246671	126.548545	20.35959374	38.35743588	18.04085822	0	210.141998	0.717699961	18.0701467	39.66988	-81.13708
522	3121850	0.962600027	290.5381293	0.036463457	0.038292652	0.959939367	-0.880000014	4.344674545	164.7004437	97.02714339	1.000000131	11.09686878	0	12.148599	0.874074659	10.90665678	40.61482	-81.27981
523	3140000	0.992154591	249.7835837	0.269021317	0.138121716	0.591948074	-1.229999179	4.329954453	186.4967374	38.14537857	55.64946394	10.74813255	0	27.1606	0.868969982	10.6665671	40.41209	-81.82154
524	3144000	0.989590456	319.3169725	2.09E-07	0.087601111	0.720722055	-2.741569179	0.000327285	216.1836305	59.17040165	60.35993114	12.54867638	0	140.313995	0.885582061	12.58788966	40.22785	-82.20633
525	3149500	0.980869572	289.0166294	1.16E-08	0.559949484	0.927038795	1.100000029	5.06437348	29.03015257	79.4148197	124.9459495	12.43534347	0	75.730697	0.860436062	12.46291577	39.99042	-81.85203
530	3155500	0.980971816	210.9443337	9.60E-06	0.508114648	0.999999988	-6.227450569	6.821911228	85.56100233	93.79992846	26.34826236	15.76342649	0	453.309997	0.864732492	15.95320324	39.17243	-81.02582
531	3158200	0.978070289	291.4970757	0.13602667	0.290291661	0.999998903	-1.015654343	1.579667372	221.0633117	1.009520995	2.765122758	12.17361249	0	113.892997	0.861666758	12.08830945	39.56351	-82.24725
532	3159540	0.986310201	339.4327483	0.004690904	0.533073915	0.99999991	-3.09128357	0.245461096	103.48081	41.20973902	144.4470084	14.24427021	0	154.768005	0.78740159	14.23286425	39.15756	-82.00949
533	3161000	0.943733877	676.0624364	8.22E-08	0.009698914	0	0	0	475.4402935	67.04220212	0	13.55288195	1	203.807998	0.834703777	13.00258401	36.28313	-81.56093
534	3164000	0.991380555	268.2251452	0.645014952	0.174237694	0	0	0	239.3974457	152.2773051	0	9.706246943	1	1140.050048	0.803891943	9.470640306	36.50289	-81.3659
535	3165000	0.954398994	576.7605364	0.315588462	0.075808385	0	0	0	430.6110437	199.9938707	0	10.02297568	1	39.380798	0.807813912	9.458676129	36.60684	-80.8808
536	3167500	0.996079046	326.7669921	0.748087956	0.204513814	0	0	0	139.2640456	199.9999337	0	7.578290355	1	266.899993	0.807353238	9.514857131	36.7926	-80.57315
537	3170000	0.989635265	556.3149704	0.367918842	0.080132207	0	0	0	439.1754391	199.9999854	0	6.346012879	1	306.811004	0.887238934	6.32392944	36.96007	-80.36251
538	3173000	0.986743264	320.635247	5.24E-09	0.457357226	0	0	0	1.009362239	98.23659736	0	12.11057207	1	298.576995	0.7736	12.19927833	37.15766	-80.95025
540	3180500	0.991786156	307.0289157	5.37E-05	0.516859988	0.876938559	-1.274999329	8.172953143	178.0233498	29.74499099	114.559	22.24558031	0	133.223999	0.800731252	21.73699118	38.60652	-79.74154
541	3182500	0.997020915	270.8104848	0.256147088	0.999973097	0.243419915	-3.363888819	5.155042077	139.0854745	85.07436037	74.81625278	16.73926246	0	527.015014	0.848788766	16.34435919	38.39176	-79.87721
543	3186500	0.94951375	176.0408817	3.92E-11	0.52420128	0.000172521	-3.369999999	8.472249001	124.1131274	99.86129174	47.50286906	28.67681246	0	127.29	0.750484431	27.8722245	38.32694	-80.28088
545	3187500	0.694682109	152.4378904	1.33E-05	0.284563208	0.627713446	-0.109999075	8.443085669	112.0779643	1.000014546	62.8718625	29.45244829	0	80.083	0.756384429	28.64235818	38.26581	-80.3604
547	3198350	0.986493857	354.1712034	0.234782	0.033935909	0.896205914	-0.702520254	5.483041338	74.97342439	55.79745588	45.55797473	12.80195912	0	63.716899	0.841407109	12.90828208	37.92311	-81.38171
550	3201902	0.981369859	334.0418926	0.113302105	3.65E-05	0.934382543	-1.154944449	4.847045109	211.8460965	28.16995357	60.54115748	14.44895373	0	204.690994	0.781996847	14.4669051	39.34107	-82.36397
551	3207965	0.994161368	340.1552064	0.288811197	0.092021248	0	0	0	125.8839605	77.38018303	0	9.750607207	1	6.46645	0.752319515	9.851856003	37.45221	-82.31765
554	3213700	0.993571598	409.0928559	0.359167041	0.734168827	0.98873858	-2.100477203	4.069259305	321.1984117	1.000003573	6.025630146	10.25652518	0	936.317016	0.828637037	10.3038969	37.42287	-81.81526
556	3228750	0.992827592	244.2046554	0.191107803	0.034210192	0.744476145	-2.593321587	1.27724434	234.5299045	8.967655768	4.621120941	15.93698405	0	65.625	0.784241615	16.0248516	40.42545	-82.87107
558	3237255	0.983523819	271.5291758	2.25E-06	0.999994922	0	0	0	177.1901654	1.696993723	0	19.45911279	1	213.861999	0.776536485	19.58518755	38.4555	-83.33881
559	3237280	0.924610251	218.8045571	0.098455343	0.111111629	2.81E-05	-0.024999988	7.429682687	103.4355321	1.000009281	5.635956857	19.84240844	0	12.7236	0.664450042	20.00687344	38.67493	-83.23593
560	3237500	0.978141247	267.485624	0.23686618	0.999994655	0.330279807	-9.994682527	0.329828906	15.96375395	93.36045213	50.56268684	22.0790563	0	387.338012	0.641191173	22.22706814	38.98733	-83.51481
561	3238500	0.954803875	390.9180095	0.026760084	0.906093217	0.177310326	-0.901252258	3.508996894	1.000094728	152.9024466	57.11979994	22.52815541	0	219.496994	0.616189977	22.71510512	39.04684	-83.8242
562	3241500	0.984375845	242.3319089	0.242549854	0.207890128	0.691901962	-1.572190749	2.353892583	214.3810413	1.000001283	1.000097456	13.33493852	0	65.990196	0.845253793	13.25053932	39.75169	-83.72928
563	3248500	0.970870787	262.2088121	0.216556384	0.999998303	0	0	0	94.81506466	1.176094276	0	16.61163922	1	139.132003	0.7684996	16.76889636	37.64518	-82.99315
564	3250100	0.982528145	206.0516017	6.04E-09	0.997230203	0	0	0	79.42228881	145.5500675	0	18.25638756	1	84.747398	0.866253815	18.65478386	38.29343	-83.43783
565	3250322	0.993413498	365.5952221	4.84E-09	0.87389669	0	0	0	118.4321253	89.12659303	0	16.71650409	1	4.21506	0.799799302	16.80496272	38.25496	-83.56593
566	3251000	0.998812393	201.5845847	0.19690139	0.058348036	0	0	0	107.6096828	75.79028214	0	11.77961667	1	125.319	0.907989191	11.86666053	38.51197	-83.66496
567	3251200	0.967533691	255.9692749	5.82E-06	0.999709396	0	0	0	1.000120551	38.38954147	0	23.60472033	1	224.973007	0.711520091	23.72858176	38.54507	-83.77989
568	3252300	0.992531623	309.5807656	0.024455756	0.024587527	0	0	0	210.5195682	167.4415843	0	18.55081462	1	154.317993	0.742058686	18.6841843	38.15576	-83.99054
570	3272700	0.984326317	218.5073231	0.176714463	0.511134477	0.832922499	-1.721190436	4.26045517	1.000230832	67.70682836	183.604529	15.00986741	0	68.511901	0.842248836	15.13064106	39.73635	-84.66204
572	3280700	1	301.6653084	0.301951019	0.339404545	0	0	0	80.69848994	172.0975576	0	13.02394882	1	61.0899	0.790762495	12.96502953	37.08564	-83.24627
573	3281040	0.990737334	302.9039854	5.38E-11	0.126635431	0	0	0	173.1825192	1.000207437	0	18.35087757	1	154.776	0.862288503	18.52914844	37.06691	-83.54156
574	3281100	0.995048167	390.3567615	0.000933811	0.015042547	0	0	0	254.196902	199.9988627	0	15.88071721	1	163.214004	0.871919235	16.1918867	37.04753	-83.74707
575	3281500	0.996211539	359.8902515	0.00129602	0.034590561	0	0	0	251.2455387	199.9999431	0	17.8253821	1	709.737976	0.737426973	16.85451718	37.18461	-83.67764
576	3282040	0.99217637	267.8899296	1.32E-08	0.040468293	0	0	0	146.7104562	1.046406475	0	21.97029538	1	77.7472	0.628727317	21.94144498	37.4268	-83.83502
577	3282500	0.991056594	322.0029786	0.245094517	0.999999965	0	0	0	95.61749499	21.54693757	0	11.75229266	1	65.936698	0.889495305	11.91783085	37.74479	-83.36021
578	3285000	0.997551938	205.6261447	0.002034367	0.027902948	0	0	0	109.7575322	199.9995815	0	21.14423549	1	317.506011	0.718003954	21.31941113	37.50318	-84.59959
580	3292460	0.995224484	167.6763858	2.81E-07	0.068919582	0	0	0	94.85238884	199.9976102	0	20.07044993	1	23.996	0.834279807	19.96367324	38.44778	-85.34186
581	3299000	0.99094464	183.9587413	2.74E-08	0.584272781	0	0	0	20.37020756	6.517468312	0	22.78405824	1	239.169006	0.892785612	22.9699429	37.50288	-85.07879
583	3300400	0.984004416	212.8067026	1.86E-08	0.606388739	0	0	0	1.947892247	87.67923095	0	15.85256491	1	435.744995	0.854848487	15.97915987	37.76482	-85.07007
584	3302050	0.998959098	467.5308109	0.405618498	0.999984521	0	0	0	362.453045	1.000228229	0	18.14396106	1	4.12437	0.803432553	18.29379341	38.05867	-85.82896
585	3302110	0.970878345	265.5337917	0.309396858	0.999994799	0	0	0	1.000519911	132.9996246	0	25.60678344	1	98.724502	0.738566257	25.80242358	37.82753	-86.00899
588	3310400	0.975167462	431.1077732	0.567638306	0.000244551	0	0	0	280.3742245	199.9382872	0	4.726435381	1	82.620697	0.91817198	4.68277779	37.39019	-85.87051
589	3311600	0.98744377	246.2452847	6.19E-08	0.019075678	0	0	0	149.1776961	41.14178289	0	16.59648926	1	10.957799	0.901469353	16.72417151	37.12752	-86.20071
590	3318800	0.993208851	230.8302688	8.52E-09	0.304209902	0	0	0	58.398335	22.01891885	0	25.95031366	1	117.209999	0.878530912	26.17481039	37.48747	-86.38186
591	3403910	0.989107824	314.5333845	0.249095391	0.029320604	0	0	0	103.4619681	1.007642956	0	16.84626096	1	320.222991	0.80514596	16.99651666	36.53078	-84.07542
592	3408500	0.998306325	362.5691251	0.226436373	0.039454076	0	0	0	341.8565319	199.9970489	0	20.46257747	1	382.397003	0.757449841	20.45017085	36.30477	-84.40519
593	3409500	0.998127712	339.4550109	0.019460343	0.051476516	0	0	0	289.503715	199.9999131	0	20.06036884	1	271.925994	0.806595839	20.09179221	36.29911	-84.77688
594	3410210	0.998496732	362.633466	0.141971432	0.051426373	0	0	0	315.7235317	199.9887045	0	18.56932396	1	806.30603	0.799249503	18.51793592	36.32873	-84.58903
595	3410500	0.981554744	272.3983463	0.149857328	0.040533862	0	0	0	102.2539725	1.001154893	0	19.41999441	1	953.473999	0.835269362	19.62795963	36.36399	-84.59659
596	3413200	0.990903743	335.5030775	0.219431737	0.015902692	0	0	0	53.10139635	1.000200437	0	17.53061606	1	45.382999	0.771870995	17.67665425	36.73555	-84.87316
597	3415000	0.989733799	246.7616075	4.73E-09	0.458417134	0	0	0	167.8517681	1.000693303	0	27.87872866	1	115.461997	0.77283091	27.98193159	36.26794	-85.2246
598	3416000	0.980477909	321.4420534	1.58E-05	0.017745367	0	0	0	132.1490503	199.9960374	0	20.09007084	1	105.833999	0.850984452	20.50230295	36.54012	-84.95225
599	3424730	0.994366883	281.0639689	0.223905816	0.169911279	0	0	0	169.6013786	1.000015332	0	16.05134896	1	214.154006	0.87404323	16.31390016	35.97467	-86.0168
600	3427500	0.991041421	111.3127902	6.87E-06	0.18955256	0	0	0	1.000006869	199.9999996	0	29.96090029	1	261.55899	0.738751704	29.87259926	35.8302	-86.16723
601	3431800	0.969201583	308.9125897	0.134015804	0.016420041	0	0	0	250.7204995	1.000073535	0	10.80108194	1	97.2873	0.916147435	10.92653819	36.3679	-86.92674
606	3439000	0.962751973	798.6728717	0.009265649	0.999891353	0	0	0	626.157703	1.000001906	0	31.20635407	1	68.983596	0.839208263	30.14333666	35.20187	-82.89138
607	3441000	0.830192167	431.4176319	7.03E-05	0.640352521	0	0	0	303.1256703	1.020575353	0	48.91225763	1	40.2672	0.625957861	48.83743198	35.30105	-82.79366
609	344894205	0.917008099	263.0735483	0.001787724	0.029367337	0	0	0	240.7301009	199.9999743	0	39.92056661	1	14.9053	0.61059345	39.96363184	35.71033	-82.32009
610	3450000	0.975791432	501.6870273	0.002232141	0.06374844	0	0	0	438.1958732	199.9999098	0	21.46005734	1	5.43649	0.716062918	21.41579463	35.67621	-82.39721
612	3455500	0.992764729	194.798746	0.724808025	0.862240617	0	0	0	360.4307411	1.04707814	0	39.55709079	1	28.1669	0.732006276	39.63269665	35.34598	-82.93141
613	3456500	0.996307453	394.3317017	0.585877791	0.849067597	0	0	0	410.563587	1.000065609	0	36.51092531	1	51.516201	0.71017216	36.48172229	35.40324	-82.82636
614	3460000	0.962840863	270.0679775	0.425173311	0.116661185	0	0	0	300.6998071	199.9998712	0	22.30806914	1	49.042098	0.685916844	22.40755002	35.61856	-83.12653
615	3461200	0.982171129	560.2932138	0.048901261	0.224633838	0	0	0	438.2064674	199.9999773	0	25.57680388	1	10.276	0.704988728	25.5333523	35.74882	-83.20772
617	3465500	0.994677546	558.7673995	0.219908125	0.077721619	0	0	0	490.39574	199.9999962	0	10.51216147	1	803.70697	0.842820245	9.972735305	35.99132	-82.25921
618	3466228	0.994740834	301.4768227	0.479786835	0.122169264	0	0	0	173.7190563	199.9993508	0	9.127880233	1	13.6821	0.75556366	10.37426094	36.25277	-82.72732
619	3467000	0.992988884	249.6110739	0.398615399	0.104643264	0	0	0	206.6081136	199.9976534	0	11.45896635	1	218.945007	0.691512026	10.97906513	36.28942	-82.83554
620	3471500	0.987059812	267.2806672	0.352648693	0.155001158	0	0	0	202.9139174	199.9999238	0	10.49883853	1	76.510101	0.80515072	10.56912735	36.75416	-81.48399
621	3473000	0.98966819	234.816399	0.452144547	0.144352683	0	0	0	201.6830935	178.0669322	0	11.7338243	1	303.016998	0.75305696	11.29724614	36.65729	-81.68002
622	3479000	0.976203374	366.6920673	0.144958083	0.164518907	0	0	0	363.139099	1.000075265	0	27.86111319	1	90.965698	0.667767763	27.22856841	36.21815	-81.7676
623	3488000	0.983444866	296.6662222	0.089101867	0.999999989	0	0	0	114.0160162	76.28575146	0	11.4105923	1	223.246002	0.793576359	11.19167798	36.97043	-81.52946
625	3491000	0.993843438	317.5749944	0.271083891	0.098279899	0	0	0	212.398246	112.4897477	0	12.41498039	1	47.8982	0.746818278	12.21678519	36.51892	-82.90848
626	3491300	0.997270864	199.3626333	0.297288766	0.422376395	0	0	0	177.6023993	30.36202562	0	9.936745433	1	46.0331	0.854545323	10.05107396	36.40721	-82.79302
628	3498500	0.958927479	395.6633479	0.089740153	0.218010748	0	0	0	319.08065	1.000056196	0	15.43532276	1	269.019012	0.78737029	14.96408411	35.68407	-83.74084
629	3500000	0.983063096	999.9923932	0.079767994	0.207949777	0	0	0	805.200053	108.8222587	0	16.25125581	1	139.438003	0.895333825	15.88935371	35.0251	-83.38513
630	3500240	0.926705797	632.9451466	1.61E-06	0.685561352	0	0	0	458.7819549	1.161294366	0	18.8015985	1	56.318099	0.811157626	18.44034544	35.14041	-83.48665
631	3504000	0.925099122	578.463728	0.570598679	0.901858812	0	0	0	593.2508175	1.005279516	0	27.86615795	1	51.937	0.841618362	25.44898007	35.07381	-83.55947
637	3535000	0.990913551	356.6677885	4.74E-08	0.400002148	0	0	0	309.6019474	1.000077135	0	16.55029525	1	68.448303	0.829687867	16.71632446	36.20212	-83.85025
638	3538225	0.973337505	257.8695246	0.000409042	0.044376956	0	0	0	37.89529993	199.9998936	0	16.95554594	1	82.813301	0.79789988	17.65668426	36.07661	-84.29128
639	3539778	0.99912328	334.3922407	0.260267284	0.042732293	0	0	0	285.911732	199.9995732	0	18.66780701	1	170.337005	0.78340322	18.22662427	36.15008	-84.9075
644	3558000	0.97925064	575.9780888	0.900275658	0.640510057	0	0	0	600.0680338	1.000224376	0	15.56462275	1	176.328994	0.813546127	16.89636488	34.7295	-84.13174
648	3572110	0.979356024	358.5688279	3.61E-07	0.653099563	0	0	0	168.2729492	1.068062892	0	28.46829237	1	130.669998	0.817612657	28.70371526	35.06475	-85.93341
649	3574500	0.992381792	294.6390173	4.56E-05	0.018614003	0	0	0	222.7784754	199.9996997	0	17.97825612	1	314.209991	0.873287633	16.45735894	34.88023	-86.2085
650	357479650	0.993040959	343.9676826	0.331491557	0.004037014	0	0	0	266.4456641	68.03334026	0	11.3823599	1	29.3269	0.825349855	11.44979689	34.99882	-86.40023
651	3578000	0.98715131	292.7848353	3.43E-05	0.036814344	0	0	0	269.2067498	199.9998478	0	34.74387494	1	65.161102	0.738115997	34.21856443	35.35289	-85.817
654	3584020	0.991316279	369.6462283	0.007111309	0.519201266	0	0	0	39.71349061	199.9999961	0	19.35940125	1	366.816009	0.746940378	23.363162	35.32191	-87.04213
655	3588400	0.969650485	319.0588342	0.122619705	0.080941896	0	0	0	270.3585105	199.9950806	0	13.61841024	1	41.995998	0.927902292	13.76727259	35.23759	-87.55047
656	3588500	0.88633491	191.4189084	3.30E-08	0.912660208	0	0	0	151.6858821	1.00007147	0	33.12385296	1	347.726013	0.673262127	33.39849722	35.20409	-87.48911
657	3592718	0.950989804	456.6117529	0.429364217	3.77E-09	0	0	0	372.2428829	46.2652844	0	10.58533078	1	25.864799	0.797289665	10.67312083	34.79896	-88.25987
660	3597590	0.92099909	81.7052174	2.61E-08	0.999983269	0	0	0	123.8996005	199.999465	0	59.42290294	1	35.885299	0.609445508	59.85904021	35.59786	-86.34539
661	3599450	0.990215988	351.2434787	0.093040253	0.00788163	0	0	0	269.7188938	199.9996378	0	16.70568875	1	73.990097	0.818274379	16.75675821	35.45471	-86.94447
662	3600500	0.988763054	396.7972646	0.173300696	0.035442611	0	0	0	319.05564	180.0216917	0	8.909700035	1	17.549699	0.949983079	9.533773809	35.45991	-87.26668
664	3604000	0.979875949	451.7143135	0.059933511	0.146571164	0	0	0	304.2028134	1.000851346	0	14.99100754	1	449.045013	0.845604237	14.99387206	35.40365	-87.56953
665	4185000	0.990187346	216.5020426	0.503998987	0.99999915	0.528979389	-7.439410573	4.85E-05	61.91498236	93.02493921	74.3593514	13.45111226	0	410.811004	0.775431767	13.56199812	41.74232	-84.34022
667	4196800	0.987319631	251.8236388	0.050795633	0.013111868	0.556179337	-2.785000029	8.385090258	45.48306752	2.701872932	199.9999428	17.90247193	0	234.774002	0.768214688	18.04832844	40.72586	-83.38813
668	4197100	0.99421235	288.0156042	5.43E-08	0.036535618	0.628292012	-3.381902594	1.38006468	203.1220126	96.8248427	86.45668641	18.56494405	0	149.888	0.78394794	18.63433813	41.00891	-82.89831
669	4197170	0.999449266	310.3530093	0.235516148	0.064940479	0.640967219	-1.779999713	5.062570746	104.7743478	70.03863952	1.026007401	18.54058208	0	36.759601	0.730246768	18.69218786	41.09416	-83.03832
670	4199155	0.993672008	282.6475203	6.97E-07	0.850728744	0.656109489	-3.261143576	0.448757967	150.0867895	66.86059181	54.44883701	13.77873502	0	23.305099	0.844755701	13.63237758	41.30009	-82.49309
672	4213000	0.97569504	166.4187801	1.79E-07	0.379579813	0.640779824	-4.525131503	0.574373019	4.827167698	73.05042794	143.2271216	26.78595624	0	175.791	0.604664437	26.68271329	41.82579	-80.42683
673	4213040	0.99999999	194.7193404	0.484889961	0.272244069	0.67808156	-3.271426079	4.799343087	176.7333061	73.76639244	1.000148533	11.85010675	0	2.589849	0.749058486	12.10894211	41.93435	-80.43899
674	4213075	0.972318372	307.3429378	1.16E-07	0.393873761	0.510165588	-2.839999951	1.22465042	173.1263408	52.21314716	57.13419154	23.33081288	0	4.49861	0.672529476	23.41815504	42.00217	-80.25333
675	4216418	0.996742532	341.5848984	0.341405099	0.832064325	0.783818729	-3.520000023	9.999999997	230.0842645	42.61154564	106.3867539	18.10875852	0	75.8582	0.74676987	17.8245047	42.75146	-78.29
676	4216500	1	290.5801322	0.71113877	0.999999999	0.44146468	-2.154999997	6.633404994	129.0796653	99.81332828	98.3552926	17.3891288	0	24.162399	0.737181606	17.37660077	42.82764	-78.16659
679	4232100	0.970960754	239.9483534	1.58E-05	0.067836739	0.999998978	0.093113948	3.780582011	52.75268498	56.11143421	182.2904395	25.46674775	0	43.008598	0.707423593	26.3214188	43.21684	-76.63185
680	4233000	0.983476233	223.1143255	0.210329043	0.894902156	6.64E-10	-5.385001641	0.913766339	5.606045005	138.8321826	115.2832303	13.17255473	0	35.482601	0.766243095	13.11471138	42.339	-76.56105
681	4233286	0.943748637	203.0234589	0.059424406	0.450157728	0.46992676	-8.986058158	7.12E-07	178.7070708	75.6231328	1.067141425	21.89672467	0	26.392599	0.630276504	21.14511838	42.40812	-76.3406
682	4233300	0.956186329	198.6954756	0.000208763	0.612093369	0.413844927	-5.95501944	2.816310864	78.43751475	168.0319372	46.77549801	20.37309261	0	38.024799	0.66081516	19.39986556	42.39948	-76.36294
684	4237962	0.978146704	300.5274025	3.74E-09	0.488396538	0.056169482	-4.914999922	3.703437522	154.3751609	72.12996156	93.7518147	15.48229398	0	38.851898	0.759458828	15.30044195	42.84873	-76.16095
685	4245200	0.994563519	390.4218963	0.175015914	0.402496406	0.378745616	-6.369995549	6.012518108	122.6690826	40.6124618	199.9998858	20.6975015	0	32.8274	0.663758736	20.70678219	42.87014	-76.06147
687	4256000	0.918176738	305.9483954	6.25E-05	0.156696524	0.375112369	-2.757300976	9.99999738	253.12446	1.664301855	71.46994502	23.37970631	0	89.746696	0.713526316	23.13526069	43.80118	-75.13719
690	4268800	0.891819543	364.0356849	9.74E-08	0.023371827	0.421221955	-3.074719353	5.956132693	256.2784672	102.3179976	48.8048279	21.95376757	0	171.391998	0.638385791	21.99174369	44.47095	-74.54534
691	4273700	0.995535803	706.609291	0.58177394	0.028121165	0.972166901	0.483476404	6.674470744	745.4731527	199.9999973	1.000000928	9.286028937	0	65.580497	0.775549771	9.229333773	44.61399	-73.64929
692	4273800	0.982091368	509.026811	1.74E-08	0.676895845	0.712342261	-0.961794253	5.332577576	252.5296967	98.38602638	63.03168048	7.858005941	0	68.307601	0.787344275	7.880274529	44.54485	-73.59473
693	4276842	0.974685993	314.0251901	0.30395436	0.019270101	0.337135745	-2.800000065	7.698871869	165.58491	66.40082572	199.9999634	18.04563667	0	52.0228	0.799237433	17.60576524	43.90332	-73.53913
694	4278300	0.969099067	395.7292332	0.073878285	2.18E-07	0.578070749	-0.519984996	9.999966053	221.4968291	29.52377257	73.34902163	25.51698292	0	22.280399	0.704519358	25.42047652	43.69083	-73.59948
695	4280350	0.935256275	340.1400841	0.085211255	0.104332554	0.55461821	-5.11994287	9.999969897	141.072969	147.2936706	82.35518889	25.1491594	0	69.803199	0.662619502	25.44251147	43.32307	-73.12156
697	4282650	0.992957213	244.8862135	0.407973117	0.645838522	0.277697673	-4.935125782	6.258069173	130.206351	16.46793751	121.6622103	18.68785841	0	58.259899	0.627092035	18.59741379	44.16597	-73.17101
698	4282780	0.9778073	451.3704403	0.328256838	0.005724686	3.76E-07	-6.209523199	2.718370485	462.9670222	168.7648612	1.000629345	18.6889086	0	76.789199	0.62792346	18.74230338	44.24553	-73.08902
699	4288230	0.833975045	415.2466847	0.002125609	0.317280905	0.66231618	3.030047001	9.977140064	324.1635611	1.078769296	157.2463554	28.5552247	0	3.828649	0.850907188	28.22489442	44.50446	-72.80398
700	4296000	0.98328233	598.7100177	0.121037255	0.653997774	0.708394303	-3.384992827	5.452389691	507.1757311	2.20433166	114.9935095	20.67798599	0	116.676002	0.705957562	20.46458326	44.73546	-72.33468
701	7030392	0.992826355	685.3710638	0.423909039	0.038089581	0	0	0	529.7548197	199.9994734	0	13.11614973	1	209.625	0.670398341	13.18385571	34.9319	-89.16809
702	7030500	0.989813122	783.0899781	1.96E-08	0.998125127	0	0	0	266.3457756	176.6455466	0	19.60708512	1	503.066009	0.657695595	19.67094333	35.05689	-89.15862
703	7290650	0.984036611	333.2095119	0.257557816	1.45E-08	0	0	0	88.10949582	111.4877865	0	15.01899966	1	652.018981	0.777796631	15.87877114	31.93708	-90.54917
704	7291000	0.987429492	419.1858788	0.327460408	0.013281415	0	0	0	273.5083056	26.80039314	0	16.49383981	1	185.055999	0.736128007	16.62933096	31.65059	-90.713
705	7292500	0.986097992	548.3088493	0.345360242	0.004999266	0	0	0	354.5691559	199.999919	0	11.97498863	1	800.421997	0.782940702	12.06920095	31.63267	-90.50362
706	7295000	0.983511559	485.1727114	0.042244543	0.557699477	0	0	0	249.8350865	20.60197436	0	20.34873591	1	180.147003	0.668283885	20.63802168	31.17096	-91.18474
708	7375800	0.997466294	659.9077491	0.28700941	0.236499911	0	0	0	1.000042962	127.9113692	0	12.66001508	1	87.850402	0.825666205	12.66949243	31.04567	-90.64283
709	7375960	0.992068245	606.0960514	1.01E-08	0.531438485	0	0	0	6.353730575	123.6480348	0	21.15991299	1	220.136993	0.741663457	21.31382085	30.91593	-90.65894
710	7376000	0.993618128	722.1881881	3.52E-07	0.53168538	0	0	0	1.000010441	93.61584942	0	19.23688091	1	251.583999	0.728608311	19.38468612	30.87804	-90.65764
711	7377000	0.993450505	452.8104593	0.369915326	0.028256578	0	0	0	334.346462	199.9787204	0	12.73147506	1	588.924011	0.805346172	13.02662216	31.16553	-90.8063
712	3250310	0.988530645	338.3675764	1.89E-07	5.63E-06	0	0	0	200.4157499	30.3411453	0	14.55984001	1	1.67804	0.838739509	14.36274693	38.25053	-83.55106
714	1031500	0.908944221	312.6886886	7.25E-05	0.523618824	0.107427973	-3.348999711	7.853015382	267.8730412	115.9962742	21.73315271	26.74531512	0	296.928985	0.827287317	25.75391123	45.23542	-69.58003
715	1047000	0.872387415	322.5043403	8.03E-06	0.163536877	0.204930262	-3.524936679	7.423025796	283.729123	87.25331037	34.14029242	25.54443904	0	351.002014	0.84007989	24.52796909	44.9879	-70.1614
717	1194500	0.949268229	377.9628281	2.99E-09	0.778518823	0.557071821	-0.214999946	9.999999966	53.65319737	150.2895726	196.6600648	26.86399611	0	22.45	0.83917122	26.70543178	41.47902	-72.28482
718	1195100	0.995358152	392.983096	0.492530298	0.948691073	0.251195763	-1.080000001	9.998977288	274.582922	1.000000584	128.633808	16.38675666	0	5.72908	0.887226717	16.51941987	41.33195	-72.54846
720	1208990	0.991938591	370.3387677	0.119416767	0.564510351	0.208670978	-9.99865259	9.755665552	287.4308029	78.53216813	1.00017927	20.7518524	0	20.7616	0.814869834	21.06547723	41.3245	-73.44199
721	1350000	0.94333068	474.9620112	4.78E-06	0.312973491	0.00383849	-3.75265083	9.032278126	182.4718478	43.08640157	184.2216292	36.0677947	0	236.492004	0.706730553	34.99709399	42.2566	-74.26754
722	1423000	0.948861904	326.3826739	0.000345828	0.574781687	0.269460158	-3.92363771	5.016802254	227.8831164	124.1381603	1.001784552	27.95721195	0	331.923004	0.673154037	27.69508919	42.28888	-74.87718
																		
																		
																		
																		
																		
																		
																		
																		
																		
																		
																		
																		
																		
																		
																		
																		
																		
																		
																		
																		
																		
																		
																		
																		
																		
																		
																		
																		
																		
																		
																		
																		
																		
																		
																		
																		
																		
																		
																		
																		
																		
																		
																		
																		
																		
																		
																		
																		
																		
																		
																		
																		
																		
																		
																		
																		
																		
																		
																		
																		
																		
																		
																		
																		
																		
																		
																		
																		
																		
																		
																		
																		
																		
																		
																		
																		
																		
																		
																		
																		
																		
																		
																		
																		
																		
																		
																		
																		
																		
																		
																		
																		
																		
																		
																		
																		
																		
																		
																		
																		
																		
																		
																		
																		
																		
																		
																		
																		
																		
																		
																		
																		
																		
																		
																		
																		
																		
																		
																		
																		
																		
																		
																		
																		
																		
																		
																		
																		
																		
																		
																		
																		
																		
																		
																		
																		
																		
																		
																		
																		
																		
																		
																		
																		
																		
																		
																		
																		
																		
																		
																		
																		
																		
																		
																		
