0
20.5267649923168
18.0947790924885
13.0082414243127
6.54531544415957
5.06002433234842
28.3088554140599
19.194462165104
21.7819779877853
17.3148452632529
51.3546419501807
29.3069600452213
38.8023356800035
21.650695688551
20.0606534719805
19.2644989587592
12.9156359784346
14.6626340065397
10.9173943291538
29.3593210099201
45.9065991296559
26.9903007220609
14.7730742208538
25.4458244607478
61.5590014121415
54.7041366590861
24.8022236638462
12.2536577555638
22.6462576867757
39.036981307246
7.08793882988657
5.07250410948608
9.31461940679792
17.2514626607926
38.4258286452765
56.5913382438892
30.2122665026779
27.2606099484042
28.5231403872754
28.7500357889353
15.7225489844911
9.08947882433868
11.2873487057863
8.21916467235615
20.755535168
26.088641465937
10.3297076361081
15.4033684318399
46.2080633422575
34.1043573742661
46.7176580443165
26.8768848575122
25.6347812209162
38.404858678409
66.4649159078291
76.4808826941554
18.4206654616906
17.9229656441484
15.8731406360898
14.3863469311422
23.8726421686248
33.3450757815601
69.5974640009059
41.1780060720083
18.479228716266
46.9645197765808
22.1794424333346
11.9813215577652
18.2945657699032
12.8943944148578
13.330247679267
21.9125343275243
57.6650498096435
33.9005896461031
24.0260597944138
20.3168893183447
8.69009008082068
4.69219150822217
33.7705641617711
32.3073752512482
13.8123603705089
11.0654084968381
7.64970006352697
9.14217298306082
20.333201800871
50.8730984154188
62.033498498386
35.2818518567787
36.0689853319429
29.2097779746931
12.3855478255246
21.3065699356978
47.2352834086073
11.8897305142077
17.9166707269794
20.4029965986577
23.9073397524728
24.6690342414505
15.5964577478675
9.49288242338045
23.0879511635598
19.8026027934924
16.4145916624554
11.5355522967845
5.74034059783267
8.79846479689646
55.8247212408277
35.7119768703806
35.3615002427778
62.0177951365933
22.0444815385997
28.9358629976194
14.8918628926608
16.4428396207625
28.1282603750881
17.01387415423
13.1955648195533
22.8015209173924
43.3914497964286
34.8454773598577
72.1849654786332
38.7010134760598
18.7285290790824
35.1235373977211
39.8331021533689
68.8451301999748
38.298920811762
26.4363024669791
34.5441680538079
32.6815680498439
31.9294539520312
39.3790498358379
40.8548751129868
21.7484359434088
15.3321514266346
6.54504952759461
3.75777393661354
2.80123328826348
11.4774256855999
7.26943055679951
21.5057260179074
18.49909013974
18.0125427860196
25.4175739154299
58.2786022364101
78.7035187174712
24.1894799995816
9.59912607567987
4.95724837324268
2.42821987233414
6.04381364435022
6.62311050070242
7.26517763350432
11.3221598511789
19.0965344342614
23.8533592562138
39.0672171231337
16.417319290228
7.74841418668349
9.38674407715906
9.69733856363273
2.31084918062652
30.5940301264911
17.2210547183348
16.8793114477342
28.0404723978905
54.0893952107664
25.0747603971233
30.5667851300383
56.1540657886237
59.5265384560139
34.0394241514966
5.61851185115875
8.86235223315992
31.2568929358093
15.6233985083803
10.9330076004244
39.2936732629112
20.5011388216273
18.1876381807839
26.2163030721152
89.8584045237357
35.6790206557101
26.9257667561638
26.6006892201517
47.731552696668
43.58917034019
14.3032102336945
9.62367861147429
21.5054627183664
14.5674904149867
36.3663518069588
61.4315782498658
23.4025463542206
18.5589778658049
20.1489567785286
18.0398645554402
44.7795639346918
13.780258667839
18.9070339064349
21.7462430932633
16.8123445419241
12.6362924783152
15.5979366572215
18.9154936866283
64.2742720868551
102.247525460968
58.8739916300867
17.5905142319193
30.8712118457413
8.09442421928558
28.3719727805581
28.6180240326327
18.8322885886003
13.813680632974
12.9170497428995
24.354121401196
46.9893032075468
25.7111995341818
42.1092211998552
31.0669173410112
24.8941219298421
22.3143234339284
8.0264231016891
29.798198534014
23.0932191268217
14.1737430803333
17.3514279733266
55.3595337702763
22.2887649709399
42.5953330078405
15.1058379324798
15.0941561839431
12.5446447003818
12.8074226492264
6.99577757509187
8.85457122293453
15.6564709928181
10.9777612508027
9.91994235158538
55.340040876946
58.3907936383997
40.8983704145833
29.0132250189259
15.5641019702104
47.7638979699853
49.3055655062257
62.0757579205044
45.088118534325
42.4068311204208
18.6976778249593
18.5126579051055
48.1454998600926
47.607164165935
26.2177140321005
17.453248054137
10.7450073056216
11.0484944134225
19.4932490067437
22.4912500179203
32.269375178503
22.0678831093759
16.4035563637531
26.0122878011256
37.915899965561
40.5520261965736
16.5104932826162
7.69830629947751
10.2820639572391
19.2530199870638
31.4121963872831
49.1459312785815
17.6270872934587
37.6955264764235
38.7339738732789
27.1133718206218
77.4739658835079
31.2044558608148
16.2922175487249
57.8170575030617
46.5092663751757
27.6285829647757
37.1447633085289
41.3174478929691
17.2684076896206
17.4001116344057
35.4252729252133
15.6763994603692
21.0281659774608
8.2470649704535
22.5499307569403
33.5543517766173
16.6634268043995
13.688692453513
15.6648015048022
18.4056882496138
39.6429020993075
22.9228596586633
15.0870433164406
42.2494234676021
38.959687139262
86.8066233945725
44.7582987682907
9.80672798289958
10.9848551298174
3.56659925662597
28.8137980357754
28.6652303556668
46.2213169314946
27.3364746214063
20.6123138873571
14.3761135489738
60.3372091657336
24.9131526461389
19.5438279123042
9.46432644175557
10.237408826535
3.68328024465062
2.2085893594403
9.8530024026426
8.10127124891219
11.5218783635428
7.96018741056635
27.3515352873662
47.909160912089
89.1723035879352
56.8458686257198
16.0884402534679
38.0827826277072
17.2374188373325
17.8355350339179
77.2371278616011
21.954464585265
30.7037966940544
19.1023529618474
23.8363269896331
33.9865615493909
24.9298474535367
41.6559265457869
33.0843172863603
16.0106041796586
6.59546898042458
19.8050320559329
6.60415430917499
9.59150277551307
14.7781078938149
17.3357484461479
37.4759443776858
29.0806422822655
54.304791957965
25.6904031272519
25.3669589723883
58.4040312660945
33.390355843237
10.3934530983679
9.95080051997835
4.41523551851574
3.78305869702295
2.63018194344846
5.69254612733911
31.7997576194546
31.4958407384946
33.2792445973062
49.2690920460674
34.1012229202929
19.6565173408775
27.7344405545038
39.7051178794956
35.7148086334371
45.1794865795414
41.5838008526622
21.3312821254738
30.1436012523603
34.0797778384542
45.780624049362
40.0316625982072
25.0198378881364
15.0207520250683
100.894317469837
20.9510807829584
8.35856279150941
24.4679097251865
21.6508412769858
34.2472297465226
30.0355454214117
15.6951709093285
19.6983278732516
47.4678212380522
39.7168717239587
44.8605852199708
10.398090249589
39.7930478257233
30.8349153220261
17.6927058327324
25.7046598121071
23.8022342501415
32.1775223384981
22.2584626495874
14.7891331098966
47.176466843948
27.3064776164803
18.4435088850521
9.39401990536112
11.8974560952874
24.8621341543761
14.3948079961499
15.9773004682047
29.5248829174098
45.4490034476744
10.2774979180598
19.4051881919896
18.4032845272162
39.1453096372452
65.6290620940447
16.2966071109087
8.32378821890585
14.7172538524864
16.8975269355224
27.3242338555568
22.2358715542352
34.3797489995345
21.8142906052829
11.8429105619032
6.52201804134091
5.93798966680503
14.1095855853628
13.2621060841115
36.453688362085
26.4977558093339
19.8152930051495
37.2348565721394
59.4133841050258
83.9778661110163
30.0489799705361
18.1974697822575
12.9582120850083
11.4252317332115
18.236319416942
24.5134752715864
27.2682634252191
23.2973073211814
13.4623403002553
17.9892451856938
24.8340998734019
39.6860010042506
60.8017837261768
15.9903820878196
37.3458793935683
33.0824429660655
29.2356811266181
9.96712384009061
13.7117067974249
18.419778912795
37.5902650757989
31.1030085690092
48.2990136340869
43.4962018947403
57.7147021009331
22.6486971432857
23.2769435778719
13.2207031361546
17.4985461908199
10.5466735430738
13.0107942193467
77.7103719179835
77.4427176978553
37.5102502011775
36.9288597072999
33.7649675215457
23.6916917891307
25.0398870134435
7.46034096664464
5.70445674016846
11.7137314160729
7.52698085126905
3.61596598353218
19.6863711911136
11.120802790756
19.5711872248888
31.7415584386603
35.4905110414206
35.40628181082
36.148568809329
23.6470506175588
18.4764121983027
12.8056630387683
4.61458867961342
2.66030420716428
37.8848620248952
50.0632396847754
36.4575607541017
19.5220548337448
33.2247567430516
17.3163498974902
16.912279485412
18.0441316839489
25.1321284208465
15.842951397128
4.38339163065941
6.04113283044372
11.6760367805089
40.9549906238476
15.8991823979969
50.1593719112673
75.9759358102197
22.3798168172479
19.4183889951749
17.8583339886549
11.1898295222238
9.5657969399457
12.1157714037785
9.98422007875941
7.72396774385331
7.21457804068252
25.4280174343474
86.1895486246788
25.2789470343698
62.8130742473986
40.2507304329072
20.2565432897418
18.1238607942427
8.38886560507673
8.34022394939902
4.64381656396985
15.9315938639446
7.32312327638354
8.83306047669291
11.8641452095079
17.3530049461581
30.4850532326008
23.1814705300231
26.8868376078337
28.0083557465048
13.8749205399638
14.0380910775043
9.06223898146088
35.105327735322
29.9996493107201
62.8055667034227
41.1832943587725
72.1717230858167
79.4594493539713
17.7102380340529
39.3224045214108
33.5892003010829
52.1800635253243
30.861643237341
25.8615516347482
37.7078658268347
35.2908916715045
26.7501858033678
32.8296931017851
23.4146302373002
13.7523531600863
40.7987422597398
33.4377182905609
19.4788438388034
13.4864031017054
23.9431490653929
15.4685790896071
9.20031047134479
39.4007548592837
35.0978405254247
34.1643781778572
53.1210589817154
32.854224603647
15.1093064362019
25.605147901649
16.2016074720298
36.3543373686777
11.9380989500251
15.4130735785033
25.5163488223012
23.7719560641884
10.9780766065059
30.7498920832496
9.90574765673537
28.92294400957
37.1702522434891
21.2241350235692
9.89012734808739
35.9974241242163
17.9173780686246
15.4614632104336
40.2868036078364
52.8888430774192
19.9721519088396
24.8066688000723
43.7543309736664
14.0271481519345
7.01206220488112
10.2048701293381
15.7581216556422
8.73321777153224
44.8790954586611
16.3370110289859
26.4172548003491
41.4239535475914
31.6690530116809
35.6434868682916
13.066103683975
10.5573969286165
29.9452173194466
26.2774982875671
51.1403018020555
34.7359621319931
34.3741456584341
87.7214178821114
17.0140981432619
68.9251068512537
34.1057313694863
20.4507652799062
21.0239528578785
12.4310361584007
13.0666180952698
17.404846009389
37.7638618826749
18.8675845785031
5.38668810424727
3.11850590428375
4.12792725638611
6.20105653695895
9.53859087145223
22.1636005373871
46.9791288643655
29.5178163916674
18.339725960582
13.0083931159033
17.0626025748527
4.99092893590506
12.1068483531897
16.1040768541839
45.7535008500713
41.2546469201098
20.1515380067271
35.5110545749901
42.5209958320744
28.1841277726946
43.9900020714772
55.8748528722755
28.5077049605075
10.4689592727641
34.8501469784521
27.0279360904698
12.5744787475166
18.9669076438482
43.5485863171975
37.2022472579205
52.8327368531406
69.7755817861123
35.1764240882266
32.8178599249924
22.5540153523134
16.5596761275341
7.09899772879627
3.51340240211414
8.61692269469036
9.0409149138684
31.8480561282872
33.5590472304375
39.0709968328265
57.9780802207996
90.7767843788199
39.5989537399674
30.6841231735692
50.485529623326
50.5001858766476
50.2534742943604
16.6920629539757
10.7046266107869
21.6237490002148
11.3293329328653
55.5013973035008
53.6862957651964
66.2592071885988
28.4291800055818
23.7329816803017
16.1642890284743
10.5853017960737
6.13840787728782
14.7579809947303
10.0283256559024
21.20085926635
32.9630773683851
84.8010326950895
25.7639482931187
21.8037532492839
16.2289527501568
30.0541604776473
16.9219367015516
64.68622602706
111.088964138248
23.3812156698295
12.1730285651343
26.0122989053877
17.7985641569856
29.6839850602234
25.7378208628933
25.7164721216829
79.8585873087186
25.831905769593
28.4530463744989
24.6947537761403
31.4684679620477
15.9895130403883
11.6845985175224
16.0792510339891
29.6810652336454
9.80086389687846
12.9786839780257
11.7333266522081
16.0161270662712
30.1544431775433
21.6329719001031
79.9673228627522
21.3707030359038
24.2767323281601
19.5671732743503
11.7909579441627
19.6630968008557
65.8325395841804
53.59772879118
24.3311703013905
105.925863626458
42.1182165400409
24.5214243299211
14.8735014221454
22.3514448529829
20.3503084466499
41.2798818127392
54.9013167887964
54.9303648135716
84.3311113789185
86.5499643990338
30.8392832156311
37.5608993409703
36.2191724806679
26.8340605401914
40.6289703635331
53.0619412928942
58.0127620059722
57.8417773618452
24.5943916979376
30.5363193632698
27.028087270625
33.5963834762844
17.5321204778117
10.7060089862699
5.03238934579124
22.7736471872199
17.0811717176203
15.8002739864929
13.8467610456217
8.21655463678399
22.7176596964694
25.2439499157702
53.0174762877432
22.2128803412916
13.0085386461922
10.003232062304
5.8499646470172
4.64112425202469
4.54927127003711
5.20248589522719
10.7021964081245
10.4777652628131
32.1385384280936
30.2756431590437
24.4875958690971
16.9433471603068
12.8004038818685
8.18603106164105
9.93707027542254
55.546592732019
14.0563928017414
7.57634733952911
24.5216979650073
44.7191948071128
31.9178111096216
41.2017450086087
58.1771319294594
29.6046626002913
26.5217678514317
10.8968522230941
9.86692910998925
6.40852279663244
4.61433386071234
14.4237601815397
32.1296599008077
37.352461342904
35.8783013680058
17.3492948391401
23.9729423434283
14.751474779218
22.3415438971659
14.4573117017641
13.7728072114243
8.63473825765661
55.6617422047155
26.8653032280157
67.4478854131614
38.6981707712353
39.8899416860368
42.3797747010769
31.1646909922496
19.5644065148959
37.3223264171195
41.0029277517146
6.52823561409232
3.95552951363498
2.96797602017391
2.9379238507788
13.3151196197366
12.380206231965
13.1239308457486
20.8984314273702
25.5989623979866
30.7875327338392
41.8752716143654
16.7479442198444
12.3747708746923
6.05384685236931
9.6543229399994
10.20707751188
3.18456317134287
18.8818326296366
13.904487851155
19.3545470073979
40.7509896551452
44.352218068878
33.4686367068173
19.778105004662
11.5219956402867
12.9405317901269
10.9360623856926
7.40187477234312
6.78370310206032
8.05015704514906
11.0345058791488
26.2250526446154
27.9138406757206
32.1555509921071
29.0642341452102
32.0217264023967
25.3333234571447
31.4161239554743
10.9264271168444
11.4248011700029
7.16274550575594
9.63347188016341
17.942201449306
30.2996016413291
29.4290878361904
86.9243938071576
26.4517218968891
37.1238619856614
29.3278752694994
77.4294861099519
18.4568801289206
18.9155998793189
18.6816152812549
49.030210206514
22.8411954175384
15.9729511672413
35.9705117047698
21.7393690412096
14.8753921553327
12.589938489395
12.4417047901
28.6852431422616
25.6711597514534
9.93097313211326
12.6000911101554
9.07108061635365
7.20134249119481
35.8245721275026
47.1924837526547
36.3901802968268
19.6380024566979
12.4566752603494
15.2010865324672
23.1559362845811
32.2345667181394
12.7018687187741
18.5958185107785
14.5087117435593
22.0662679713579
49.8100211568773
42.4096250431756
32.2349115311202
19.0442065356269
9.13933575460817
15.6241291012346
13.6440067731568
23.5952341703357
21.6619256831089
15.0324258127957
9.31079590017299
18.5342814055334
17.1991974626879
38.4586716382211
17.2804737192675
18.1688156356049
34.2772839415519
17.5876530577808
13.7548317784791
15.5445930998721
21.6219966123085
28.1113694613719
40.1026069633326
34.5961482659842
18.0208040762886
31.0574700844659
33.182341035263
32.0409845672505
28.4355068578943
23.7852994712769
28.6317857894197
11.2613810570785
20.9497482684331
38.9093072786373
43.7943235040836
24.8119860591404
29.0659743866534
27.8989748118726
19.3072927679429
6.03950917027358
17.6543034463811
8.54763597757669
12.0774501041542
13.1448163107093
20.133660401147
14.5758697182916
13.0788758931686
19.7192346868551
15.7171158971774
29.1472763069225
28.9071852904212
39.0300042060206
16.3029159052812
16.3385682619047
10.0045206294611
8.77870675440349
8.91965572039389
3.8430598529538
5.41318576510636
29.2757917180174
22.6343973885988
46.9440814028804
56.8805073394214
31.6956627922826
119.641562498562
13.4964942025881
16.7843156960933
9.45886795793983
13.2205211638824
11.2261196947479
19.0473969328277
19.183355978231
23.0885759554863
46.651930528852
29.0261799572842
40.4225464941716
22.0915599186057
14.6588378915843
65.5186779643557
21.8391507014588
9.91505891635599
7.72662883761764
35.5502226243685
18.0533929141808
26.3401035342832
53.2651262856724
29.5411662934153
19.0323870328424
29.8520827775779
42.2390553319706
32.1074461981526
179.321629329042
67.8482416509077
42.1209628945009
21.874690462137
29.0964032175295
56.5495216970163
34.4587930649317
27.185781068796
34.645338042831
13.4981662362116
32.4625163383733
23.1770934887638
14.3448842745313
4.78044677042138
7.65276284263167
15.6863976434359
28.3349292767318
28.3896261379446
97.0075564567866
29.219098907997
44.8853143349012
54.3832768166178
34.4271637572348
41.6413152826932
66.9285368928189
15.1480089851466
12.9673468711079
29.8498809632204
23.8901591326859
29.2548003256993
57.8785666911548
21.1982242660214
17.626279703273
10.9605189448827
36.0410416490044
39.8900298241375
31.5036630858053
14.9568335440254
16.1794219306309
9.89933454136277
37.7265127884286
30.6014981303453
40.5327588494598
38.2999626324163
30.7959986832234
41.4725592757633
49.2785022899993
18.1488487435849
13.5916072453598
11.3482263210571
5.46765287136452
8.55451443141764
27.4384688395793
31.4200955745143
62.7681610755074
15.6724058264487
31.7481033486633
24.0365030473678
17.6275436897531
51.7923250162418
24.9547574475951
11.270142887121
18.521008816679
26.0532895055178
74.6549923243148
52.6451666216593
52.103832179352
13.7823515007365
22.1389621448285
13.7973551138833
10.0502696062693
89.8861245858432
58.4636182253461
141.509176659652
61.7900049177336
74.4376162802064
27.735101380212
22.5039915526613
26.4801427583131
14.9785483793419
13.2527629498768
12.9764447060608
9.48608294347443
9.12654272303859
66.0803226330894
22.741044115437
34.5487527233699
20.1424655197108
26.9245977829444
17.4485780657218
69.085117962629
29.7383747526759
8.94816321105276
9.34913528107467
12.4246790612866
7.1398893378361
15.0037605514514
20.2254576688712
22.5624285800624
21.9332806394444
19.6024028953439
35.5458727039927
50.6651714768685
18.1042376844588
13.0397343700978
7.18620502593326
14.9988688665797
6.87728963041212
30.6149554874483
35.0722318382997
39.9143109002274
27.2835492995647
54.3793118436168
18.4099736175784
22.1256948315394
23.8440787148514
19.424431844296
19.0906782603463
16.4435004585879
30.6823270672045
11.6578334584379
30.7771046554144
9.29640839619869
17.3478321512097
17.7136937244506
13.1295991984855
33.6953286449624
20.7443025094032
33.38227951922
17.7700708406778
12.5416098055788
14.8095078950294
21.9180171735046
7.12363714830427
9.79841398381579
7.1652591261278
38.8951519484936
77.2940162014345
32.0093592958369
34.5735975632834
35.1154314148263
11.6233597243408
13.2050948263581
5.16629131827018
3.54523468666911
18.4910869695683
5.66324921361965
9.49989419563027
13.8263822795052
49.3968211642913
46.9129281012175
29.5236076485359
48.4145151925065
18.1511904557292
7.87739020496965
6.38710844088078
3.39383085551751
3.59967531524229
2.48205911151102
2.68258937886576
4.82317911950626
5.5651775795733
14.7982249787451
23.1398688552132
26.1072293957815
27.7732430073823
29.7751593624535
19.2873549785505
5.87076476281229
2.73078681305356
31.752593404992
28.092370538348
22.6919671026332
25.2354469861193
51.0460290168092
75.3698977332177
87.3464360696626
32.2375392537326
32.0583487503543
8.49499576511663
65.9176538058553
49.1413353173284
25.1755537366437
21.3081642077918
37.1948987498704
42.6662280579271
55.4864429499112
67.7224507105425
33.4485639488206
30.026550708743
25.2709992243025
23.6949768538564
17.759200267863
68.6148000152268
54.3152771682946
56.2900617711979
23.5706296864111
43.3676436630135
NA
NA
NA
NA
NA
NA
NA
NA
NA
NA
NA
NA
NA
NA
NA
NA
NA
NA
NA
NA
NA
NA
NA
NA
